sample_id,path,label,split,source_dataset,generator_id,official_split,project_split,real_source,model_name_raw,canonical_generator_id,architecture,generator_exposure,sha256,phash,selection_seed,source_revision,source_file,source_row_group,source_row_index,width,height,format,byte_size
cf_test_external_seen_family_aigi_004808f0074cf1a0,test_external_seen_family/aigi/cf_test_external_seen_family_aigi_004808f0074cf1a0_000804.png.png,1,test_external_seen_family,community-forensics-eval,hourglass,test,test_external_seen_family,,Hourglass,hourglass,PixDiff,family_seen,7095b73bbb6485492bbcad6b2995d39aa254ce0914f8b3508419f1df7dc227d5,b5656a9ad4c1eb50,20260828,7d4a74a88d2cac93b513c0853bf92c260eaceea0,data/CompEval-00154-of-00413.parquet,4,14,256,256,PNG,92358
cf_test_external_seen_family_aigi_0067908e0484987d,test_external_seen_family/aigi/cf_test_external_seen_family_aigi_0067908e0484987d_000528.png.png,1,test_external_seen_family,community-forensics-eval,decidiffusionv2,test,test_external_seen_family,RAISE,DeciDiffusionV2,decidiffusionv2,LatDiff,family_seen,024cc0d75088c265730419d26c4097ebb51cce3c11d9130f2e38478a127a8b30,ddd8e34c1a239c59,20260828,7d4a74a88d2cac93b513c0853bf92c260eaceea0,data/CompEval-00311-of-00413.parquet,1,19,512,512,PNG,432709
cf_test_external_seen_family_aigi_008ea3b7afe25520,test_external_seen_family/aigi/cf_test_external_seen_family_aigi_008ea3b7afe25520_000054.png.png,1,test_external_seen_family,community-forensics-eval,kandinsky-2-2,test,test_external_seen_family,RAISE,kandinsky_2_2,kandinsky-2-2,LatDiff,family_seen,ff3c411095056bbc83a66a35d8db8f318c3a492f5970164fac2585a9e901c604,dbc86726821ddd25,20260828,7d4a74a88d2cac93b513c0853bf92c260eaceea0,data/CompEval-00245-of-00413.parquet,4,12,768,768,PNG,697196
cf_test_external_seen_family_aigi_009f75b3a0934aa7,test_external_seen_family/aigi/cf_test_external_seen_family_aigi_009f75b3a0934aa7_000684.png.png,1,test_external_seen_family,community-forensics-eval,hourglass,test,test_external_seen_family,,Hourglass,hourglass,PixDiff,family_seen,918a067dade83db01f3a0d566217af9d65edac12470cd46555fb9de388d276e4,b333b54acc27ccc8,20260828,7d4a74a88d2cac93b513c0853bf92c260eaceea0,data/CompEval-00157-of-00413.parquet,3,21,256,256,PNG,56262
cf_test_external_seen_family_aigi_00e6322cd4d09c1d,test_external_seen_family/aigi/cf_test_external_seen_family_aigi_00e6322cd4d09c1d_000641.png.png,1,test_external_seen_family,community-forensics-eval,decidiffusionv2,test,test_external_seen_family,RAISE,DeciDiffusionV2,decidiffusionv2,LatDiff,family_seen,4a1eacae9530cddd6d350b37a1bb628f5562a9e9b8d2cf39c5d4b3c41dcda36b,afd01079516e77c4,20260828,7d4a74a88d2cac93b513c0853bf92c260eaceea0,data/CompEval-00317-of-00413.parquet,4,9,512,512,PNG,329570
cf_test_external_seen_family_aigi_017cef348a76f6f7,test_external_seen_family/aigi/cf_test_external_seen_family_aigi_017cef348a76f6f7_000800.png.png,1,test_external_seen_family,community-forensics-eval,dfgan,test,test_external_seen_family,COCO,DFGAN,dfgan,GAN,family_seen,0d5d9961c5838a6874fc33634d9fc8ec7e4a2966a224c663853ea6962ae441e8,9917c66c4b4b694d,20260828,7d4a74a88d2cac93b513c0853bf92c260eaceea0,data/CompEval-00000-of-00413.parquet,2,1,256,256,PNG,134332
cf_test_external_seen_family_aigi_01c84f2a81b92d35,test_external_seen_family/aigi/cf_test_external_seen_family_aigi_01c84f2a81b92d35_000957.png.png,1,test_external_seen_family,community-forensics-eval,kandinsky-2-2,test,test_external_seen_family,RAISE,kandinsky_2_2,kandinsky-2-2,LatDiff,family_seen,4067d9f1431054571ffd829db77d1829f77146fc79e3c8705cd71d36ffa74cc6,a55c2b6754ab9835,20260828,7d4a74a88d2cac93b513c0853bf92c260eaceea0,data/CompEval-00242-of-00413.parquet,4,3,768,768,PNG,1050408
cf_test_external_seen_family_aigi_01cd129f92cf802e,test_external_seen_family/aigi/cf_test_external_seen_family_aigi_01cd129f92cf802e_000978.png.png,1,test_external_seen_family,community-forensics-eval,hourglass,test,test_external_seen_family,FFHQ,Hourglass,hourglass,PixDiff,family_seen,099ebac012f97b8872d6c1a29c490c554a75e134ef65918583d1c43c12dca8ee,9a9029a7378ed69a,20260828,7d4a74a88d2cac93b513c0853bf92c260eaceea0,data/CompEval-00274-of-00413.parquet,3,11,1024,1024,PNG,1188991
cf_test_external_seen_family_aigi_01d4403e2e078a7e,test_external_seen_family/aigi/cf_test_external_seen_family_aigi_01d4403e2e078a7e_000385.png.png,1,test_external_seen_family,community-forensics-eval,lcm-lora-sdxl,test,test_external_seen_family,RAISE,LCM_lora_sdxl,lcm-lora-sdxl,LatDiff,family_seen,1ce866bca5688ab617e0000e303d97804d9913dbcd5977f781cce4f960fe71ed,85e470d9aedf0e0c,20260828,7d4a74a88d2cac93b513c0853bf92c260eaceea0,data/CompEval-00057-of-00413.parquet,3,7,1024,1024,PNG,1679378
cf_test_external_seen_family_aigi_01e00d485929f30e,test_external_seen_family/aigi/cf_test_external_seen_family_aigi_01e00d485929f30e_000029.png.png,1,test_external_seen_family,community-forensics-eval,decidiffusionv2,test,test_external_seen_family,RAISE,DeciDiffusionV2,decidiffusionv2,LatDiff,family_seen,90b5ae2abc169d01e4e09e272734eb6a5240fc02a8b7da130ef6678f871ea37e,f4fc596166a6f101,20260828,7d4a74a88d2cac93b513c0853bf92c260eaceea0,data/CompEval-00314-of-00413.parquet,3,6,512,512,PNG,457047
cf_test_external_seen_family_aigi_01e3e86af48d1ebb,test_external_seen_family/aigi/cf_test_external_seen_family_aigi_01e3e86af48d1ebb_000214.png.png,1,test_external_seen_family,community-forensics-eval,hourglass,test,test_external_seen_family,,Hourglass,hourglass,PixDiff,family_seen,481ef276a4b949a522a937599d28232ead24baae1c57f4808f770a44bf9edfda,a698c9366936c2ed,20260828,7d4a74a88d2cac93b513c0853bf92c260eaceea0,data/CompEval-00087-of-00413.parquet,0,7,256,256,PNG,98265
cf_test_external_seen_family_aigi_0255ba780f6f99e2,test_external_seen_family/aigi/cf_test_external_seen_family_aigi_0255ba780f6f99e2_000820.png.png,1,test_external_seen_family,community-forensics-eval,dfgan,test,test_external_seen_family,COCO,DFGAN,dfgan,GAN,family_seen,b3488fdd0c1b0dbb5e898e195705ef24bce873dab53ae73a06a38d2479955b53,8de8d297a2571ae8,20260828,7d4a74a88d2cac93b513c0853bf92c260eaceea0,data/CompEval-00007-of-00413.parquet,3,24,256,256,PNG,115797
cf_test_external_seen_family_aigi_027324a2ff2f655b,test_external_seen_family/aigi/cf_test_external_seen_family_aigi_027324a2ff2f655b_000476.png.png,1,test_external_seen_family,community-forensics-eval,galip,test,test_external_seen_family,RAISE,GALIP,galip,GAN,family_seen,34c083fe0b6468a4fbdfedd9061b29110cb995ebc3c31ee0fea1cea161ca9ab6,9408e4c61f7dc78e,20260828,7d4a74a88d2cac93b513c0853bf92c260eaceea0,data/CompEval-00120-of-00413.parquet,4,21,224,224,PNG,112122
cf_test_external_seen_family_aigi_02ef92799274da1f,test_external_seen_family/aigi/cf_test_external_seen_family_aigi_02ef92799274da1f_000808.png.png,1,test_external_seen_family,community-forensics-eval,lcm-lora-sdxl,test,test_external_seen_family,RAISE,LCM_lora_sdxl,lcm-lora-sdxl,LatDiff,family_seen,db8a06052a15c94c6809c0e461bc04aa26bdc90e2a0bb212564d8af480639640,b1478fbb9606838e,20260828,7d4a74a88d2cac93b513c0853bf92c260eaceea0,data/CompEval-00057-of-00413.parquet,1,14,1024,1024,PNG,1675088
cf_test_external_seen_family_aigi_02f27bcc25aaff7f,test_external_seen_family/aigi/cf_test_external_seen_family_aigi_02f27bcc25aaff7f_000695.png.png,1,test_external_seen_family,community-forensics-eval,decidiffusionv2,test,test_external_seen_family,RAISE,DeciDiffusionV2,decidiffusionv2,LatDiff,family_seen,444a36969198babc6bb466ddc2ca0e75bc46567730897d9bfa79413e453b5a7d,c1057df6527a988b,20260828,7d4a74a88d2cac93b513c0853bf92c260eaceea0,data/CompEval-00316-of-00413.parquet,4,24,512,512,PNG,486790
cf_test_external_seen_family_aigi_03159418f1ea66a3,test_external_seen_family/aigi/cf_test_external_seen_family_aigi_03159418f1ea66a3_000076.png.png,1,test_external_seen_family,community-forensics-eval,kandinsky-2-2,test,test_external_seen_family,RAISE,kandinsky_2_2,kandinsky-2-2,LatDiff,family_seen,363a43bf20c6396b74c8457800d20ae330f9c822ff56bd97384872c01e6aa60c,9770400f7f70d1d3,20260828,7d4a74a88d2cac93b513c0853bf92c260eaceea0,data/CompEval-00167-of-00413.parquet,1,6,768,768,PNG,521026
cf_test_external_seen_family_aigi_03e2191f4d801cd4,test_external_seen_family/aigi/cf_test_external_seen_family_aigi_03e2191f4d801cd4_000169.png.png,1,test_external_seen_family,community-forensics-eval,lcm-lora-sdxl,test,test_external_seen_family,RAISE,LCM_lora_sdxl,lcm-lora-sdxl,LatDiff,family_seen,4b8ee02d138e51d90716958441414434c6d58e3a966809c5ffdd05ab236419b9,b288c35c3acd53b6,20260828,7d4a74a88d2cac93b513c0853bf92c260eaceea0,data/CompEval-00058-of-00413.parquet,2,9,1024,1024,PNG,1359409
cf_test_external_seen_family_aigi_04200e7aa4b8cefb,test_external_seen_family/aigi/cf_test_external_seen_family_aigi_04200e7aa4b8cefb_000322.png.png,1,test_external_seen_family,community-forensics-eval,lcm-lora-sdxl,test,test_external_seen_family,RAISE,LCM_lora_sdxl,lcm-lora-sdxl,LatDiff,family_seen,7a2812d7c77a83df92543458ff94161da8242f22473b3a40278a0f9e658d3991,de8e886961c8ebe8,20260828,7d4a74a88d2cac93b513c0853bf92c260eaceea0,data/CompEval-00061-of-00413.parquet,1,9,1024,1024,PNG,1499467
cf_test_external_seen_family_aigi_046a0e6bd2ee0ee2,test_external_seen_family/aigi/cf_test_external_seen_family_aigi_046a0e6bd2ee0ee2_000653.png.png,1,test_external_seen_family,community-forensics-eval,kandinsky-2-2,test,test_external_seen_family,RAISE,kandinsky_2_2,kandinsky-2-2,LatDiff,family_seen,05ca7255951e9316bff63970733df4f21dffb46ce6169e8ff11cc9b38b5b170a,fa91c55e94611ba6,20260828,7d4a74a88d2cac93b513c0853bf92c260eaceea0,data/CompEval-00167-of-00413.parquet,1,0,768,768,PNG,633109
cf_test_external_seen_family_aigi_04cd207cf3148289,test_external_seen_family/aigi/cf_test_external_seen_family_aigi_04cd207cf3148289_000100.png.png,1,test_external_seen_family,community-forensics-eval,decidiffusionv2,test,test_external_seen_family,RAISE,DeciDiffusionV2,decidiffusionv2,LatDiff,family_seen,703fc2f23e92e07f72fd3402b035500e6fd22ee658caf48920fa233b7ca80811,d942de25b87e51c8,20260828,7d4a74a88d2cac93b513c0853bf92c260eaceea0,data/CompEval-00317-of-00413.parquet,1,22,512,512,PNG,502277
cf_test_external_seen_family_aigi_05019fa1dec5d0f4,test_external_seen_family/aigi/cf_test_external_seen_family_aigi_05019fa1dec5d0f4_000694.png.png,1,test_external_seen_family,community-forensics-eval,kandinsky-2-2,test,test_external_seen_family,RAISE,kandinsky_2_2,kandinsky-2-2,LatDiff,family_seen,a2c4eb92d1cc98b7effdd93699fadb89f2361ce437141a3144a9ec4b0360c4bb,b1824fd54cdd7d08,20260828,7d4a74a88d2cac93b513c0853bf92c260eaceea0,data/CompEval-00239-of-00413.parquet,0,20,768,768,PNG,834831
cf_test_external_seen_family_aigi_0521812200ef2ae2,test_external_seen_family/aigi/cf_test_external_seen_family_aigi_0521812200ef2ae2_000464.png.png,1,test_external_seen_family,community-forensics-eval,decidiffusionv2,test,test_external_seen_family,RAISE,DeciDiffusionV2,decidiffusionv2,LatDiff,family_seen,eb03c81c2ab30c2ac8c04f306491ff68e299e57a6241445b7216a56a77fa67a5,e67991862d5bd624,20260828,7d4a74a88d2cac93b513c0853bf92c260eaceea0,data/CompEval-00314-of-00413.parquet,2,1,512,512,PNG,490617
cf_test_external_seen_family_aigi_052773aef16ebbc5,test_external_seen_family/aigi/cf_test_external_seen_family_aigi_052773aef16ebbc5_000823.png.png,1,test_external_seen_family,community-forensics-eval,dfgan,test,test_external_seen_family,COCO,DFGAN,dfgan,GAN,family_seen,6596bb2385797bf33a6f7b063b5e6968f878e17d769755bcb9fbd5b1dd9b3995,f43b1a94ad6a5469,20260828,7d4a74a88d2cac93b513c0853bf92c260eaceea0,data/CompEval-00007-of-00413.parquet,0,3,256,256,PNG,113844
cf_test_external_seen_family_aigi_052b7b3139ae006e,test_external_seen_family/aigi/cf_test_external_seen_family_aigi_052b7b3139ae006e_000092.png.png,1,test_external_seen_family,community-forensics-eval,lcm-lora-sdxl,test,test_external_seen_family,RAISE,LCM_lora_sdxl,lcm-lora-sdxl,LatDiff,family_seen,d8152bbd957e5d97ab0f64a41f837019fa4f9287acdc15dd8114202c4d1cbb52,c383bc70965f23c3,20260828,7d4a74a88d2cac93b513c0853bf92c260eaceea0,data/CompEval-00059-of-00413.parquet,4,8,1024,1024,PNG,1664871
cf_test_external_seen_family_aigi_053b0763dbd71085,test_external_seen_family/aigi/cf_test_external_seen_family_aigi_053b0763dbd71085_000210.png.png,1,test_external_seen_family,community-forensics-eval,lcm-lora-ssd1b,test,test_external_seen_family,RAISE,LCM_lora_ssd1b,lcm-lora-ssd1b,LatDiff,family_seen,b0edb940f54013f121c6a2e841dc44b9befe5282cdfdd7f68b0d5e905401bcaa,c5a58f9a183267e5,20260828,7d4a74a88d2cac93b513c0853bf92c260eaceea0,data/CompEval-00193-of-00413.parquet,3,23,1024,1024,PNG,1390707
cf_test_external_seen_family_aigi_0543f9d99d0638c6,test_external_seen_family/aigi/cf_test_external_seen_family_aigi_0543f9d99d0638c6_000901.png.png,1,test_external_seen_family,community-forensics-eval,dfgan,test,test_external_seen_family,COCO,DFGAN,dfgan,GAN,family_seen,e025eb947402b7906410b87045bf1271f2c547802d7b536657d25696adfdd93c,eccddb6c92329264,20260828,7d4a74a88d2cac93b513c0853bf92c260eaceea0,data/CompEval-00001-of-00413.parquet,0,1,256,256,PNG,109327
cf_test_external_seen_family_aigi_0547add4a4d7347c,test_external_seen_family/aigi/cf_test_external_seen_family_aigi_0547add4a4d7347c_000728.png.png,1,test_external_seen_family,community-forensics-eval,lcm-lora-sdv15,test,test_external_seen_family,RAISE,LCM_lora_sdv15,lcm-lora-sdv15,LatDiff,family_seen,e95cb1dc01c558ecd7af5ced1f6ffc5aa7f39f00ce77174d03347a93d6feba3e,eeda117b93ec0c90,20260828,7d4a74a88d2cac93b513c0853bf92c260eaceea0,data/CompEval-00357-of-00413.parquet,4,10,512,512,PNG,236756
cf_test_external_seen_family_aigi_0562ea94744526e6,test_external_seen_family/aigi/cf_test_external_seen_family_aigi_0562ea94744526e6_000908.png.png,1,test_external_seen_family,community-forensics-eval,kandinsky-2-2,test,test_external_seen_family,RAISE,kandinsky_2_2,kandinsky-2-2,LatDiff,family_seen,ab043e1c9e8563b7cd06a0b531d75682fe35e02dc071cb69a92c5492e3472d25,98b6931276d435b5,20260828,7d4a74a88d2cac93b513c0853bf92c260eaceea0,data/CompEval-00242-of-00413.parquet,4,20,768,768,PNG,1131275
cf_test_external_seen_family_aigi_05c8345b45f13c9d,test_external_seen_family/aigi/cf_test_external_seen_family_aigi_05c8345b45f13c9d_000963.png.png,1,test_external_seen_family,community-forensics-eval,kvikontent-midjourney-v6,test,test_external_seen_family,RAISE,kvikontent_midjourney_v6,kvikontent-midjourney-v6,LatDiff,family_seen,df0216cdbedbc3a2962723074f21216736c1bca0c4a5313d7d731db66e4b4ac2,8cad6d4b98d2a66c,20260828,7d4a74a88d2cac93b513c0853bf92c260eaceea0,data/CompEval-00218-of-00413.parquet,0,0,512,512,PNG,523792
cf_test_external_seen_family_aigi_05c93787ca6c145b,test_external_seen_family/aigi/cf_test_external_seen_family_aigi_05c93787ca6c145b_000531.png.png,1,test_external_seen_family,community-forensics-eval,lcm-lora-sdxl,test,test_external_seen_family,RAISE,LCM_lora_sdxl,lcm-lora-sdxl,LatDiff,family_seen,afc2579dfe0b2bfa30c6f06eaa8145f35f5014327d09390d1c68d51e1812ab54,869c91364b1f30ef,20260828,7d4a74a88d2cac93b513c0853bf92c260eaceea0,data/CompEval-00119-of-00413.parquet,2,9,1024,1024,PNG,1557046
cf_test_external_seen_family_aigi_06844dec4d84dbdd,test_external_seen_family/aigi/cf_test_external_seen_family_aigi_06844dec4d84dbdd_000852.png.png,1,test_external_seen_family,community-forensics-eval,decidiffusionv2,test,test_external_seen_family,RAISE,DeciDiffusionV2,decidiffusionv2,LatDiff,family_seen,92d2e63c08127fc418fcfbe6e0467b5c80ae94b9fda4ab2b15c20c14d002e7fb,92f02ca92fad5517,20260828,7d4a74a88d2cac93b513c0853bf92c260eaceea0,data/CompEval-00317-of-00413.parquet,4,4,512,512,PNG,343000
cf_test_external_seen_family_aigi_068f23f926b533e4,test_external_seen_family/aigi/cf_test_external_seen_family_aigi_068f23f926b533e4_000144.png.png,1,test_external_seen_family,community-forensics-eval,lcm-lora-sdxl,test,test_external_seen_family,RAISE,LCM_lora_sdxl,lcm-lora-sdxl,LatDiff,family_seen,f77e262a39df5b88f627a471b754f64564df19fd7c7187c650935e1b728c96ef,b6ee1869e4345a8b,20260828,7d4a74a88d2cac93b513c0853bf92c260eaceea0,data/CompEval-00063-of-00413.parquet,0,22,1024,1024,PNG,1528374
cf_test_external_seen_family_aigi_069c33ca41925acf,test_external_seen_family/aigi/cf_test_external_seen_family_aigi_069c33ca41925acf_000996.png.png,1,test_external_seen_family,community-forensics-eval,lcm-lora-ssd1b,test,test_external_seen_family,RAISE,LCM_lora_ssd1b,lcm-lora-ssd1b,LatDiff,family_seen,7c358cca2f40deeed1ea172a498067106e061a7386447695d0a3df2305ca7268,b2c5cab675ca52a4,20260828,7d4a74a88d2cac93b513c0853bf92c260eaceea0,data/CompEval-00193-of-00413.parquet,3,15,1024,1024,PNG,2021134
cf_test_external_seen_family_aigi_06c8053907be95a0,test_external_seen_family/aigi/cf_test_external_seen_family_aigi_06c8053907be95a0_000317.png.png,1,test_external_seen_family,community-forensics-eval,lcm-lora-sdv15,test,test_external_seen_family,RAISE,LCM_lora_sdv15,lcm-lora-sdv15,LatDiff,family_seen,04247a649b9d24b798e52cd34726d4ea6dc9fd1268c459f2dbe5fc4b0f5e4784,e6b315d61bca1ac8,20260828,7d4a74a88d2cac93b513c0853bf92c260eaceea0,data/CompEval-00363-of-00413.parquet,2,5,512,512,PNG,276846
cf_test_external_seen_family_aigi_06ddf2c537eb0b24,test_external_seen_family/aigi/cf_test_external_seen_family_aigi_06ddf2c537eb0b24_000618.png.png,1,test_external_seen_family,community-forensics-eval,lcm-lora-sdv15,test,test_external_seen_family,RAISE,LCM_lora_sdv15,lcm-lora-sdv15,LatDiff,family_seen,f76d2ca29f2ea1f707a941c153a404297625f0b1d28476a300bf25aaa265ec75,8f958a2fc178583d,20260828,7d4a74a88d2cac93b513c0853bf92c260eaceea0,data/CompEval-00361-of-00413.parquet,0,2,512,512,PNG,425076
cf_test_external_seen_family_aigi_071209bf04b29b8c,test_external_seen_family/aigi/cf_test_external_seen_family_aigi_071209bf04b29b8c_000082.png.png,1,test_external_seen_family,community-forensics-eval,galip,test,test_external_seen_family,RAISE,GALIP,galip,GAN,family_seen,b7da3fd3b04a6011ce2bc95fe9375a41c215ffd252676cd72084235446ee0368,c424f0c61ef5c72d,20260828,7d4a74a88d2cac93b513c0853bf92c260eaceea0,data/CompEval-00120-of-00413.parquet,1,10,224,224,PNG,108721
cf_test_external_seen_family_aigi_078f740a5ac98273,test_external_seen_family/aigi/cf_test_external_seen_family_aigi_078f740a5ac98273_000037.png.png,1,test_external_seen_family,community-forensics-eval,hourglass,test,test_external_seen_family,,Hourglass,hourglass,PixDiff,family_seen,2143a740cd522d6094662a1cc67bfa56df5623219dc119da53e4a1a0171c6441,ee0b6a1d21739e68,20260828,7d4a74a88d2cac93b513c0853bf92c260eaceea0,data/CompEval-00086-of-00413.parquet,3,18,256,256,PNG,118601
cf_test_external_seen_family_aigi_0817df5a25839353,test_external_seen_family/aigi/cf_test_external_seen_family_aigi_0817df5a25839353_000174.png.png,1,test_external_seen_family,community-forensics-eval,kvikontent-midjourney-v6,test,test_external_seen_family,RAISE,kvikontent_midjourney_v6,kvikontent-midjourney-v6,LatDiff,family_seen,eb87a64c911615ffb6f00a308df0262bd196376740fa8ac4fc9ca93a4dfd3555,bdbd557cb04cb014,20260828,7d4a74a88d2cac93b513c0853bf92c260eaceea0,data/CompEval-00216-of-00413.parquet,3,14,512,512,PNG,407132
cf_test_external_seen_family_aigi_082fe4b901f10133,test_external_seen_family/aigi/cf_test_external_seen_family_aigi_082fe4b901f10133_000017.png.png,1,test_external_seen_family,community-forensics-eval,decidiffusionv2,test,test_external_seen_family,RAISE,DeciDiffusionV2,decidiffusionv2,LatDiff,family_seen,ed25306362875ff6bbbb94c2deb81ce3798f86127ffacd5fd94e4095942e7869,80cb2f706137d6e9,20260828,7d4a74a88d2cac93b513c0853bf92c260eaceea0,data/CompEval-00311-of-00413.parquet,4,9,512,512,PNG,431732
cf_test_external_seen_family_aigi_095cecf5473baad1,test_external_seen_family/aigi/cf_test_external_seen_family_aigi_095cecf5473baad1_000807.png.png,1,test_external_seen_family,community-forensics-eval,lcm-lora-sdv15,test,test_external_seen_family,RAISE,LCM_lora_sdv15,lcm-lora-sdv15,LatDiff,family_seen,f421e8db4f5c52c2bb517147b05b3128931e8165e38215902e776efa62191e1e,903c4f452fd03f47,20260828,7d4a74a88d2cac93b513c0853bf92c260eaceea0,data/CompEval-00358-of-00413.parquet,1,16,512,512,PNG,337294
cf_test_external_seen_family_aigi_096a1716f9122093,test_external_seen_family/aigi/cf_test_external_seen_family_aigi_096a1716f9122093_000615.png.png,1,test_external_seen_family,community-forensics-eval,lcm-lora-sdv15,test,test_external_seen_family,RAISE,LCM_lora_sdv15,lcm-lora-sdv15,LatDiff,family_seen,ea105c0be278e4789f48b9158df8520ea387c04309857716dccc8e2963371ef0,d9e9af161480736b,20260828,7d4a74a88d2cac93b513c0853bf92c260eaceea0,data/CompEval-00364-of-00413.parquet,1,19,512,512,PNG,391429
cf_test_external_seen_family_aigi_097a62c43fdc0d75,test_external_seen_family/aigi/cf_test_external_seen_family_aigi_097a62c43fdc0d75_000622.png.png,1,test_external_seen_family,community-forensics-eval,kvikontent-midjourney-v6,test,test_external_seen_family,RAISE,kvikontent_midjourney_v6,kvikontent-midjourney-v6,LatDiff,family_seen,3c803c7495f10b32af646c9813e5c12c52fda830f8069d185788ecefab6c2fe4,e87c36995e860763,20260828,7d4a74a88d2cac93b513c0853bf92c260eaceea0,data/CompEval-00215-of-00413.parquet,3,5,512,512,PNG,528732
cf_test_external_seen_family_aigi_099526dcf7f3672e,test_external_seen_family/aigi/cf_test_external_seen_family_aigi_099526dcf7f3672e_000113.png.png,1,test_external_seen_family,community-forensics-eval,dfgan,test,test_external_seen_family,COCO,DFGAN,dfgan,GAN,family_seen,db8da60d8da8708bda970bb2175c563d09efcf92fad511d87ca7a11f93aba05d,f8f8dd3f1760e080,20260828,7d4a74a88d2cac93b513c0853bf92c260eaceea0,data/CompEval-00005-of-00413.parquet,3,21,256,256,PNG,106068
cf_test_external_seen_family_aigi_09c880a1ac7b677d,test_external_seen_family/aigi/cf_test_external_seen_family_aigi_09c880a1ac7b677d_000455.png.png,1,test_external_seen_family,community-forensics-eval,lcm-lora-sdv15,test,test_external_seen_family,RAISE,LCM_lora_sdv15,lcm-lora-sdv15,LatDiff,family_seen,c44a99e7a16704b5462ca08028db4317287c089faa30c32061746be9a9bb441d,b4127d41df52ff00,20260828,7d4a74a88d2cac93b513c0853bf92c260eaceea0,data/CompEval-00357-of-00413.parquet,2,15,512,512,PNG,399842
cf_test_external_seen_family_aigi_0a008abeeef41f2a,test_external_seen_family/aigi/cf_test_external_seen_family_aigi_0a008abeeef41f2a_000112.png.png,1,test_external_seen_family,community-forensics-eval,lcm-lora-sdv15,test,test_external_seen_family,RAISE,LCM_lora_sdv15,lcm-lora-sdv15,LatDiff,family_seen,abfae9f017d22795924b30adc576728bcad89835456ba286364f074a2a85e9f4,8cb43674b5f60746,20260828,7d4a74a88d2cac93b513c0853bf92c260eaceea0,data/CompEval-00362-of-00413.parquet,2,18,512,512,PNG,360475
cf_test_external_seen_family_aigi_0a50564ee2ddcfde,test_external_seen_family/aigi/cf_test_external_seen_family_aigi_0a50564ee2ddcfde_000129.png.png,1,test_external_seen_family,community-forensics-eval,kandinsky-2-2,test,test_external_seen_family,RAISE,kandinsky_2_2,kandinsky-2-2,LatDiff,family_seen,e206117d3f33e90bca1c3623e53d8e8de43aaefcee6b1d29d92a46becd507f2f,c6a5d9e426796b12,20260828,7d4a74a88d2cac93b513c0853bf92c260eaceea0,data/CompEval-00243-of-00413.parquet,2,4,768,768,PNG,757843
cf_test_external_seen_family_aigi_0a9bf7654386f7d0,test_external_seen_family/aigi/cf_test_external_seen_family_aigi_0a9bf7654386f7d0_000935.png.png,1,test_external_seen_family,community-forensics-eval,lcm-lora-sdv15,test,test_external_seen_family,RAISE,LCM_lora_sdv15,lcm-lora-sdv15,LatDiff,family_seen,9ed69100e7aa3e34669ce460e6888487616f6534104bcfb2851b5bc0e0029540,a7197c6c39343666,20260828,7d4a74a88d2cac93b513c0853bf92c260eaceea0,data/CompEval-00358-of-00413.parquet,4,9,512,512,PNG,278722
cf_test_external_seen_family_aigi_0a9f0a7d3a504dc0,test_external_seen_family/aigi/cf_test_external_seen_family_aigi_0a9f0a7d3a504dc0_000462.png.png,1,test_external_seen_family,community-forensics-eval,lcm-lora-sdv15,test,test_external_seen_family,RAISE,LCM_lora_sdv15,lcm-lora-sdv15,LatDiff,family_seen,684a6f2ff934f7a721d4037c3c6de57eacabf7a76b17c025c185273014d28821,c96090d9401effdd,20260828,7d4a74a88d2cac93b513c0853bf92c260eaceea0,data/CompEval-00362-of-00413.parquet,4,1,512,512,PNG,467666
cf_test_external_seen_family_aigi_0aad77ea68e0da82,test_external_seen_family/aigi/cf_test_external_seen_family_aigi_0aad77ea68e0da82_000605.png.png,1,test_external_seen_family,community-forensics-eval,kandinsky-2-2,test,test_external_seen_family,RAISE,kandinsky_2_2,kandinsky-2-2,LatDiff,family_seen,5110ba548734d6bf12c0af0b4aa3e8a0e0470d42a91c9bad3edb6805de299a5a,c0a8c93fdf26c670,20260828,7d4a74a88d2cac93b513c0853bf92c260eaceea0,data/CompEval-00245-of-00413.parquet,0,3,768,768,PNG,943649
cf_test_external_seen_family_aigi_0ae4091529776f75,test_external_seen_family/aigi/cf_test_external_seen_family_aigi_0ae4091529776f75_000696.png.png,1,test_external_seen_family,community-forensics-eval,lcm-lora-sdxl,test,test_external_seen_family,RAISE,LCM_lora_sdxl,lcm-lora-sdxl,LatDiff,family_seen,03c7bc15688a73c12e021775e37d53e56fd77f2b0ca1d5ae30d6d029ea8dec7d,80739b99cccc6cb6,20260828,7d4a74a88d2cac93b513c0853bf92c260eaceea0,data/CompEval-00057-of-00413.parquet,3,23,1024,1024,PNG,1588295
cf_test_external_seen_family_aigi_0ae70a323d54c0b1,test_external_seen_family/aigi/cf_test_external_seen_family_aigi_0ae70a323d54c0b1_000471.png.png,1,test_external_seen_family,community-forensics-eval,decidiffusionv2,test,test_external_seen_family,RAISE,DeciDiffusionV2,decidiffusionv2,LatDiff,family_seen,f55e6383eef3e3ce1c32860ef94f15529458b2522fee0566146ec5667340f89a,c89f55aa2a95f3a0,20260828,7d4a74a88d2cac93b513c0853bf92c260eaceea0,data/CompEval-00316-of-00413.parquet,4,20,512,512,PNG,621906
cf_test_external_seen_family_aigi_0b023a3505068c64,test_external_seen_family/aigi/cf_test_external_seen_family_aigi_0b023a3505068c64_000929.png.png,1,test_external_seen_family,community-forensics-eval,decidiffusionv2,test,test_external_seen_family,RAISE,DeciDiffusionV2,decidiffusionv2,LatDiff,family_seen,d919bad5e89d156ed5a5c94df6d7b99b16088a890f7342e8688324b8b34812f3,a2bcbc691d62629b,20260828,7d4a74a88d2cac93b513c0853bf92c260eaceea0,data/CompEval-00316-of-00413.parquet,1,19,512,512,PNG,473778
cf_test_external_seen_family_aigi_0bdbf24e4fb0dd6e,test_external_seen_family/aigi/cf_test_external_seen_family_aigi_0bdbf24e4fb0dd6e_000223.png.png,1,test_external_seen_family,community-forensics-eval,dfgan,test,test_external_seen_family,COCO,DFGAN,dfgan,GAN,family_seen,4c92ef95a01d4e2523f8a8b2b6dce0e5d94549b92337f2357bf253ef536c1a1c,b453f4a35e619217,20260828,7d4a74a88d2cac93b513c0853bf92c260eaceea0,data/CompEval-00002-of-00413.parquet,0,22,256,256,PNG,130719
cf_test_external_seen_family_aigi_0c43217db287bf60,test_external_seen_family/aigi/cf_test_external_seen_family_aigi_0c43217db287bf60_000012.png.png,1,test_external_seen_family,community-forensics-eval,dfgan,test,test_external_seen_family,COCO,DFGAN,dfgan,GAN,family_seen,e9f4a2af32e5ab7d00b3bdf194c5b4f6c3aa90e0127b0b27443b34004e3a4e84,951332e8ed6d02f9,20260828,7d4a74a88d2cac93b513c0853bf92c260eaceea0,data/CompEval-00000-of-00413.parquet,2,15,256,256,PNG,100443
cf_test_external_seen_family_aigi_0cc6a0517ec3f688,test_external_seen_family/aigi/cf_test_external_seen_family_aigi_0cc6a0517ec3f688_000044.png.png,1,test_external_seen_family,community-forensics-eval,dfgan,test,test_external_seen_family,COCO,DFGAN,dfgan,GAN,family_seen,d212b95c5ce47dad8cf518c56df1686d6ae52737e29dce4bd9818fba50074162,bee0c43b9cc89993,20260828,7d4a74a88d2cac93b513c0853bf92c260eaceea0,data/CompEval-00006-of-00413.parquet,3,18,256,256,PNG,99300
cf_test_external_seen_family_aigi_0cd293ce338bfb20,test_external_seen_family/aigi/cf_test_external_seen_family_aigi_0cd293ce338bfb20_000276.png.png,1,test_external_seen_family,community-forensics-eval,hourglass,test,test_external_seen_family,,Hourglass,hourglass,PixDiff,family_seen,a837ece71621fd084a735fa418e6cae3ae7b431894e92eaac309bb4f6c7d8622,f4931bce2d333388,20260828,7d4a74a88d2cac93b513c0853bf92c260eaceea0,data/CompEval-00157-of-00413.parquet,4,8,256,256,PNG,75677
cf_test_external_seen_family_aigi_0d631ae4ad8473cb,test_external_seen_family/aigi/cf_test_external_seen_family_aigi_0d631ae4ad8473cb_000754.png.png,1,test_external_seen_family,community-forensics-eval,lcm-lora-ssd1b,test,test_external_seen_family,RAISE,LCM_lora_ssd1b,lcm-lora-ssd1b,LatDiff,family_seen,1e3c2bee56a80e13c29acf12b1816c53835242b47b19cef2e97740adc861fdb8,80cad722b72ebe64,20260828,7d4a74a88d2cac93b513c0853bf92c260eaceea0,data/CompEval-00193-of-00413.parquet,4,9,1024,1024,PNG,1529588
cf_test_external_seen_family_aigi_0d91dc36c658295f,test_external_seen_family/aigi/cf_test_external_seen_family_aigi_0d91dc36c658295f_000623.png.png,1,test_external_seen_family,community-forensics-eval,kandinsky-2-2,test,test_external_seen_family,RAISE,kandinsky_2_2,kandinsky-2-2,LatDiff,family_seen,240d61d98a6608b855c9636fcef2ac621ad7e4f9ba04702e237b28902c1c3400,c5d5f70b0f4848f4,20260828,7d4a74a88d2cac93b513c0853bf92c260eaceea0,data/CompEval-00244-of-00413.parquet,3,23,768,768,PNG,826389
cf_test_external_seen_family_aigi_0db8572a5ad98bd1,test_external_seen_family/aigi/cf_test_external_seen_family_aigi_0db8572a5ad98bd1_000738.png.png,1,test_external_seen_family,community-forensics-eval,kvikontent-midjourney-v6,test,test_external_seen_family,RAISE,kvikontent_midjourney_v6,kvikontent-midjourney-v6,LatDiff,family_seen,0ea25026f13e4c89eefa559c6a078089a4eea1fae4af535bb63044a52cdf3e7a,94df093ca6c9d689,20260828,7d4a74a88d2cac93b513c0853bf92c260eaceea0,data/CompEval-00217-of-00413.parquet,4,13,512,512,PNG,553831
cf_test_external_seen_family_aigi_0e74b7b7b2b93f8c,test_external_seen_family/aigi/cf_test_external_seen_family_aigi_0e74b7b7b2b93f8c_000190.png.png,1,test_external_seen_family,community-forensics-eval,galip,test,test_external_seen_family,RAISE,GALIP,galip,GAN,family_seen,89c2f4013a861e7d38cea34e14a67a7654b81b9d3037e709d8ebc1fb59a3f15e,c973b6a4ad0e1c78,20260828,7d4a74a88d2cac93b513c0853bf92c260eaceea0,data/CompEval-00119-of-00413.parquet,4,19,224,224,PNG,77509
cf_test_external_seen_family_aigi_0e823d299abc6e16,test_external_seen_family/aigi/cf_test_external_seen_family_aigi_0e823d299abc6e16_000923.png.png,1,test_external_seen_family,community-forensics-eval,lcm-lora-sdxl,test,test_external_seen_family,RAISE,LCM_lora_sdxl,lcm-lora-sdxl,LatDiff,family_seen,5215c696a7f2cf4a3761f689c539874e62e682fe60dedb8c2d22e7a5e718e6d6,a787a590627ad8f4,20260828,7d4a74a88d2cac93b513c0853bf92c260eaceea0,data/CompEval-00057-of-00413.parquet,2,16,1024,1024,PNG,1487291
cf_test_external_seen_family_aigi_0eeb3a084cb1237f,test_external_seen_family/aigi/cf_test_external_seen_family_aigi_0eeb3a084cb1237f_000357.png.png,1,test_external_seen_family,community-forensics-eval,lcm-lora-sdxl,test,test_external_seen_family,RAISE,LCM_lora_sdxl,lcm-lora-sdxl,LatDiff,family_seen,aa7f43ae7f76266bdf3beb7ecfb8bb321c7402668be83595db4b6dc244ae4557,c7ede19ece22600d,20260828,7d4a74a88d2cac93b513c0853bf92c260eaceea0,data/CompEval-00058-of-00413.parquet,4,13,1024,1024,PNG,1874648
cf_test_external_seen_family_aigi_0f0a19dc3fbe5fc0,test_external_seen_family/aigi/cf_test_external_seen_family_aigi_0f0a19dc3fbe5fc0_000756.png.png,1,test_external_seen_family,community-forensics-eval,kandinsky-2-2,test,test_external_seen_family,RAISE,kandinsky_2_2,kandinsky-2-2,LatDiff,family_seen,c4ae19a3c773a10f70e9c003496f3b5d12eb0aa16ec351acfcadedac184c5568,f8d4a381dc7ec829,20260828,7d4a74a88d2cac93b513c0853bf92c260eaceea0,data/CompEval-00239-of-00413.parquet,0,8,768,768,PNG,836400
cf_test_external_seen_family_aigi_0f35a922d8217cdd,test_external_seen_family/aigi/cf_test_external_seen_family_aigi_0f35a922d8217cdd_000048.png.png,1,test_external_seen_family,community-forensics-eval,kandinsky-2-2,test,test_external_seen_family,RAISE,kandinsky_2_2,kandinsky-2-2,LatDiff,family_seen,7c529f45769cd79a8977b27fb1797ae7c00a613954152167e2d60a9e063f2fd4,b9f384d8424e69b5,20260828,7d4a74a88d2cac93b513c0853bf92c260eaceea0,data/CompEval-00240-of-00413.parquet,1,3,768,768,PNG,1104851
cf_test_external_seen_family_aigi_0f9ad2c6e603fd4d,test_external_seen_family/aigi/cf_test_external_seen_family_aigi_0f9ad2c6e603fd4d_000815.png.png,1,test_external_seen_family,community-forensics-eval,lcm-lora-ssd1b,test,test_external_seen_family,RAISE,LCM_lora_ssd1b,lcm-lora-ssd1b,LatDiff,family_seen,1d6008b2c796c9122f5170c054264f3ca3c764d6bc34f81ce1b1a8de441e75aa,e6cd406a72fad01e,20260828,7d4a74a88d2cac93b513c0853bf92c260eaceea0,data/CompEval-00197-of-00413.parquet,4,7,1024,1024,PNG,1373609
cf_test_external_seen_family_aigi_0fd6bfe43bf2d88e,test_external_seen_family/aigi/cf_test_external_seen_family_aigi_0fd6bfe43bf2d88e_000641.png.png,1,test_external_seen_family,community-forensics-eval,galip,test,test_external_seen_family,RAISE,GALIP,galip,GAN,family_seen,12535a6be8762f948880a0e436089c12ed89e06996b8eaad5ffa7c8f5d8a300a,add5654aa8d02be5,20260828,7d4a74a88d2cac93b513c0853bf92c260eaceea0,data/CompEval-00125-of-00413.parquet,2,9,224,224,PNG,98682
cf_test_external_seen_family_aigi_0fe44be9cf759492,test_external_seen_family/aigi/cf_test_external_seen_family_aigi_0fe44be9cf759492_000759.png.png,1,test_external_seen_family,community-forensics-eval,decidiffusionv2,test,test_external_seen_family,RAISE,DeciDiffusionV2,decidiffusionv2,LatDiff,family_seen,cb7a34e02d5ed9b650b123565f2d70d76ad7d281c6a0b3ab515bb4316a172739,a9c6c639d0d30bd9,20260828,7d4a74a88d2cac93b513c0853bf92c260eaceea0,data/CompEval-00311-of-00413.parquet,2,2,512,512,PNG,437899
cf_test_external_seen_family_aigi_0ffe6907b26b6d83,test_external_seen_family/aigi/cf_test_external_seen_family_aigi_0ffe6907b26b6d83_000317.png.png,1,test_external_seen_family,community-forensics-eval,kvikontent-midjourney-v6,test,test_external_seen_family,RAISE,kvikontent_midjourney_v6,kvikontent-midjourney-v6,LatDiff,family_seen,c84becb9f32d23868adaebaf5afb01195bb0bd07ff0309389c1241050d83c141,e93171eefc1c8581,20260828,7d4a74a88d2cac93b513c0853bf92c260eaceea0,data/CompEval-00215-of-00413.parquet,1,18,512,512,PNG,381882
cf_test_external_seen_family_aigi_1026b0999a1a8042,test_external_seen_family/aigi/cf_test_external_seen_family_aigi_1026b0999a1a8042_000593.png.png,1,test_external_seen_family,community-forensics-eval,galip,test,test_external_seen_family,RAISE,GALIP,galip,GAN,family_seen,ac76559d5777450242fbbb295176d6d9d6162f8edbc9c6e62d66a2cbec2f0008,c7c1397e3d706630,20260828,7d4a74a88d2cac93b513c0853bf92c260eaceea0,data/CompEval-00124-of-00413.parquet,4,4,224,224,PNG,56863
cf_test_external_seen_family_aigi_102a4c80ddf1384d,test_external_seen_family/aigi/cf_test_external_seen_family_aigi_102a4c80ddf1384d_000850.png.png,1,test_external_seen_family,community-forensics-eval,hourglass,test,test_external_seen_family,FFHQ,Hourglass,hourglass,PixDiff,family_seen,370b3d53fc7f068c65171b779ea833b2ed68b6858ac7e4c584bbce8636e85635,8f713517b64c865c,20260828,7d4a74a88d2cac93b513c0853bf92c260eaceea0,data/CompEval-00275-of-00413.parquet,2,7,1024,1024,PNG,1267281
cf_test_external_seen_family_aigi_105e995e75f7ca11,test_external_seen_family/aigi/cf_test_external_seen_family_aigi_105e995e75f7ca11_000061.png.png,1,test_external_seen_family,community-forensics-eval,lcm-lora-ssd1b,test,test_external_seen_family,RAISE,LCM_lora_ssd1b,lcm-lora-ssd1b,LatDiff,family_seen,19b303018f472cd7678d0c7db758dc7351f2c6482d46dc56a7df6069851a0d13,b3d20cfc903e61cb,20260828,7d4a74a88d2cac93b513c0853bf92c260eaceea0,data/CompEval-00194-of-00413.parquet,4,19,1024,1024,PNG,1260608
cf_test_external_seen_family_aigi_12881979fd0291de,test_external_seen_family/aigi/cf_test_external_seen_family_aigi_12881979fd0291de_000472.png.png,1,test_external_seen_family,community-forensics-eval,dfgan,test,test_external_seen_family,COCO,DFGAN,dfgan,GAN,family_seen,7e12920341d54ddc929df55e1d1bd2cc6aacc24620efc22ef48bc262fe63ea25,f4f71774c08b0b83,20260828,7d4a74a88d2cac93b513c0853bf92c260eaceea0,data/CompEval-00007-of-00413.parquet,3,13,256,256,PNG,91107
cf_test_external_seen_family_aigi_12cdfc21fce4c40d,test_external_seen_family/aigi/cf_test_external_seen_family_aigi_12cdfc21fce4c40d_000433.png.png,1,test_external_seen_family,community-forensics-eval,kvikontent-midjourney-v6,test,test_external_seen_family,RAISE,kvikontent_midjourney_v6,kvikontent-midjourney-v6,LatDiff,family_seen,92a8a30a73f1b3a0a71edb50040514f76023ffe4afce1a2b8563477ba5869a73,e16161618587afaf,20260828,7d4a74a88d2cac93b513c0853bf92c260eaceea0,data/CompEval-00217-of-00413.parquet,1,21,512,512,PNG,541089
cf_test_external_seen_family_aigi_1346bc47d6ac5875,test_external_seen_family/aigi/cf_test_external_seen_family_aigi_1346bc47d6ac5875_000394.png.png,1,test_external_seen_family,community-forensics-eval,dfgan,test,test_external_seen_family,COCO,DFGAN,dfgan,GAN,family_seen,9b131d81a9852a46e3df8f38916add292b99652cd5689e450a31fba01aa8a7c6,a4f8cae6e3b12893,20260828,7d4a74a88d2cac93b513c0853bf92c260eaceea0,data/CompEval-00000-of-00413.parquet,2,23,256,256,PNG,126989
cf_test_external_seen_family_aigi_134c65596d1df599,test_external_seen_family/aigi/cf_test_external_seen_family_aigi_134c65596d1df599_000085.png.png,1,test_external_seen_family,community-forensics-eval,galip,test,test_external_seen_family,RAISE,GALIP,galip,GAN,family_seen,0de121a224070a7dca64e5f3ddd0e383ebffc068ab61cb7da0363ef191520e89,dbe0987e5e672089,20260828,7d4a74a88d2cac93b513c0853bf92c260eaceea0,data/CompEval-00047-of-00413.parquet,1,14,224,224,PNG,88464
cf_test_external_seen_family_aigi_1361bdabcca2d25d,test_external_seen_family/aigi/cf_test_external_seen_family_aigi_1361bdabcca2d25d_000444.png.png,1,test_external_seen_family,community-forensics-eval,galip,test,test_external_seen_family,RAISE,GALIP,galip,GAN,family_seen,1a4aefe663b1032ed1d92c3fd1a971bc3e242ae5ad78e87745586fb0260a7b7e,c71c99cd9933c436,20260828,7d4a74a88d2cac93b513c0853bf92c260eaceea0,data/CompEval-00120-of-00413.parquet,1,5,224,224,PNG,70442
cf_test_external_seen_family_aigi_13e161a51347e4ba,test_external_seen_family/aigi/cf_test_external_seen_family_aigi_13e161a51347e4ba_000067.png.png,1,test_external_seen_family,community-forensics-eval,lcm-lora-sdxl,test,test_external_seen_family,RAISE,LCM_lora_sdxl,lcm-lora-sdxl,LatDiff,family_seen,d06d40f65b6f6bce0e5ae400e2bd076ff20361ceda8b6aad8fefe93330c8698b,c1d5ae2e1a6ad171,20260828,7d4a74a88d2cac93b513c0853bf92c260eaceea0,data/CompEval-00378-of-00413.parquet,1,9,1024,1024,PNG,1610135
cf_test_external_seen_family_aigi_13f858b88db9ad8d,test_external_seen_family/aigi/cf_test_external_seen_family_aigi_13f858b88db9ad8d_000448.png.png,1,test_external_seen_family,community-forensics-eval,dfgan,test,test_external_seen_family,COCO,DFGAN,dfgan,GAN,family_seen,a5ebc510a199f2a2a45181843fec21d15658bd55a1fe2a2d1589990dbc24937e,c1bd6bc429c23de1,20260828,7d4a74a88d2cac93b513c0853bf92c260eaceea0,data/CompEval-00006-of-00413.parquet,2,2,256,256,PNG,127280
cf_test_external_seen_family_aigi_1446bdb1d3f64d8e,test_external_seen_family/aigi/cf_test_external_seen_family_aigi_1446bdb1d3f64d8e_000575.png.png,1,test_external_seen_family,community-forensics-eval,galip,test,test_external_seen_family,RAISE,GALIP,galip,GAN,family_seen,a43bc550d5058d254113cedb3be0529e7669d12c6e894264b35e7d681a43b27a,8b4abab1e5c4d4f0,20260828,7d4a74a88d2cac93b513c0853bf92c260eaceea0,data/CompEval-00120-of-00413.parquet,0,11,224,224,PNG,93326
cf_test_external_seen_family_aigi_1459071095ffa7e2,test_external_seen_family/aigi/cf_test_external_seen_family_aigi_1459071095ffa7e2_000151.png.png,1,test_external_seen_family,community-forensics-eval,lcm-lora-sdxl,test,test_external_seen_family,RAISE,LCM_lora_sdxl,lcm-lora-sdxl,LatDiff,family_seen,4b12c8b8b86e4d7ae4ba6a9884689c488777a9e914c0df1c3baae415fb550f57,f3a34c8c82d62d7a,20260828,7d4a74a88d2cac93b513c0853bf92c260eaceea0,data/CompEval-00119-of-00413.parquet,3,4,1024,1024,PNG,1435487
cf_test_external_seen_family_aigi_145d8dee01d3ebcf,test_external_seen_family/aigi/cf_test_external_seen_family_aigi_145d8dee01d3ebcf_000653.png.png,1,test_external_seen_family,community-forensics-eval,galip,test,test_external_seen_family,RAISE,GALIP,galip,GAN,family_seen,cac11a6a0920416ee34a2f20146a223324ad464e9e4cad0ee8eb347dc72e956b,80fc5c1d9913b3b3,20260828,7d4a74a88d2cac93b513c0853bf92c260eaceea0,data/CompEval-00124-of-00413.parquet,1,21,224,224,PNG,89240
cf_test_external_seen_family_aigi_1466d4863d8f80de,test_external_seen_family/aigi/cf_test_external_seen_family_aigi_1466d4863d8f80de_000756.png.png,1,test_external_seen_family,community-forensics-eval,decidiffusionv2,test,test_external_seen_family,RAISE,DeciDiffusionV2,decidiffusionv2,LatDiff,family_seen,1840ea32fea185c2eb2c9646a3495343e10bf4b425c4dbf73f9f7574a416cc92,ea4f952cda320c4f,20260828,7d4a74a88d2cac93b513c0853bf92c260eaceea0,data/CompEval-00316-of-00413.parquet,1,10,512,512,PNG,195940
cf_test_external_seen_family_aigi_152056ba74b6b362,test_external_seen_family/aigi/cf_test_external_seen_family_aigi_152056ba74b6b362_000074.png.png,1,test_external_seen_family,community-forensics-eval,lcm-lora-sdxl,test,test_external_seen_family,RAISE,LCM_lora_sdxl,lcm-lora-sdxl,LatDiff,family_seen,1467a4f2caf8f56966dd300283b386b48ffa3d4e20fc41d0c9041d62b2ea844b,ce8c8f4a5897339a,20260828,7d4a74a88d2cac93b513c0853bf92c260eaceea0,data/CompEval-00062-of-00413.parquet,3,16,1024,1024,PNG,2031274
cf_test_external_seen_family_aigi_15a25f7ba642caa1,test_external_seen_family/aigi/cf_test_external_seen_family_aigi_15a25f7ba642caa1_000319.png.png,1,test_external_seen_family,community-forensics-eval,decidiffusionv2,test,test_external_seen_family,RAISE,DeciDiffusionV2,decidiffusionv2,LatDiff,family_seen,14e81ee80d79517a1e1de1e0601ded2a4185a05de625737eba58030d9383a400,e418db89722dce36,20260828,7d4a74a88d2cac93b513c0853bf92c260eaceea0,data/CompEval-00314-of-00413.parquet,4,11,512,512,PNG,534741
cf_test_external_seen_family_aigi_15aab6be42249e8b,test_external_seen_family/aigi/cf_test_external_seen_family_aigi_15aab6be42249e8b_000038.png.png,1,test_external_seen_family,community-forensics-eval,kandinsky-2-2,test,test_external_seen_family,RAISE,kandinsky_2_2,kandinsky-2-2,LatDiff,family_seen,4728d937cd0b754c168f94df5e0f8760c8de0290b2716b7cb92c5ec04e20fdc5,ecfc1313f0a4870f,20260828,7d4a74a88d2cac93b513c0853bf92c260eaceea0,data/CompEval-00246-of-00413.parquet,0,4,768,768,PNG,727936
cf_test_external_seen_family_aigi_16079d4555705765,test_external_seen_family/aigi/cf_test_external_seen_family_aigi_16079d4555705765_000248.png.png,1,test_external_seen_family,community-forensics-eval,galip,test,test_external_seen_family,RAISE,GALIP,galip,GAN,family_seen,4f21093dcc34e2fe4fb01abb9c7b8e3d079e3e4103d03e3c3abad1f3995b8f6a,d0c4470240f1ff7f,20260828,7d4a74a88d2cac93b513c0853bf92c260eaceea0,data/CompEval-00124-of-00413.parquet,0,23,224,224,PNG,72667
cf_test_external_seen_family_aigi_162330e375406412,test_external_seen_family/aigi/cf_test_external_seen_family_aigi_162330e375406412_000119.png.png,1,test_external_seen_family,community-forensics-eval,lcm-lora-ssd1b,test,test_external_seen_family,RAISE,LCM_lora_ssd1b,lcm-lora-ssd1b,LatDiff,family_seen,f86e69217fba14b55fd346be61167f033fce64b97e463c70539f949aabd09103,f2ea8c45de1eb031,20260828,7d4a74a88d2cac93b513c0853bf92c260eaceea0,data/CompEval-00196-of-00413.parquet,4,12,1024,1024,PNG,1546733
cf_test_external_seen_family_aigi_16594473a8c24c1f,test_external_seen_family/aigi/cf_test_external_seen_family_aigi_16594473a8c24c1f_000531.png.png,1,test_external_seen_family,community-forensics-eval,galip,test,test_external_seen_family,RAISE,GALIP,galip,GAN,family_seen,105f1ae774daec92145ba31fd861f1f2e31e399527ed6a2395872104c73401bf,b1d3e5e2c964a217,20260828,7d4a74a88d2cac93b513c0853bf92c260eaceea0,data/CompEval-00046-of-00413.parquet,1,17,224,224,PNG,91393
cf_test_external_seen_family_aigi_168242bab1337b9e,test_external_seen_family/aigi/cf_test_external_seen_family_aigi_168242bab1337b9e_000756.png.png,1,test_external_seen_family,community-forensics-eval,dfgan,test,test_external_seen_family,COCO,DFGAN,dfgan,GAN,family_seen,2669d485508f4a9217e88938a56e49a5da9b864a90de52a4b6fa9a99d2d1932a,c41b1b36b666256d,20260828,7d4a74a88d2cac93b513c0853bf92c260eaceea0,data/CompEval-00007-of-00413.parquet,4,4,256,256,PNG,100511
cf_test_external_seen_family_aigi_16d3573e8b33d1df,test_external_seen_family/aigi/cf_test_external_seen_family_aigi_16d3573e8b33d1df_000787.png.png,1,test_external_seen_family,community-forensics-eval,kvikontent-midjourney-v6,test,test_external_seen_family,RAISE,kvikontent_midjourney_v6,kvikontent-midjourney-v6,LatDiff,family_seen,aef71b32239185b3f30c6353850ae8cb7ca24464da81de3b28e1535fbed6ee70,d0d38ecc0eef13c1,20260828,7d4a74a88d2cac93b513c0853bf92c260eaceea0,data/CompEval-00217-of-00413.parquet,2,19,512,512,PNG,335042
cf_test_external_seen_family_aigi_17be7f4c39aa03d2,test_external_seen_family/aigi/cf_test_external_seen_family_aigi_17be7f4c39aa03d2_000654.png.png,1,test_external_seen_family,community-forensics-eval,lcm-lora-sdv15,test,test_external_seen_family,RAISE,LCM_lora_sdv15,lcm-lora-sdv15,LatDiff,family_seen,421c2066e1fd8908284ff242fdd5a7aaaaee31e59811a77d83b3c720c3e34718,d1f13158d8c8e9e9,20260828,7d4a74a88d2cac93b513c0853bf92c260eaceea0,data/CompEval-00362-of-00413.parquet,1,16,512,512,PNG,367772
cf_test_external_seen_family_aigi_182f6e2f50aac675,test_external_seen_family/aigi/cf_test_external_seen_family_aigi_182f6e2f50aac675_000431.png.png,1,test_external_seen_family,community-forensics-eval,kandinsky-2-2,test,test_external_seen_family,RAISE,kandinsky_2_2,kandinsky-2-2,LatDiff,family_seen,8f9755e996610a5e5b75782e9a63a5fd4e40d819ef942edec2745bc2e5708bb9,83614ecc1fdd1f42,20260828,7d4a74a88d2cac93b513c0853bf92c260eaceea0,data/CompEval-00246-of-00413.parquet,0,5,768,768,PNG,972332
cf_test_external_seen_family_aigi_187ed9202fd48a35,test_external_seen_family/aigi/cf_test_external_seen_family_aigi_187ed9202fd48a35_000542.png.png,1,test_external_seen_family,community-forensics-eval,lcm-lora-sdxl,test,test_external_seen_family,RAISE,LCM_lora_sdxl,lcm-lora-sdxl,LatDiff,family_seen,6a53f72a84b830b9ffff26f817551ca1c8956e2e8c8bf0ef8335d573526ea087,82c7bf8691a81bf1,20260828,7d4a74a88d2cac93b513c0853bf92c260eaceea0,data/CompEval-00059-of-00413.parquet,4,5,1024,1024,PNG,2160022
cf_test_external_seen_family_aigi_1897f94d9eec2bc1,test_external_seen_family/aigi/cf_test_external_seen_family_aigi_1897f94d9eec2bc1_000702.png.png,1,test_external_seen_family,community-forensics-eval,lcm-lora-sdv15,test,test_external_seen_family,RAISE,LCM_lora_sdv15,lcm-lora-sdv15,LatDiff,family_seen,66340bb54ba61f6bf7e4e06230110b2fb59d8a4a3725e6c752792f9be01d93f5,889c1eee4762ea87,20260828,7d4a74a88d2cac93b513c0853bf92c260eaceea0,data/CompEval-00358-of-00413.parquet,4,11,512,512,PNG,292972
cf_test_external_seen_family_aigi_197840feb9442156,test_external_seen_family/aigi/cf_test_external_seen_family_aigi_197840feb9442156_000848.png.png,1,test_external_seen_family,community-forensics-eval,galip,test,test_external_seen_family,RAISE,GALIP,galip,GAN,family_seen,70b1b47767c2b3f5ea2fab946acc754a1fed0ba10e61cb6487ed5fe0fb3c1867,d6d5e1251c362dc3,20260828,7d4a74a88d2cac93b513c0853bf92c260eaceea0,data/CompEval-00046-of-00413.parquet,1,19,224,224,PNG,82098
cf_test_external_seen_family_aigi_19f3eec25731a590,test_external_seen_family/aigi/cf_test_external_seen_family_aigi_19f3eec25731a590_000652.png.png,1,test_external_seen_family,community-forensics-eval,kvikontent-midjourney-v6,test,test_external_seen_family,RAISE,kvikontent_midjourney_v6,kvikontent-midjourney-v6,LatDiff,family_seen,f560f2d944fb52c6b4f921d5b74f8e9ec8c1621130a7afd0488a3852904d4f82,b2f3a54c98f98cc2,20260828,7d4a74a88d2cac93b513c0853bf92c260eaceea0,data/CompEval-00215-of-00413.parquet,0,12,512,512,PNG,462423
cf_test_external_seen_family_aigi_19f411a4b42fb791,test_external_seen_family/aigi/cf_test_external_seen_family_aigi_19f411a4b42fb791_000833.png.png,1,test_external_seen_family,community-forensics-eval,kvikontent-midjourney-v6,test,test_external_seen_family,RAISE,kvikontent_midjourney_v6,kvikontent-midjourney-v6,LatDiff,family_seen,99a2265dc7eb788d85367554125c99403ba002343912cbc2f5ab0eca1949f608,8d8d763f0bd324c2,20260828,7d4a74a88d2cac93b513c0853bf92c260eaceea0,data/CompEval-00091-of-00413.parquet,4,12,512,512,PNG,658347
cf_test_external_seen_family_aigi_1a2a259049fbfb7b,test_external_seen_family/aigi/cf_test_external_seen_family_aigi_1a2a259049fbfb7b_000922.png.png,1,test_external_seen_family,community-forensics-eval,hourglass,test,test_external_seen_family,,Hourglass,hourglass,PixDiff,family_seen,2bdaf61c4a6197a78bb8e34ea1bf824ddb14d90ee42eaf765a10bc55eb249ce3,e98693e82f85e49a,20260828,7d4a74a88d2cac93b513c0853bf92c260eaceea0,data/CompEval-00081-of-00413.parquet,1,17,256,256,PNG,112465
cf_test_external_seen_family_aigi_1a36f6529cbc4bb3,test_external_seen_family/aigi/cf_test_external_seen_family_aigi_1a36f6529cbc4bb3_000368.png.png,1,test_external_seen_family,community-forensics-eval,kandinsky-2-2,test,test_external_seen_family,RAISE,kandinsky_2_2,kandinsky-2-2,LatDiff,family_seen,6066684014ce46a9e5a7cdcc5c673f526290fa92f7cad7699ffc22ceb652df00,fada85b9611507c9,20260828,7d4a74a88d2cac93b513c0853bf92c260eaceea0,data/CompEval-00161-of-00413.parquet,4,14,768,768,PNG,769493
cf_test_external_seen_family_aigi_1a7c82741c889f6d,test_external_seen_family/aigi/cf_test_external_seen_family_aigi_1a7c82741c889f6d_000239.png.png,1,test_external_seen_family,community-forensics-eval,lcm-lora-ssd1b,test,test_external_seen_family,RAISE,LCM_lora_ssd1b,lcm-lora-ssd1b,LatDiff,family_seen,7ab8f916e0dda274419c250ed5eddedc5a1c21f9e7800dbf6c0d8b748101a18b,a3bcf457d8cb4144,20260828,7d4a74a88d2cac93b513c0853bf92c260eaceea0,data/CompEval-00192-of-00413.parquet,2,3,1024,1024,PNG,2040342
cf_test_external_seen_family_aigi_1b1a9b62ab97b78e,test_external_seen_family/aigi/cf_test_external_seen_family_aigi_1b1a9b62ab97b78e_000191.png.png,1,test_external_seen_family,community-forensics-eval,lcm-lora-sdxl,test,test_external_seen_family,RAISE,LCM_lora_sdxl,lcm-lora-sdxl,LatDiff,family_seen,365f3f6fad5339aa4d21b4c8ef88f9e8162d1828f98ce815f895d1abfa89ec45,f4b0216d76448f1f,20260828,7d4a74a88d2cac93b513c0853bf92c260eaceea0,data/CompEval-00059-of-00413.parquet,3,14,1024,1024,PNG,2012113
cf_test_external_seen_family_aigi_1b4152e074c9b3e7,test_external_seen_family/aigi/cf_test_external_seen_family_aigi_1b4152e074c9b3e7_000610.png.png,1,test_external_seen_family,community-forensics-eval,lcm-lora-sdv15,test,test_external_seen_family,RAISE,LCM_lora_sdv15,lcm-lora-sdv15,LatDiff,family_seen,84ce7c74c1ed2df75f155aaa907a37c880ddaa8c7012566feaca19178a1b99b1,d8e0c2c8ecc6cdcd,20260828,7d4a74a88d2cac93b513c0853bf92c260eaceea0,data/CompEval-00358-of-00413.parquet,1,15,512,512,PNG,427109
cf_test_external_seen_family_aigi_1bba911039c7b558,test_external_seen_family/aigi/cf_test_external_seen_family_aigi_1bba911039c7b558_000402.png.png,1,test_external_seen_family,community-forensics-eval,decidiffusionv2,test,test_external_seen_family,RAISE,DeciDiffusionV2,decidiffusionv2,LatDiff,family_seen,34a8618992d1bd48256f1bf1a1434692ec867354e2944907f5b8eac377c80de6,829eae5f66a4b162,20260828,7d4a74a88d2cac93b513c0853bf92c260eaceea0,data/CompEval-00314-of-00413.parquet,1,13,512,512,PNG,360158
cf_test_external_seen_family_aigi_1bbb8c54dd5819fc,test_external_seen_family/aigi/cf_test_external_seen_family_aigi_1bbb8c54dd5819fc_000981.png.png,1,test_external_seen_family,community-forensics-eval,dfgan,test,test_external_seen_family,COCO,DFGAN,dfgan,GAN,family_seen,a14ab5069f9c089d1d51bb2d940d6f39b8b9d39aa926c0e16a326658c1a8b88d,a0e3d394beebc00d,20260828,7d4a74a88d2cac93b513c0853bf92c260eaceea0,data/CompEval-00000-of-00413.parquet,1,19,256,256,PNG,144907
cf_test_external_seen_family_aigi_1bc60fe5968e2dc4,test_external_seen_family/aigi/cf_test_external_seen_family_aigi_1bc60fe5968e2dc4_000638.png.png,1,test_external_seen_family,community-forensics-eval,lcm-lora-ssd1b,test,test_external_seen_family,RAISE,LCM_lora_ssd1b,lcm-lora-ssd1b,LatDiff,family_seen,3d57cd2a22937b3af80d55009d1e617cc0fecec0c9708414b3b00f64675c3ed9,af8494cfc9c8ec94,20260828,7d4a74a88d2cac93b513c0853bf92c260eaceea0,data/CompEval-00198-of-00413.parquet,2,9,1024,1024,PNG,1703554
cf_test_external_seen_family_aigi_1be24f4d8ca44454,test_external_seen_family/aigi/cf_test_external_seen_family_aigi_1be24f4d8ca44454_000268.png.png,1,test_external_seen_family,community-forensics-eval,lcm-lora-sdv15,test,test_external_seen_family,RAISE,LCM_lora_sdv15,lcm-lora-sdv15,LatDiff,family_seen,5d2a293ff94200b84046a47af2af89d4ede1a6d8b7fe1ceeb6bdea437e2616cf,b19dd68995d2a8a5,20260828,7d4a74a88d2cac93b513c0853bf92c260eaceea0,data/CompEval-00115-of-00413.parquet,0,3,512,512,PNG,377580
cf_test_external_seen_family_aigi_1c150e6adcbc9581,test_external_seen_family/aigi/cf_test_external_seen_family_aigi_1c150e6adcbc9581_000820.png.png,1,test_external_seen_family,community-forensics-eval,decidiffusionv2,test,test_external_seen_family,RAISE,DeciDiffusionV2,decidiffusionv2,LatDiff,family_seen,c04f19e05a130c8a1c1016deaeb2c038e9dbdd9bfa523e83b482d8cdb29956de,a9b7962908737745,20260828,7d4a74a88d2cac93b513c0853bf92c260eaceea0,data/CompEval-00316-of-00413.parquet,1,5,512,512,PNG,508778
cf_test_external_seen_family_aigi_1ca514fbe667eac0,test_external_seen_family/aigi/cf_test_external_seen_family_aigi_1ca514fbe667eac0_000298.png.png,1,test_external_seen_family,community-forensics-eval,lcm-lora-sdv15,test,test_external_seen_family,RAISE,LCM_lora_sdv15,lcm-lora-sdv15,LatDiff,family_seen,14fe45b1231374d0b221b2caa0edc1243d5a87ae37ef9009a3acd887f733d7a6,b697cc4db0c8239e,20260828,7d4a74a88d2cac93b513c0853bf92c260eaceea0,data/CompEval-00113-of-00413.parquet,1,2,512,512,PNG,340210
cf_test_external_seen_family_aigi_1d17e90da0e45c1c,test_external_seen_family/aigi/cf_test_external_seen_family_aigi_1d17e90da0e45c1c_000003.png.png,1,test_external_seen_family,community-forensics-eval,hourglass,test,test_external_seen_family,,Hourglass,hourglass,PixDiff,family_seen,78e4f629696793675c9a86ef27084aa7d19c75eef392f6a55c849a29a40835bc,c0cb4b2935f690be,20260828,7d4a74a88d2cac93b513c0853bf92c260eaceea0,data/CompEval-00154-of-00413.parquet,4,3,256,256,PNG,116630
cf_test_external_seen_family_aigi_1d778ebe40f5a341,test_external_seen_family/aigi/cf_test_external_seen_family_aigi_1d778ebe40f5a341_000613.png.png,1,test_external_seen_family,community-forensics-eval,hourglass,test,test_external_seen_family,FFHQ,Hourglass,hourglass,PixDiff,family_seen,8ddb4de4ddd17a5f26ced1083d26ac5f4088217560929a7bec396178993cbd5d,e8caa7a1167586da,20260828,7d4a74a88d2cac93b513c0853bf92c260eaceea0,data/CompEval-00275-of-00413.parquet,0,0,1024,1024,PNG,1129781
cf_test_external_seen_family_aigi_1d8b95b974c3bd85,test_external_seen_family/aigi/cf_test_external_seen_family_aigi_1d8b95b974c3bd85_000001.png.png,1,test_external_seen_family,community-forensics-eval,lcm-lora-ssd1b,test,test_external_seen_family,RAISE,LCM_lora_ssd1b,lcm-lora-ssd1b,LatDiff,family_seen,df23dc8741fee36f573bb361c73dd152c57fe6eb30ba857b381036d2e8f86863,950e9ed66185ff01,20260828,7d4a74a88d2cac93b513c0853bf92c260eaceea0,data/CompEval-00196-of-00413.parquet,0,8,1024,1024,PNG,1654043
cf_test_external_seen_family_aigi_1da581508784e37e,test_external_seen_family/aigi/cf_test_external_seen_family_aigi_1da581508784e37e_000991.png.png,1,test_external_seen_family,community-forensics-eval,kandinsky-2-2,test,test_external_seen_family,RAISE,kandinsky_2_2,kandinsky-2-2,LatDiff,family_seen,8cd82b53a84e26f5442e78fc930986b27ef39adebb02bbf8b167f62a5ab21627,db64e9d926e49324,20260828,7d4a74a88d2cac93b513c0853bf92c260eaceea0,data/CompEval-00238-of-00413.parquet,3,9,768,768,PNG,582536
cf_test_external_seen_family_aigi_1db70eab57104bce,test_external_seen_family/aigi/cf_test_external_seen_family_aigi_1db70eab57104bce_000446.png.png,1,test_external_seen_family,community-forensics-eval,kandinsky-2-2,test,test_external_seen_family,RAISE,kandinsky_2_2,kandinsky-2-2,LatDiff,family_seen,8680d71df912303637ca42f37598d0f96ab11710983ed61a6c725f18487ff843,d5823ab170b783c7,20260828,7d4a74a88d2cac93b513c0853bf92c260eaceea0,data/CompEval-00245-of-00413.parquet,3,12,768,768,PNG,790162
cf_test_external_seen_family_aigi_1dd464cf9dae3bf0,test_external_seen_family/aigi/cf_test_external_seen_family_aigi_1dd464cf9dae3bf0_000262.png.png,1,test_external_seen_family,community-forensics-eval,lcm-lora-ssd1b,test,test_external_seen_family,RAISE,LCM_lora_ssd1b,lcm-lora-ssd1b,LatDiff,family_seen,ef40f0e01ec0e83452d050954775eab8554c962f3378562c2b0dfc79c8a4893c,a209d9f6d49d2726,20260828,7d4a74a88d2cac93b513c0853bf92c260eaceea0,data/CompEval-00195-of-00413.parquet,3,3,1024,1024,PNG,1257532
cf_test_external_seen_family_aigi_1e0e6e6174a18252,test_external_seen_family/aigi/cf_test_external_seen_family_aigi_1e0e6e6174a18252_000429.png.png,1,test_external_seen_family,community-forensics-eval,kvikontent-midjourney-v6,test,test_external_seen_family,RAISE,kvikontent_midjourney_v6,kvikontent-midjourney-v6,LatDiff,family_seen,f6cd3383f20cde4d6c959dfca661ebe68eabc3fc7e6b0c8668f508cb8a89a674,dcde6020a1a6df5c,20260828,7d4a74a88d2cac93b513c0853bf92c260eaceea0,data/CompEval-00217-of-00413.parquet,4,17,512,512,PNG,597543
cf_test_external_seen_family_aigi_1e2de4be9dbb44ee,test_external_seen_family/aigi/cf_test_external_seen_family_aigi_1e2de4be9dbb44ee_000468.png.png,1,test_external_seen_family,community-forensics-eval,kvikontent-midjourney-v6,test,test_external_seen_family,RAISE,kvikontent_midjourney_v6,kvikontent-midjourney-v6,LatDiff,family_seen,51fec8b410ee3456aa87426d542bd48cbb1f79b9ea1eb4d1fe127677e11db625,a5a55a967e724a98,20260828,7d4a74a88d2cac93b513c0853bf92c260eaceea0,data/CompEval-00092-of-00413.parquet,3,2,512,512,PNG,644221
cf_test_external_seen_family_aigi_1e4dd130b7a547ef,test_external_seen_family/aigi/cf_test_external_seen_family_aigi_1e4dd130b7a547ef_000572.png.png,1,test_external_seen_family,community-forensics-eval,lcm-lora-sdv15,test,test_external_seen_family,RAISE,LCM_lora_sdv15,lcm-lora-sdv15,LatDiff,family_seen,b000cb61f934b66b4c6d1e1e0133d72be5d2f7047dafd840eb2eb032a991a951,916c4e9b6c867335,20260828,7d4a74a88d2cac93b513c0853bf92c260eaceea0,data/CompEval-00359-of-00413.parquet,0,11,512,512,PNG,370788
cf_test_external_seen_family_aigi_1f3b686821879e63,test_external_seen_family/aigi/cf_test_external_seen_family_aigi_1f3b686821879e63_000840.png.png,1,test_external_seen_family,community-forensics-eval,hourglass,test,test_external_seen_family,,Hourglass,hourglass,PixDiff,family_seen,88ef4f211649c0092b5cab31f7cdcdb63f03d0e7efb39fb590b219979cbbd963,ade855964b0d1a97,20260828,7d4a74a88d2cac93b513c0853bf92c260eaceea0,data/CompEval-00081-of-00413.parquet,2,6,256,256,PNG,78086
cf_test_external_seen_family_aigi_1f4ebbe19ad7c740,test_external_seen_family/aigi/cf_test_external_seen_family_aigi_1f4ebbe19ad7c740_000918.png.png,1,test_external_seen_family,community-forensics-eval,kvikontent-midjourney-v6,test,test_external_seen_family,RAISE,kvikontent_midjourney_v6,kvikontent-midjourney-v6,LatDiff,family_seen,02f3aef892c01c441eb56f7e3cf59203c64e1ae29ca23162d8a5e01951de4b4f,e40f33f10f8e3a70,20260828,7d4a74a88d2cac93b513c0853bf92c260eaceea0,data/CompEval-00218-of-00413.parquet,3,18,512,512,PNG,457062
cf_test_external_seen_family_aigi_1f64797880a3b647,test_external_seen_family/aigi/cf_test_external_seen_family_aigi_1f64797880a3b647_000721.png.png,1,test_external_seen_family,community-forensics-eval,lcm-lora-sdv15,test,test_external_seen_family,RAISE,LCM_lora_sdv15,lcm-lora-sdv15,LatDiff,family_seen,e3f48c76cf6dad69b952b7faf045604401e242b10458af9bdf8adb8b3e8188bd,b5921a7da84ba3cc,20260828,7d4a74a88d2cac93b513c0853bf92c260eaceea0,data/CompEval-00363-of-00413.parquet,3,10,512,512,PNG,472967
cf_test_external_seen_family_aigi_1f76cd6e2ed9acf6,test_external_seen_family/aigi/cf_test_external_seen_family_aigi_1f76cd6e2ed9acf6_000320.png.png,1,test_external_seen_family,community-forensics-eval,lcm-lora-sdxl,test,test_external_seen_family,RAISE,LCM_lora_sdxl,lcm-lora-sdxl,LatDiff,family_seen,61888222579019d80c71894b4befcb7a61484f8a508728fb5592cbe34147b21d,815a7d08608f2fef,20260828,7d4a74a88d2cac93b513c0853bf92c260eaceea0,data/CompEval-00062-of-00413.parquet,3,15,1024,1024,PNG,1359890
cf_test_external_seen_family_aigi_1f885f7cc093ef69,test_external_seen_family/aigi/cf_test_external_seen_family_aigi_1f885f7cc093ef69_000779.png.png,1,test_external_seen_family,community-forensics-eval,decidiffusionv2,test,test_external_seen_family,RAISE,DeciDiffusionV2,decidiffusionv2,LatDiff,family_seen,889b6471ee544d856bccf1137cdb4c30ad19ce647d0b85ddd59a35a2912fc5e3,ed1556c821fe453a,20260828,7d4a74a88d2cac93b513c0853bf92c260eaceea0,data/CompEval-00315-of-00413.parquet,4,14,512,512,PNG,309119
cf_test_external_seen_family_aigi_201397a1d4ea1529,test_external_seen_family/aigi/cf_test_external_seen_family_aigi_201397a1d4ea1529_000670.png.png,1,test_external_seen_family,community-forensics-eval,lcm-lora-sdxl,test,test_external_seen_family,RAISE,LCM_lora_sdxl,lcm-lora-sdxl,LatDiff,family_seen,b7d126c292f8b599d492816176b2b58023fd772087c7d52fdab7f8bbc86c07bf,e3caccb4b6b4144b,20260828,7d4a74a88d2cac93b513c0853bf92c260eaceea0,data/CompEval-00058-of-00413.parquet,3,16,1024,1024,PNG,1619158
cf_test_external_seen_family_aigi_201dd2d8cb2cb1e1,test_external_seen_family/aigi/cf_test_external_seen_family_aigi_201dd2d8cb2cb1e1_000165.png.png,1,test_external_seen_family,community-forensics-eval,dfgan,test,test_external_seen_family,COCO,DFGAN,dfgan,GAN,family_seen,1553b44e701e969c81f5bcfbd7189bbf76ef4a86924e7ba2d47a56b0e2754f6f,92122d646d6de9d9,20260828,7d4a74a88d2cac93b513c0853bf92c260eaceea0,data/CompEval-00000-of-00413.parquet,0,12,256,256,PNG,92018
cf_test_external_seen_family_aigi_20678ad07451d684,test_external_seen_family/aigi/cf_test_external_seen_family_aigi_20678ad07451d684_000639.png.png,1,test_external_seen_family,community-forensics-eval,lcm-lora-sdxl,test,test_external_seen_family,RAISE,LCM_lora_sdxl,lcm-lora-sdxl,LatDiff,family_seen,61eda8cee6c1d07bc883383dbfe6f39f9be68d08f7c63dd68b2e19a4d28c5782,927b4d499fd182d8,20260828,7d4a74a88d2cac93b513c0853bf92c260eaceea0,data/CompEval-00378-of-00413.parquet,1,0,1024,1024,PNG,1469956
cf_test_external_seen_family_aigi_2068685dc3d27930,test_external_seen_family/aigi/cf_test_external_seen_family_aigi_2068685dc3d27930_000816.png.png,1,test_external_seen_family,community-forensics-eval,kvikontent-midjourney-v6,test,test_external_seen_family,RAISE,kvikontent_midjourney_v6,kvikontent-midjourney-v6,LatDiff,family_seen,ffbcfbb0e93ca6cf49f8718fc1c467e60f9cfe33634fca3ae6376a41bc73738c,d6c9383469e3c68e,20260828,7d4a74a88d2cac93b513c0853bf92c260eaceea0,data/CompEval-00217-of-00413.parquet,5,0,512,512,PNG,344120
cf_test_external_seen_family_aigi_206e2631a25d0dbe,test_external_seen_family/aigi/cf_test_external_seen_family_aigi_206e2631a25d0dbe_000880.png.png,1,test_external_seen_family,community-forensics-eval,dfgan,test,test_external_seen_family,COCO,DFGAN,dfgan,GAN,family_seen,145ddd4d2e16ae56747ae890159c290e2284938c8529135653e2063e92bd3857,a0f7dfb8808d831b,20260828,7d4a74a88d2cac93b513c0853bf92c260eaceea0,data/CompEval-00004-of-00413.parquet,0,5,256,256,PNG,121489
cf_test_external_seen_family_aigi_20b5b988742ce6df,test_external_seen_family/aigi/cf_test_external_seen_family_aigi_20b5b988742ce6df_000497.png.png,1,test_external_seen_family,community-forensics-eval,galip,test,test_external_seen_family,RAISE,GALIP,galip,GAN,family_seen,8109e38509d74fc5b5981b0d82a99a649c896fa8e1a6162eb8ca78e94c3d1ac4,81345ef93dc35e09,20260828,7d4a74a88d2cac93b513c0853bf92c260eaceea0,data/CompEval-00122-of-00413.parquet,4,1,224,224,PNG,97670
cf_test_external_seen_family_aigi_20c24aae0a8fb5d3,test_external_seen_family/aigi/cf_test_external_seen_family_aigi_20c24aae0a8fb5d3_000428.png.png,1,test_external_seen_family,community-forensics-eval,dfgan,test,test_external_seen_family,COCO,DFGAN,dfgan,GAN,family_seen,c0375386c25726610e71d06b231e453603fd8ce3070eff4660d67c3359f9637b,f4e50959d4b63632,20260828,7d4a74a88d2cac93b513c0853bf92c260eaceea0,data/CompEval-00002-of-00413.parquet,3,20,256,256,PNG,102316
cf_test_external_seen_family_aigi_20f236ef7469d3f3,test_external_seen_family/aigi/cf_test_external_seen_family_aigi_20f236ef7469d3f3_000370.png.png,1,test_external_seen_family,community-forensics-eval,galip,test,test_external_seen_family,RAISE,GALIP,galip,GAN,family_seen,e9c5a07afe4c586c06795b01ee88861de7f06847cc6b92921ee57412300cb38d,f8a385a547c9535a,20260828,7d4a74a88d2cac93b513c0853bf92c260eaceea0,data/CompEval-00119-of-00413.parquet,4,9,224,224,PNG,94312
cf_test_external_seen_family_aigi_21391acf505d7304,test_external_seen_family/aigi/cf_test_external_seen_family_aigi_21391acf505d7304_000129.png.png,1,test_external_seen_family,community-forensics-eval,galip,test,test_external_seen_family,RAISE,GALIP,galip,GAN,family_seen,a2c5fda8459a060be04d2dfd9d0419db4258b125970f7d155580d24b1167093b,fdedc888880475f3,20260828,7d4a74a88d2cac93b513c0853bf92c260eaceea0,data/CompEval-00122-of-00413.parquet,0,3,224,224,PNG,82329
cf_test_external_seen_family_aigi_213ed7d02ee18eca,test_external_seen_family/aigi/cf_test_external_seen_family_aigi_213ed7d02ee18eca_000235.png.png,1,test_external_seen_family,community-forensics-eval,hourglass,test,test_external_seen_family,,Hourglass,hourglass,PixDiff,family_seen,a7c0dddcf15f19f48c48103e7d56a40482ac22ddec660351ea89b0a3f02537f2,a881b40b84efdee9,20260828,7d4a74a88d2cac93b513c0853bf92c260eaceea0,data/CompEval-00087-of-00413.parquet,0,9,256,256,PNG,125773
cf_test_external_seen_family_aigi_2157d575896a61ca,test_external_seen_family/aigi/cf_test_external_seen_family_aigi_2157d575896a61ca_000400.png.png,1,test_external_seen_family,community-forensics-eval,lcm-lora-sdxl,test,test_external_seen_family,RAISE,LCM_lora_sdxl,lcm-lora-sdxl,LatDiff,family_seen,fde083c202f50419698fe52371de2a6a356ac10f40f9fe3f7b7c739a37f4ddd6,b8cfe552292452db,20260828,7d4a74a88d2cac93b513c0853bf92c260eaceea0,data/CompEval-00061-of-00413.parquet,1,15,1024,1024,PNG,1341194
cf_test_external_seen_family_aigi_216cdeb1d8565bdb,test_external_seen_family/aigi/cf_test_external_seen_family_aigi_216cdeb1d8565bdb_000468.png.png,1,test_external_seen_family,community-forensics-eval,lcm-lora-sdv15,test,test_external_seen_family,RAISE,LCM_lora_sdv15,lcm-lora-sdv15,LatDiff,family_seen,b9a8f6ae832e726ba70c26c03a3c8ba9355fa8a3a9cd91922434014463225736,89a65c0ba6d9d34e,20260828,7d4a74a88d2cac93b513c0853bf92c260eaceea0,data/CompEval-00357-of-00413.parquet,3,9,512,512,PNG,313402
cf_test_external_seen_family_aigi_219ef093bcf9798d,test_external_seen_family/aigi/cf_test_external_seen_family_aigi_219ef093bcf9798d_000235.png.png,1,test_external_seen_family,community-forensics-eval,lcm-lora-ssd1b,test,test_external_seen_family,RAISE,LCM_lora_ssd1b,lcm-lora-ssd1b,LatDiff,family_seen,0c84c914d61881bc921aaceda7f3dc2094ba74f409033bb685809b0267d146ca,9346f9990eb1664e,20260828,7d4a74a88d2cac93b513c0853bf92c260eaceea0,data/CompEval-00198-of-00413.parquet,0,2,1024,1024,PNG,1530530
cf_test_external_seen_family_aigi_21c4e7d0d24e02e9,test_external_seen_family/aigi/cf_test_external_seen_family_aigi_21c4e7d0d24e02e9_000557.png.png,1,test_external_seen_family,community-forensics-eval,kvikontent-midjourney-v6,test,test_external_seen_family,RAISE,kvikontent_midjourney_v6,kvikontent-midjourney-v6,LatDiff,family_seen,7ae6e57b0b4071dbdc40d5c8362d32a745338a10bea7f83814cf2f0f040ab40b,d9bcc38d71ca34c2,20260828,7d4a74a88d2cac93b513c0853bf92c260eaceea0,data/CompEval-00215-of-00413.parquet,2,0,512,512,PNG,539129
cf_test_external_seen_family_aigi_21d0aa1b31554395,test_external_seen_family/aigi/cf_test_external_seen_family_aigi_21d0aa1b31554395_000826.png.png,1,test_external_seen_family,community-forensics-eval,lcm-lora-sdv15,test,test_external_seen_family,RAISE,LCM_lora_sdv15,lcm-lora-sdv15,LatDiff,family_seen,1dfd21fe222836b28b0fa2a94aaf90bf7047cd81b0e8b8c16327e94d39076d27,cccc1bddc00377f0,20260828,7d4a74a88d2cac93b513c0853bf92c260eaceea0,data/CompEval-00363-of-00413.parquet,2,19,512,512,PNG,369068
cf_test_external_seen_family_aigi_220f400533583c1d,test_external_seen_family/aigi/cf_test_external_seen_family_aigi_220f400533583c1d_000769.png.png,1,test_external_seen_family,community-forensics-eval,kvikontent-midjourney-v6,test,test_external_seen_family,RAISE,kvikontent_midjourney_v6,kvikontent-midjourney-v6,LatDiff,family_seen,6820031c487dfa18e6a4f9a31997be8157a9ed11de577f37c9467cff6e2bfa6c,a5a3e42e6136e8cd,20260828,7d4a74a88d2cac93b513c0853bf92c260eaceea0,data/CompEval-00218-of-00413.parquet,3,4,512,512,PNG,489096
cf_test_external_seen_family_aigi_225f60c29fb1d406,test_external_seen_family/aigi/cf_test_external_seen_family_aigi_225f60c29fb1d406_000717.png.png,1,test_external_seen_family,community-forensics-eval,lcm-lora-sdxl,test,test_external_seen_family,RAISE,LCM_lora_sdxl,lcm-lora-sdxl,LatDiff,family_seen,e67e647eeb69b4311ae9283b6e731112531a17d010de7bf2cb422cb5eedab960,977e4691ba9266a1,20260828,7d4a74a88d2cac93b513c0853bf92c260eaceea0,data/CompEval-00056-of-00413.parquet,4,0,1024,1024,PNG,1581732
cf_test_external_seen_family_aigi_22ab055ffaf61623,test_external_seen_family/aigi/cf_test_external_seen_family_aigi_22ab055ffaf61623_000025.png.png,1,test_external_seen_family,community-forensics-eval,hourglass,test,test_external_seen_family,,Hourglass,hourglass,PixDiff,family_seen,24f4cbbe71fd43d0dfbceced68800e117912cb1925168ceba88e74f8d9f313ea,a1fcbe02057dd037,20260828,7d4a74a88d2cac93b513c0853bf92c260eaceea0,data/CompEval-00151-of-00413.parquet,2,13,256,256,PNG,73763
cf_test_external_seen_family_aigi_22c39ca6894c5c10,test_external_seen_family/aigi/cf_test_external_seen_family_aigi_22c39ca6894c5c10_000979.png.png,1,test_external_seen_family,community-forensics-eval,kvikontent-midjourney-v6,test,test_external_seen_family,RAISE,kvikontent_midjourney_v6,kvikontent-midjourney-v6,LatDiff,family_seen,8989411a8801fcd8925b90188c2ff4fc6fd0421654410a8eb9c74817aa4c0f2c,984767b88f737094,20260828,7d4a74a88d2cac93b513c0853bf92c260eaceea0,data/CompEval-00217-of-00413.parquet,4,24,512,512,PNG,552867
cf_test_external_seen_family_aigi_233e0a05e4e9f523,test_external_seen_family/aigi/cf_test_external_seen_family_aigi_233e0a05e4e9f523_000513.png.png,1,test_external_seen_family,community-forensics-eval,kvikontent-midjourney-v6,test,test_external_seen_family,RAISE,kvikontent_midjourney_v6,kvikontent-midjourney-v6,LatDiff,family_seen,f8ff6f96af7dae4d4bc2e813d94b57c378382e93b854e2c48a440e210b45e66a,f3954c62b247ad49,20260828,7d4a74a88d2cac93b513c0853bf92c260eaceea0,data/CompEval-00218-of-00413.parquet,0,19,512,512,PNG,405330
cf_test_external_seen_family_aigi_235ff566c339e4ac,test_external_seen_family/aigi/cf_test_external_seen_family_aigi_235ff566c339e4ac_000522.png.png,1,test_external_seen_family,community-forensics-eval,kvikontent-midjourney-v6,test,test_external_seen_family,RAISE,kvikontent_midjourney_v6,kvikontent-midjourney-v6,LatDiff,family_seen,bb91141fa32d4271ef86fb62e406b91838ab220bf748d6d63ec939a0bf11dd70,85605f7fc8d046bc,20260828,7d4a74a88d2cac93b513c0853bf92c260eaceea0,data/CompEval-00216-of-00413.parquet,1,9,512,512,PNG,467939
cf_test_external_seen_family_aigi_236a6245b4b1a1bd,test_external_seen_family/aigi/cf_test_external_seen_family_aigi_236a6245b4b1a1bd_000873.png.png,1,test_external_seen_family,community-forensics-eval,dfgan,test,test_external_seen_family,COCO,DFGAN,dfgan,GAN,family_seen,4f3b5e356202d3d2378c52eeadbae8695535f25a0382dcea75d72f365d73c82e,c1aba0458752edaf,20260828,7d4a74a88d2cac93b513c0853bf92c260eaceea0,data/CompEval-00003-of-00413.parquet,3,3,256,256,PNG,106151
cf_test_external_seen_family_aigi_236fed77e2c25004,test_external_seen_family/aigi/cf_test_external_seen_family_aigi_236fed77e2c25004_000394.png.png,1,test_external_seen_family,community-forensics-eval,lcm-lora-ssd1b,test,test_external_seen_family,RAISE,LCM_lora_ssd1b,lcm-lora-ssd1b,LatDiff,family_seen,061f7c517d6c815cef84f6064f6e66ea6002b6d9da272eea425bdf3b48fc0d75,b364491b56e2bd19,20260828,7d4a74a88d2cac93b513c0853bf92c260eaceea0,data/CompEval-00191-of-00413.parquet,3,1,1024,1024,PNG,1227165
cf_test_external_seen_family_aigi_23dcbfdf9dffd769,test_external_seen_family/aigi/cf_test_external_seen_family_aigi_23dcbfdf9dffd769_000168.png.png,1,test_external_seen_family,community-forensics-eval,lcm-lora-ssd1b,test,test_external_seen_family,RAISE,LCM_lora_ssd1b,lcm-lora-ssd1b,LatDiff,family_seen,9285382c7f43e4da8aa9b9d672af9ee4a6eda4431aa27500577b6ce9d7d3ee71,cc9ab33e3e484875,20260828,7d4a74a88d2cac93b513c0853bf92c260eaceea0,data/CompEval-00197-of-00413.parquet,0,4,1024,1024,PNG,1445576
cf_test_external_seen_family_aigi_24564fb325e8b2f9,test_external_seen_family/aigi/cf_test_external_seen_family_aigi_24564fb325e8b2f9_000618.png.png,1,test_external_seen_family,community-forensics-eval,galip,test,test_external_seen_family,RAISE,GALIP,galip,GAN,family_seen,2181715bf95078559696706e3c43f84bb7a6369d3eafc4ae2806550ef61fce8a,bcdc4961a6b61dc4,20260828,7d4a74a88d2cac93b513c0853bf92c260eaceea0,data/CompEval-00123-of-00413.parquet,3,11,224,224,PNG,79405
cf_test_external_seen_family_aigi_24cfd5b02bc34c9e,test_external_seen_family/aigi/cf_test_external_seen_family_aigi_24cfd5b02bc34c9e_000186.png.png,1,test_external_seen_family,community-forensics-eval,lcm-lora-sdxl,test,test_external_seen_family,RAISE,LCM_lora_sdxl,lcm-lora-sdxl,LatDiff,family_seen,056fe0f4dbd656e1c47dea42548fde01b8af38f7ebf5180437b5a8c85e2eb83f,c9d986ee6c989287,20260828,7d4a74a88d2cac93b513c0853bf92c260eaceea0,data/CompEval-00055-of-00413.parquet,4,16,1024,1024,PNG,1374879
cf_test_external_seen_family_aigi_2522f3eed4c67c34,test_external_seen_family/aigi/cf_test_external_seen_family_aigi_2522f3eed4c67c34_000887.png.png,1,test_external_seen_family,community-forensics-eval,lcm-lora-sdv15,test,test_external_seen_family,RAISE,LCM_lora_sdv15,lcm-lora-sdv15,LatDiff,family_seen,9c057e8cbb6a7107996c97656f32542e9a3b8d2d8bf5633a3a52c6692c976734,c41f5aa51ce3366a,20260828,7d4a74a88d2cac93b513c0853bf92c260eaceea0,data/CompEval-00113-of-00413.parquet,2,24,512,512,PNG,346639
cf_test_external_seen_family_aigi_252323cd1cb77cdc,test_external_seen_family/aigi/cf_test_external_seen_family_aigi_252323cd1cb77cdc_000786.png.png,1,test_external_seen_family,community-forensics-eval,galip,test,test_external_seen_family,RAISE,GALIP,galip,GAN,family_seen,d42173ec843832677c41a0666a3834f2195d7734a2381bd2f0268079ca1f86c6,e6a599e2c698981f,20260828,7d4a74a88d2cac93b513c0853bf92c260eaceea0,data/CompEval-00123-of-00413.parquet,3,0,224,224,PNG,85667
cf_test_external_seen_family_aigi_25cbe31bd5e2fca7,test_external_seen_family/aigi/cf_test_external_seen_family_aigi_25cbe31bd5e2fca7_000465.png.png,1,test_external_seen_family,community-forensics-eval,kandinsky-2-2,test,test_external_seen_family,RAISE,kandinsky_2_2,kandinsky-2-2,LatDiff,family_seen,360c0b4f875f6dc36742e1f91ec250c3a6bf6736c29aec815543ca8e6096530f,df7f989084c30bc6,20260828,7d4a74a88d2cac93b513c0853bf92c260eaceea0,data/CompEval-00240-of-00413.parquet,2,2,768,768,PNG,896877
cf_test_external_seen_family_aigi_25d6e1cdb8eff26c,test_external_seen_family/aigi/cf_test_external_seen_family_aigi_25d6e1cdb8eff26c_000109.png.png,1,test_external_seen_family,community-forensics-eval,decidiffusionv2,test,test_external_seen_family,RAISE,DeciDiffusionV2,decidiffusionv2,LatDiff,family_seen,3ba8b8129fc69c94283e004a8e03db84563ad1c84be04b19811a92136fb8a1e2,b419cb663999a6c3,20260828,7d4a74a88d2cac93b513c0853bf92c260eaceea0,data/CompEval-00316-of-00413.parquet,4,0,512,512,PNG,266099
cf_test_external_seen_family_aigi_26511b1ea8e73d97,test_external_seen_family/aigi/cf_test_external_seen_family_aigi_26511b1ea8e73d97_000277.png.png,1,test_external_seen_family,community-forensics-eval,lcm-lora-sdxl,test,test_external_seen_family,RAISE,LCM_lora_sdxl,lcm-lora-sdxl,LatDiff,family_seen,9ff2b31159c6e0ad9205f8fdd5edb649302ac4c06483437594207db04c1e4421,e4d01a7ea5357aa4,20260828,7d4a74a88d2cac93b513c0853bf92c260eaceea0,data/CompEval-00062-of-00413.parquet,4,20,1024,1024,PNG,1565456
cf_test_external_seen_family_aigi_26b0b3ac3549a31a,test_external_seen_family/aigi/cf_test_external_seen_family_aigi_26b0b3ac3549a31a_000012.png.png,1,test_external_seen_family,community-forensics-eval,decidiffusionv2,test,test_external_seen_family,RAISE,DeciDiffusionV2,decidiffusionv2,LatDiff,family_seen,aebf7312fb3624cacc31b130ef06d0f409f9f0c8de8389f86cbb557cb10d4103,b3e7cb4aa40e0ae9,20260828,7d4a74a88d2cac93b513c0853bf92c260eaceea0,data/CompEval-00313-of-00413.parquet,3,2,512,512,PNG,428175
cf_test_external_seen_family_aigi_26d229633d5455fb,test_external_seen_family/aigi/cf_test_external_seen_family_aigi_26d229633d5455fb_000777.png.png,1,test_external_seen_family,community-forensics-eval,decidiffusionv2,test,test_external_seen_family,RAISE,DeciDiffusionV2,decidiffusionv2,LatDiff,family_seen,030094d1c4b72dfd8493fef39c7b16aaf85770cd3cf40c22b48d5be31e9a1470,a63f191a36066de5,20260828,7d4a74a88d2cac93b513c0853bf92c260eaceea0,data/CompEval-00312-of-00413.parquet,0,12,512,512,PNG,319787
cf_test_external_seen_family_aigi_26d52dc7b219ffd4,test_external_seen_family/aigi/cf_test_external_seen_family_aigi_26d52dc7b219ffd4_000257.png.png,1,test_external_seen_family,community-forensics-eval,lcm-lora-ssd1b,test,test_external_seen_family,RAISE,LCM_lora_ssd1b,lcm-lora-ssd1b,LatDiff,family_seen,b5d8a5bff4c08111ed6d6c0c1e2693cc04573ca2a270542f8f19d434db02bb88,d699c96c6433b392,20260828,7d4a74a88d2cac93b513c0853bf92c260eaceea0,data/CompEval-00197-of-00413.parquet,3,24,1024,1024,PNG,959810
cf_test_external_seen_family_aigi_270a5ec09fa9c48b,test_external_seen_family/aigi/cf_test_external_seen_family_aigi_270a5ec09fa9c48b_000590.png.png,1,test_external_seen_family,community-forensics-eval,lcm-lora-sdv15,test,test_external_seen_family,RAISE,LCM_lora_sdv15,lcm-lora-sdv15,LatDiff,family_seen,a5362c8b26057afdb083adf17e0242d1ade97ab900c4c226d7adf65ae55c5607,a4c81b936d3be626,20260828,7d4a74a88d2cac93b513c0853bf92c260eaceea0,data/CompEval-00359-of-00413.parquet,4,5,512,512,PNG,379071
cf_test_external_seen_family_aigi_2716442c00829862,test_external_seen_family/aigi/cf_test_external_seen_family_aigi_2716442c00829862_000723.png.png,1,test_external_seen_family,community-forensics-eval,hourglass,test,test_external_seen_family,FFHQ,Hourglass,hourglass,PixDiff,family_seen,4adc28f2f3274f132210896b540dbce19437da617769f2b61263bead6c3a5b25,bdad90728352e993,20260828,7d4a74a88d2cac93b513c0853bf92c260eaceea0,data/CompEval-00272-of-00413.parquet,4,15,1024,1024,PNG,1108578
cf_test_external_seen_family_aigi_275b8f7e76ede878,test_external_seen_family/aigi/cf_test_external_seen_family_aigi_275b8f7e76ede878_000476.png.png,1,test_external_seen_family,community-forensics-eval,lcm-lora-sdv15,test,test_external_seen_family,RAISE,LCM_lora_sdv15,lcm-lora-sdv15,LatDiff,family_seen,43255e76da748da86f5b900ea647f4d0a1b9b5ba0c2e05a5465acc4a15d1bba8,b083b5de81d10edd,20260828,7d4a74a88d2cac93b513c0853bf92c260eaceea0,data/CompEval-00362-of-00413.parquet,0,7,512,512,PNG,361365
cf_test_external_seen_family_aigi_27ae12dddde75771,test_external_seen_family/aigi/cf_test_external_seen_family_aigi_27ae12dddde75771_000962.png.png,1,test_external_seen_family,community-forensics-eval,dfgan,test,test_external_seen_family,COCO,DFGAN,dfgan,GAN,family_seen,51ad773905b5221e1af5dedec7617b77c2d754ce500196dfd4a002f44ae9765e,9392ad642f644f78,20260828,7d4a74a88d2cac93b513c0853bf92c260eaceea0,data/CompEval-00002-of-00413.parquet,2,13,256,256,PNG,111526
cf_test_external_seen_family_aigi_27af9aa2621e3cd8,test_external_seen_family/aigi/cf_test_external_seen_family_aigi_27af9aa2621e3cd8_000480.png.png,1,test_external_seen_family,community-forensics-eval,lcm-lora-sdxl,test,test_external_seen_family,RAISE,LCM_lora_sdxl,lcm-lora-sdxl,LatDiff,family_seen,7f2ef7a210e31cdbd536dde46af584ca649e8dbb8660a6db44a97cd22a4d0063,93990eb36b4a3d13,20260828,7d4a74a88d2cac93b513c0853bf92c260eaceea0,data/CompEval-00060-of-00413.parquet,4,17,1024,1024,PNG,1392763
cf_test_external_seen_family_aigi_27b1036912d800c4,test_external_seen_family/aigi/cf_test_external_seen_family_aigi_27b1036912d800c4_000688.png.png,1,test_external_seen_family,community-forensics-eval,hourglass,test,test_external_seen_family,FFHQ,Hourglass,hourglass,PixDiff,family_seen,6bec331a02fa2a30761de2cd31f01d176f7799d43b1eb959add267e8bdee16a3,d3452ae626e626e6,20260828,7d4a74a88d2cac93b513c0853bf92c260eaceea0,data/CompEval-00126-of-00413.parquet,2,22,1024,1024,PNG,1066753
cf_test_external_seen_family_aigi_28c3e702731ddc27,test_external_seen_family/aigi/cf_test_external_seen_family_aigi_28c3e702731ddc27_000308.png.png,1,test_external_seen_family,community-forensics-eval,galip,test,test_external_seen_family,RAISE,GALIP,galip,GAN,family_seen,514f605d36a1b81b8ec1bf9abacd03610a653531d60f741b2300f361135687d3,fbe9808b7b61406b,20260828,7d4a74a88d2cac93b513c0853bf92c260eaceea0,data/CompEval-00124-of-00413.parquet,2,10,224,224,PNG,42949
cf_test_external_seen_family_aigi_28ec7aa1cc3cb662,test_external_seen_family/aigi/cf_test_external_seen_family_aigi_28ec7aa1cc3cb662_000049.png.png,1,test_external_seen_family,community-forensics-eval,kvikontent-midjourney-v6,test,test_external_seen_family,RAISE,kvikontent_midjourney_v6,kvikontent-midjourney-v6,LatDiff,family_seen,797f51a0e82129cf085a6bb86a6ab4b8f5c39b95fbe5b52f8ac6de792ae14954,9a8bc4e4f86ccf03,20260828,7d4a74a88d2cac93b513c0853bf92c260eaceea0,data/CompEval-00090-of-00413.parquet,0,19,512,512,PNG,518628
cf_test_external_seen_family_aigi_296e5e62f0160e8e,test_external_seen_family/aigi/cf_test_external_seen_family_aigi_296e5e62f0160e8e_000935.png.png,1,test_external_seen_family,community-forensics-eval,kandinsky-2-2,test,test_external_seen_family,RAISE,kandinsky_2_2,kandinsky-2-2,LatDiff,family_seen,ea818c77a783ca5cace3c785ced22d15b2a0736fda0c10c6df9dbcafb0831187,9de388654a9c6fa4,20260828,7d4a74a88d2cac93b513c0853bf92c260eaceea0,data/CompEval-00246-of-00413.parquet,0,2,768,768,PNG,795052
cf_test_external_seen_family_aigi_296efa77a713a738,test_external_seen_family/aigi/cf_test_external_seen_family_aigi_296efa77a713a738_000656.png.png,1,test_external_seen_family,community-forensics-eval,lcm-lora-ssd1b,test,test_external_seen_family,RAISE,LCM_lora_ssd1b,lcm-lora-ssd1b,LatDiff,family_seen,014f4196d0ae95e9a9e6789c6d9056f954159b3a840c0fa124820319ea6b752e,80b019e27fc57e95,20260828,7d4a74a88d2cac93b513c0853bf92c260eaceea0,data/CompEval-00195-of-00413.parquet,2,8,1024,1024,PNG,1568088
cf_test_external_seen_family_aigi_2983de2102a797bc,test_external_seen_family/aigi/cf_test_external_seen_family_aigi_2983de2102a797bc_000241.png.png,1,test_external_seen_family,community-forensics-eval,lcm-lora-sdv15,test,test_external_seen_family,RAISE,LCM_lora_sdv15,lcm-lora-sdv15,LatDiff,family_seen,052e08075a2ffceea955be613851149fd770acc43138a8e888f08049be39bbc7,9994c83bc42bcd9d,20260828,7d4a74a88d2cac93b513c0853bf92c260eaceea0,data/CompEval-00362-of-00413.parquet,0,10,512,512,PNG,370645
cf_test_external_seen_family_aigi_299fcf1dfce461e0,test_external_seen_family/aigi/cf_test_external_seen_family_aigi_299fcf1dfce461e0_000806.png.png,1,test_external_seen_family,community-forensics-eval,lcm-lora-sdv15,test,test_external_seen_family,RAISE,LCM_lora_sdv15,lcm-lora-sdv15,LatDiff,family_seen,fac4d2534fa7473e81b4df6c57952b7b927e2fc1a21e8d907f0c0308e187aea7,93ce4c836a696597,20260828,7d4a74a88d2cac93b513c0853bf92c260eaceea0,data/CompEval-00309-of-00413.parquet,3,19,512,512,PNG,395281
cf_test_external_seen_family_aigi_29c654d48a5c8c65,test_external_seen_family/aigi/cf_test_external_seen_family_aigi_29c654d48a5c8c65_000115.png.png,1,test_external_seen_family,community-forensics-eval,galip,test,test_external_seen_family,RAISE,GALIP,galip,GAN,family_seen,9ed977fe6f5fbf38ad0c9697404c13c36e47d8fc85cf6936ba534765a05e5d8a,9f8787070f0f070f,20260828,7d4a74a88d2cac93b513c0853bf92c260eaceea0,data/CompEval-00124-of-00413.parquet,3,9,224,224,PNG,45304
cf_test_external_seen_family_aigi_2a3979b96c1e1424,test_external_seen_family/aigi/cf_test_external_seen_family_aigi_2a3979b96c1e1424_000444.png.png,1,test_external_seen_family,community-forensics-eval,dfgan,test,test_external_seen_family,COCO,DFGAN,dfgan,GAN,family_seen,1e772e57e6c31e974889ed8efb55f09bd211d1160526567db6ca1d94104ad923,e4a45b918f99929b,20260828,7d4a74a88d2cac93b513c0853bf92c260eaceea0,data/CompEval-00002-of-00413.parquet,2,9,256,256,PNG,101176
cf_test_external_seen_family_aigi_2a64ec8c7bdf8aa0,test_external_seen_family/aigi/cf_test_external_seen_family_aigi_2a64ec8c7bdf8aa0_000541.png.png,1,test_external_seen_family,community-forensics-eval,kvikontent-midjourney-v6,test,test_external_seen_family,RAISE,kvikontent_midjourney_v6,kvikontent-midjourney-v6,LatDiff,family_seen,42d2b92abb2834b6a3b7ac68e47ded4baa4167a5b77f41299c67d6d4be34a0fe,eac305b8bdc74b84,20260828,7d4a74a88d2cac93b513c0853bf92c260eaceea0,data/CompEval-00090-of-00413.parquet,1,14,512,512,PNG,455503
cf_test_external_seen_family_aigi_2a97fad1540b71d7,test_external_seen_family/aigi/cf_test_external_seen_family_aigi_2a97fad1540b71d7_000359.png.png,1,test_external_seen_family,community-forensics-eval,lcm-lora-sdv15,test,test_external_seen_family,RAISE,LCM_lora_sdv15,lcm-lora-sdv15,LatDiff,family_seen,827ec60942d1eeb8dc0e2e6c92de2f42b7d4afa6f93f0cc08c545c765b36f5ec,c3c7c4b138c6c36e,20260828,7d4a74a88d2cac93b513c0853bf92c260eaceea0,data/CompEval-00361-of-00413.parquet,1,6,512,512,PNG,294623
cf_test_external_seen_family_aigi_2abf2b1b92d9381e,test_external_seen_family/aigi/cf_test_external_seen_family_aigi_2abf2b1b92d9381e_000626.png.png,1,test_external_seen_family,community-forensics-eval,kvikontent-midjourney-v6,test,test_external_seen_family,RAISE,kvikontent_midjourney_v6,kvikontent-midjourney-v6,LatDiff,family_seen,5b0cd488ea145a38030b5f25e50d813c66011081c9e7635fc64a15bf6bf9c9a9,94bad8d10a87a7a7,20260828,7d4a74a88d2cac93b513c0853bf92c260eaceea0,data/CompEval-00090-of-00413.parquet,4,11,512,512,PNG,426942
cf_test_external_seen_family_aigi_2ad32e5e03b882a8,test_external_seen_family/aigi/cf_test_external_seen_family_aigi_2ad32e5e03b882a8_000779.png.png,1,test_external_seen_family,community-forensics-eval,hourglass,test,test_external_seen_family,,Hourglass,hourglass,PixDiff,family_seen,f4c361b853adc22b7a0f084f854776cb566ed850bbc990414fae277ee235af17,c79fc1680fc63351,20260828,7d4a74a88d2cac93b513c0853bf92c260eaceea0,data/CompEval-00083-of-00413.parquet,2,24,256,256,PNG,99637
cf_test_external_seen_family_aigi_2ad7713622711eea,test_external_seen_family/aigi/cf_test_external_seen_family_aigi_2ad7713622711eea_000334.png.png,1,test_external_seen_family,community-forensics-eval,lcm-lora-ssd1b,test,test_external_seen_family,RAISE,LCM_lora_ssd1b,lcm-lora-ssd1b,LatDiff,family_seen,ed092b661e71e924da335ba132899e68420735605682ec5882fb3db1d39c4c11,c5b3976c225ba683,20260828,7d4a74a88d2cac93b513c0853bf92c260eaceea0,data/CompEval-00196-of-00413.parquet,3,13,1024,1024,PNG,1648093
cf_test_external_seen_family_aigi_2af5e091c6d1f578,test_external_seen_family/aigi/cf_test_external_seen_family_aigi_2af5e091c6d1f578_000319.png.png,1,test_external_seen_family,community-forensics-eval,lcm-lora-sdv15,test,test_external_seen_family,RAISE,LCM_lora_sdv15,lcm-lora-sdv15,LatDiff,family_seen,4284bd8bd8bc27d35678232056b9573bd979d3c6be46ec8233633675d409b2b1,aabf558895c07a6a,20260828,7d4a74a88d2cac93b513c0853bf92c260eaceea0,data/CompEval-00361-of-00413.parquet,0,21,512,512,PNG,317098
cf_test_external_seen_family_aigi_2b2a82f0ddbf6bf2,test_external_seen_family/aigi/cf_test_external_seen_family_aigi_2b2a82f0ddbf6bf2_000106.png.png,1,test_external_seen_family,community-forensics-eval,kandinsky-2-2,test,test_external_seen_family,RAISE,kandinsky_2_2,kandinsky-2-2,LatDiff,family_seen,7eb5ddde7e9f3d0374b16b30d03a567f746bc27d8cb226ceaa6ba6cf82f95e62,95d5a19378699e98,20260828,7d4a74a88d2cac93b513c0853bf92c260eaceea0,data/CompEval-00245-of-00413.parquet,0,0,768,768,PNG,859258
cf_test_external_seen_family_aigi_2bda1e36f21d9d7e,test_external_seen_family/aigi/cf_test_external_seen_family_aigi_2bda1e36f21d9d7e_000118.png.png,1,test_external_seen_family,community-forensics-eval,lcm-lora-sdxl,test,test_external_seen_family,RAISE,LCM_lora_sdxl,lcm-lora-sdxl,LatDiff,family_seen,3ae03bc573dd9e00fa3eaab19e733cd6ae28904d64b8c5555284833d045021f1,8d798af4423dc22f,20260828,7d4a74a88d2cac93b513c0853bf92c260eaceea0,data/CompEval-00058-of-00413.parquet,4,6,1024,1024,PNG,2131878
cf_test_external_seen_family_aigi_2be99864cd15fc0f,test_external_seen_family/aigi/cf_test_external_seen_family_aigi_2be99864cd15fc0f_000751.png.png,1,test_external_seen_family,community-forensics-eval,decidiffusionv2,test,test_external_seen_family,RAISE,DeciDiffusionV2,decidiffusionv2,LatDiff,family_seen,073f8571b89c1a3e8227b31f6a55b968df5dfa87c2337389062b5ab38b0030d5,ed1bc0e4d8e1c64e,20260828,7d4a74a88d2cac93b513c0853bf92c260eaceea0,data/CompEval-00314-of-00413.parquet,2,21,512,512,PNG,423002
cf_test_external_seen_family_aigi_2bf27b4111bb2270,test_external_seen_family/aigi/cf_test_external_seen_family_aigi_2bf27b4111bb2270_000537.png.png,1,test_external_seen_family,community-forensics-eval,kvikontent-midjourney-v6,test,test_external_seen_family,RAISE,kvikontent_midjourney_v6,kvikontent-midjourney-v6,LatDiff,family_seen,8d4b4e68248def6320602ac38f57a612e2bfc28e65828b1e176acf4ff68744a2,b7146c81d336e6c3,20260828,7d4a74a88d2cac93b513c0853bf92c260eaceea0,data/CompEval-00092-of-00413.parquet,4,6,512,512,PNG,622760
cf_test_external_seen_family_aigi_2cbda6aa54a038e2,test_external_seen_family/aigi/cf_test_external_seen_family_aigi_2cbda6aa54a038e2_000822.png.png,1,test_external_seen_family,community-forensics-eval,dfgan,test,test_external_seen_family,COCO,DFGAN,dfgan,GAN,family_seen,61471d5dbe2f6710965fa05880e665d030bffbf989b7904c2f87430c59d5a5ae,e5ec13939292d3a6,20260828,7d4a74a88d2cac93b513c0853bf92c260eaceea0,data/CompEval-00006-of-00413.parquet,0,2,256,256,PNG,111871
cf_test_external_seen_family_aigi_2cc46ed663543e22,test_external_seen_family/aigi/cf_test_external_seen_family_aigi_2cc46ed663543e22_000396.png.png,1,test_external_seen_family,community-forensics-eval,kvikontent-midjourney-v6,test,test_external_seen_family,RAISE,kvikontent_midjourney_v6,kvikontent-midjourney-v6,LatDiff,family_seen,1a1952c79767595e1d83354a7c70838a81c8a1547a0b52ca8357eed2fb1854d3,9191937cc43dd46b,20260828,7d4a74a88d2cac93b513c0853bf92c260eaceea0,data/CompEval-00094-of-00413.parquet,3,1,512,512,PNG,609983
cf_test_external_seen_family_aigi_2cd0d00ff707963e,test_external_seen_family/aigi/cf_test_external_seen_family_aigi_2cd0d00ff707963e_000692.png.png,1,test_external_seen_family,community-forensics-eval,decidiffusionv2,test,test_external_seen_family,RAISE,DeciDiffusionV2,decidiffusionv2,LatDiff,family_seen,937f64722e19567706af9ee20bd8fc1edcf2d210db9d91b337d08133441be9a4,e8875ad3866db258,20260828,7d4a74a88d2cac93b513c0853bf92c260eaceea0,data/CompEval-00312-of-00413.parquet,2,2,512,512,PNG,385486
cf_test_external_seen_family_aigi_2d32f92efcd4b49e,test_external_seen_family/aigi/cf_test_external_seen_family_aigi_2d32f92efcd4b49e_000738.png.png,1,test_external_seen_family,community-forensics-eval,lcm-lora-ssd1b,test,test_external_seen_family,RAISE,LCM_lora_ssd1b,lcm-lora-ssd1b,LatDiff,family_seen,44762f94b388599bb701232a6fb97b14fb96305a0cf7ba34695485913f46b3c9,89d6c8dfc6c8b0a3,20260828,7d4a74a88d2cac93b513c0853bf92c260eaceea0,data/CompEval-00195-of-00413.parquet,1,21,1024,1024,PNG,1915648
cf_test_external_seen_family_aigi_2dc86c6231b9cb65,test_external_seen_family/aigi/cf_test_external_seen_family_aigi_2dc86c6231b9cb65_000318.png.png,1,test_external_seen_family,community-forensics-eval,kandinsky-2-2,test,test_external_seen_family,RAISE,kandinsky_2_2,kandinsky-2-2,LatDiff,family_seen,f59128183180fcc705b18343233316cbe72629620a886ec5af3dfa8fb76276b4,d143ec0c1af36ce3,20260828,7d4a74a88d2cac93b513c0853bf92c260eaceea0,data/CompEval-00161-of-00413.parquet,4,4,768,768,PNG,1014629
cf_test_external_seen_family_aigi_2dce26633469e93b,test_external_seen_family/aigi/cf_test_external_seen_family_aigi_2dce26633469e93b_000979.png.png,1,test_external_seen_family,community-forensics-eval,lcm-lora-ssd1b,test,test_external_seen_family,RAISE,LCM_lora_ssd1b,lcm-lora-ssd1b,LatDiff,family_seen,202410b63937bc9213f659fcc22cef8719d0d1183241520c462671b3dfb0e9b4,ed1fe2b8d2643886,20260828,7d4a74a88d2cac93b513c0853bf92c260eaceea0,data/CompEval-00195-of-00413.parquet,2,15,1024,1024,PNG,1728752
cf_test_external_seen_family_aigi_2ddb66cfdb9506e8,test_external_seen_family/aigi/cf_test_external_seen_family_aigi_2ddb66cfdb9506e8_000887.png.png,1,test_external_seen_family,community-forensics-eval,decidiffusionv2,test,test_external_seen_family,RAISE,DeciDiffusionV2,decidiffusionv2,LatDiff,family_seen,9335a2a12c1e1113a9d7e561a79c8e401c9948aee24bfc3433e1249b5422d205,b9cc44373a68d137,20260828,7d4a74a88d2cac93b513c0853bf92c260eaceea0,data/CompEval-00318-of-00413.parquet,2,6,512,512,PNG,484420
cf_test_external_seen_family_aigi_2eb52d2c420bfb60,test_external_seen_family/aigi/cf_test_external_seen_family_aigi_2eb52d2c420bfb60_000452.png.png,1,test_external_seen_family,community-forensics-eval,decidiffusionv2,test,test_external_seen_family,RAISE,DeciDiffusionV2,decidiffusionv2,LatDiff,family_seen,d6f596b6ad546a72eea20ddff13b7b0338c8df8f952dc6b8528ce90c970ed459,d650efad22155ad4,20260828,7d4a74a88d2cac93b513c0853bf92c260eaceea0,data/CompEval-00318-of-00413.parquet,3,8,512,512,PNG,450357
cf_test_external_seen_family_aigi_2f02167328a85691,test_external_seen_family/aigi/cf_test_external_seen_family_aigi_2f02167328a85691_000282.png.png,1,test_external_seen_family,community-forensics-eval,lcm-lora-ssd1b,test,test_external_seen_family,RAISE,LCM_lora_ssd1b,lcm-lora-ssd1b,LatDiff,family_seen,b9c7f2b454c73b28245856508227c98c2a2b18cf732e65f04f813ca405187c9a,9246e6de2ce6c646,20260828,7d4a74a88d2cac93b513c0853bf92c260eaceea0,data/CompEval-00195-of-00413.parquet,3,20,1024,1024,PNG,1744627
cf_test_external_seen_family_aigi_2f12326206d9e401,test_external_seen_family/aigi/cf_test_external_seen_family_aigi_2f12326206d9e401_000319.png.png,1,test_external_seen_family,community-forensics-eval,lcm-lora-sdxl,test,test_external_seen_family,RAISE,LCM_lora_sdxl,lcm-lora-sdxl,LatDiff,family_seen,5484563134e79375ab859595b16882879abf8e966fea9ed3cb32632fae5b3e9e,b8e307e8468679ae,20260828,7d4a74a88d2cac93b513c0853bf92c260eaceea0,data/CompEval-00059-of-00413.parquet,2,1,1024,1024,PNG,1374755
cf_test_external_seen_family_aigi_2f14a59227ec1202,test_external_seen_family/aigi/cf_test_external_seen_family_aigi_2f14a59227ec1202_000471.png.png,1,test_external_seen_family,community-forensics-eval,galip,test,test_external_seen_family,RAISE,GALIP,galip,GAN,family_seen,977fabc69dda607f8f28d06e08a8e4b5310c115c9d84b7bd9d1e270a2898c5be,abf5d59090f8dc06,20260828,7d4a74a88d2cac93b513c0853bf92c260eaceea0,data/CompEval-00126-of-00413.parquet,0,15,224,224,PNG,88067
cf_test_external_seen_family_aigi_2f66e9382c7db22c,test_external_seen_family/aigi/cf_test_external_seen_family_aigi_2f66e9382c7db22c_000727.png.png,1,test_external_seen_family,community-forensics-eval,kvikontent-midjourney-v6,test,test_external_seen_family,RAISE,kvikontent_midjourney_v6,kvikontent-midjourney-v6,LatDiff,family_seen,63c4fd0b27ab129216fcc9ddf16a9322ee57b4f9813c099dd55f32b66690fde9,a2680fe79e8a9b89,20260828,7d4a74a88d2cac93b513c0853bf92c260eaceea0,data/CompEval-00215-of-00413.parquet,0,20,512,512,PNG,492369
cf_test_external_seen_family_aigi_2f6a71261c9b9f81,test_external_seen_family/aigi/cf_test_external_seen_family_aigi_2f6a71261c9b9f81_000125.png.png,1,test_external_seen_family,community-forensics-eval,kvikontent-midjourney-v6,test,test_external_seen_family,RAISE,kvikontent_midjourney_v6,kvikontent-midjourney-v6,LatDiff,family_seen,29b5a4a7281724433498d08483e5600fe84b74353d88f8cdfb4d97226f6bf1f1,b0c38e3bb9219a4f,20260828,7d4a74a88d2cac93b513c0853bf92c260eaceea0,data/CompEval-00091-of-00413.parquet,2,13,512,512,PNG,486174
cf_test_external_seen_family_aigi_2f7316b2f4f98c3f,test_external_seen_family/aigi/cf_test_external_seen_family_aigi_2f7316b2f4f98c3f_000857.png.png,1,test_external_seen_family,community-forensics-eval,dfgan,test,test_external_seen_family,COCO,DFGAN,dfgan,GAN,family_seen,b572f1e97ae702f5e8647be8fc51553860fc690a2d1db6ccc22e0e3ed17de0bb,d0913bf5e4cc0c6e,20260828,7d4a74a88d2cac93b513c0853bf92c260eaceea0,data/CompEval-00007-of-00413.parquet,3,7,256,256,PNG,120185
cf_test_external_seen_family_aigi_2f87e3c241a3189d,test_external_seen_family/aigi/cf_test_external_seen_family_aigi_2f87e3c241a3189d_000320.png.png,1,test_external_seen_family,community-forensics-eval,kandinsky-2-2,test,test_external_seen_family,RAISE,kandinsky_2_2,kandinsky-2-2,LatDiff,family_seen,9ffa73a597c7715082d0bdb8e4d8f3bdbb3edf5054d9df3810ca53a5428b34c2,bba487278e1d8879,20260828,7d4a74a88d2cac93b513c0853bf92c260eaceea0,data/CompEval-00241-of-00413.parquet,2,21,768,768,PNG,1028644
cf_test_external_seen_family_aigi_2fb8f92797f67417,test_external_seen_family/aigi/cf_test_external_seen_family_aigi_2fb8f92797f67417_000737.png.png,1,test_external_seen_family,community-forensics-eval,lcm-lora-sdxl,test,test_external_seen_family,RAISE,LCM_lora_sdxl,lcm-lora-sdxl,LatDiff,family_seen,4213716c3ee59120c150502f1266d6514f4e6a65c63473213318bb411c65128e,c0dff5001f302bbe,20260828,7d4a74a88d2cac93b513c0853bf92c260eaceea0,data/CompEval-00058-of-00413.parquet,2,24,1024,1024,PNG,1571326
cf_test_external_seen_family_aigi_2fc4d09dc2db8e87,test_external_seen_family/aigi/cf_test_external_seen_family_aigi_2fc4d09dc2db8e87_000897.png.png,1,test_external_seen_family,community-forensics-eval,kandinsky-2-2,test,test_external_seen_family,RAISE,kandinsky_2_2,kandinsky-2-2,LatDiff,family_seen,747ca4f1943ab82a47d81abbacb715db1cd8029875459ecc44e1e0741cdd6ef6,92f0c87fa7355740,20260828,7d4a74a88d2cac93b513c0853bf92c260eaceea0,data/CompEval-00240-of-00413.parquet,3,17,768,768,PNG,651338
cf_test_external_seen_family_aigi_2fdb47190334d87a,test_external_seen_family/aigi/cf_test_external_seen_family_aigi_2fdb47190334d87a_000665.png.png,1,test_external_seen_family,community-forensics-eval,hourglass,test,test_external_seen_family,,Hourglass,hourglass,PixDiff,family_seen,394352484f938b921d02ccb1b8155ca121883699fd2a090e70528403913b5ba9,eb9ac7e096e5104b,20260828,7d4a74a88d2cac93b513c0853bf92c260eaceea0,data/CompEval-00154-of-00413.parquet,1,5,256,256,PNG,96903
cf_test_external_seen_family_aigi_2ff39b153c5a3948,test_external_seen_family/aigi/cf_test_external_seen_family_aigi_2ff39b153c5a3948_000913.png.png,1,test_external_seen_family,community-forensics-eval,kvikontent-midjourney-v6,test,test_external_seen_family,RAISE,kvikontent_midjourney_v6,kvikontent-midjourney-v6,LatDiff,family_seen,f02b993f1f187d1d2ec3cc4a2a1d8abc0824cd631563589973a7ea66a87e60a6,a70c0c1967e6739b,20260828,7d4a74a88d2cac93b513c0853bf92c260eaceea0,data/CompEval-00216-of-00413.parquet,2,22,512,512,PNG,578953
cf_test_external_seen_family_aigi_30347dc75d7a3be9,test_external_seen_family/aigi/cf_test_external_seen_family_aigi_30347dc75d7a3be9_000778.png.png,1,test_external_seen_family,community-forensics-eval,hourglass,test,test_external_seen_family,,Hourglass,hourglass,PixDiff,family_seen,9b05196075f0ad429cf26bd31d40171e39d2b3bb74dbbd6dba24b7b0d7d0be15,d1e678f15c40da5a,20260828,7d4a74a88d2cac93b513c0853bf92c260eaceea0,data/CompEval-00154-of-00413.parquet,3,22,256,256,PNG,83609
cf_test_external_seen_family_aigi_3050fa2bf2009f99,test_external_seen_family/aigi/cf_test_external_seen_family_aigi_3050fa2bf2009f99_000176.png.png,1,test_external_seen_family,community-forensics-eval,decidiffusionv2,test,test_external_seen_family,RAISE,DeciDiffusionV2,decidiffusionv2,LatDiff,family_seen,34e62e33acf596ecf66966da812a353b02d77a3121dfefab6f21f86b5ed650b1,b10f5ed1e526d219,20260828,7d4a74a88d2cac93b513c0853bf92c260eaceea0,data/CompEval-00316-of-00413.parquet,1,1,512,512,PNG,409046
cf_test_external_seen_family_aigi_30b16dd87bfc128c,test_external_seen_family/aigi/cf_test_external_seen_family_aigi_30b16dd87bfc128c_000162.png.png,1,test_external_seen_family,community-forensics-eval,kvikontent-midjourney-v6,test,test_external_seen_family,RAISE,kvikontent_midjourney_v6,kvikontent-midjourney-v6,LatDiff,family_seen,3982755590ca05a5f6acfcda4fe0e9e89047ef18da98bcf2cd6c5d1791b9dcc5,a519e729527c13e5,20260828,7d4a74a88d2cac93b513c0853bf92c260eaceea0,data/CompEval-00218-of-00413.parquet,3,6,512,512,PNG,447302
cf_test_external_seen_family_aigi_30ef22af5d3a0c99,test_external_seen_family/aigi/cf_test_external_seen_family_aigi_30ef22af5d3a0c99_000996.png.png,1,test_external_seen_family,community-forensics-eval,dfgan,test,test_external_seen_family,COCO,DFGAN,dfgan,GAN,family_seen,5f1f3ea93a6b670027c37ddea46531702bf0acc091e43e342e611d6951f42faf,9b1b4664a6d6e64c,20260828,7d4a74a88d2cac93b513c0853bf92c260eaceea0,data/CompEval-00002-of-00413.parquet,2,5,256,256,PNG,111075
cf_test_external_seen_family_aigi_3113894551439e0b,test_external_seen_family/aigi/cf_test_external_seen_family_aigi_3113894551439e0b_000832.png.png,1,test_external_seen_family,community-forensics-eval,hourglass,test,test_external_seen_family,,Hourglass,hourglass,PixDiff,family_seen,7697a42c030534654f246cd75fc957a6595515ef727a52b086cc598c1a7ad581,9cc5c39c3b42ccb9,20260828,7d4a74a88d2cac93b513c0853bf92c260eaceea0,data/CompEval-00157-of-00413.parquet,4,15,256,256,PNG,102887
cf_test_external_seen_family_aigi_314628f3b3a35597,test_external_seen_family/aigi/cf_test_external_seen_family_aigi_314628f3b3a35597_000772.png.png,1,test_external_seen_family,community-forensics-eval,hourglass,test,test_external_seen_family,,Hourglass,hourglass,PixDiff,family_seen,421337c0be505c215f38f0e1298feef86d8e28d3841e0efb8faedf9082be0436,8cceb3270e5a7872,20260828,7d4a74a88d2cac93b513c0853bf92c260eaceea0,data/CompEval-00156-of-00413.parquet,4,6,256,256,PNG,110545
cf_test_external_seen_family_aigi_319a6877d0a6feba,test_external_seen_family/aigi/cf_test_external_seen_family_aigi_319a6877d0a6feba_000032.png.png,1,test_external_seen_family,community-forensics-eval,hourglass,test,test_external_seen_family,,Hourglass,hourglass,PixDiff,family_seen,f96349342afdc37b70533362ecc7006e71c4a961c66975959d89366d39d08f04,a42d1d3f72e09e0b,20260828,7d4a74a88d2cac93b513c0853bf92c260eaceea0,data/CompEval-00083-of-00413.parquet,3,5,256,256,PNG,114088
cf_test_external_seen_family_aigi_31aa5f917a673081,test_external_seen_family/aigi/cf_test_external_seen_family_aigi_31aa5f917a673081_000180.png.png,1,test_external_seen_family,community-forensics-eval,hourglass,test,test_external_seen_family,FFHQ,Hourglass,hourglass,PixDiff,family_seen,0b6eec385dcd79bb8eb128992c3f3d632b4b2400fe7e647c10f3542c411f4afe,9c69702b752dd295,20260828,7d4a74a88d2cac93b513c0853bf92c260eaceea0,data/CompEval-00270-of-00413.parquet,2,20,1024,1024,PNG,1410464
cf_test_external_seen_family_aigi_31bd01c723b239c0,test_external_seen_family/aigi/cf_test_external_seen_family_aigi_31bd01c723b239c0_000564.png.png,1,test_external_seen_family,community-forensics-eval,hourglass,test,test_external_seen_family,,Hourglass,hourglass,PixDiff,family_seen,e0ca82b190441f07bbc5de6e89327c6c745521ce61e4dcd3f73bc29dfebd1d44,a5e3daa68b46a165,20260828,7d4a74a88d2cac93b513c0853bf92c260eaceea0,data/CompEval-00154-of-00413.parquet,1,21,256,256,PNG,106949
cf_test_external_seen_family_aigi_31d3f9dc981181c4,test_external_seen_family/aigi/cf_test_external_seen_family_aigi_31d3f9dc981181c4_000299.png.png,1,test_external_seen_family,community-forensics-eval,lcm-lora-ssd1b,test,test_external_seen_family,RAISE,LCM_lora_ssd1b,lcm-lora-ssd1b,LatDiff,family_seen,b8adb3ff86be89fc8245c54d64d2f25d7c461887759b1adfcb0bc61543066d3c,c24add912ecfb170,20260828,7d4a74a88d2cac93b513c0853bf92c260eaceea0,data/CompEval-00195-of-00413.parquet,0,2,1024,1024,PNG,1803915
cf_test_external_seen_family_aigi_31f793081edb4e8a,test_external_seen_family/aigi/cf_test_external_seen_family_aigi_31f793081edb4e8a_000823.png.png,1,test_external_seen_family,community-forensics-eval,lcm-lora-ssd1b,test,test_external_seen_family,RAISE,LCM_lora_ssd1b,lcm-lora-ssd1b,LatDiff,family_seen,52b7b5fe5bca834d3083e303f95d1e2280a84dbdac7d75dd47768cee0b3376b3,8848a7826eff8a3e,20260828,7d4a74a88d2cac93b513c0853bf92c260eaceea0,data/CompEval-00198-of-00413.parquet,1,7,1024,1024,PNG,2035416
cf_test_external_seen_family_aigi_32469226c691475c,test_external_seen_family/aigi/cf_test_external_seen_family_aigi_32469226c691475c_000142.png.png,1,test_external_seen_family,community-forensics-eval,lcm-lora-sdxl,test,test_external_seen_family,RAISE,LCM_lora_sdxl,lcm-lora-sdxl,LatDiff,family_seen,069420b808135f98cdf8bbe1aba3b005af4fc56f3b3e378cff37b556f1939442,c6b635ca13e190f6,20260828,7d4a74a88d2cac93b513c0853bf92c260eaceea0,data/CompEval-00059-of-00413.parquet,3,23,1024,1024,PNG,1485733
cf_test_external_seen_family_aigi_326b5120a0b9f996,test_external_seen_family/aigi/cf_test_external_seen_family_aigi_326b5120a0b9f996_000262.png.png,1,test_external_seen_family,community-forensics-eval,galip,test,test_external_seen_family,RAISE,GALIP,galip,GAN,family_seen,ddd6c5dd3b18da43501f71bc43e73e3861a70d5d182f4fdc029f2296a2fc7c77,bacf40701fbec04b,20260828,7d4a74a88d2cac93b513c0853bf92c260eaceea0,data/CompEval-00125-of-00413.parquet,2,10,224,224,PNG,68861
cf_test_external_seen_family_aigi_3284ffcb7ca8011a,test_external_seen_family/aigi/cf_test_external_seen_family_aigi_3284ffcb7ca8011a_000447.png.png,1,test_external_seen_family,community-forensics-eval,galip,test,test_external_seen_family,RAISE,GALIP,galip,GAN,family_seen,31fe8ce1f34dcbb38717966d26f66960a2fc3f1674532aea8135b093df30d8b2,94a2d559374cb751,20260828,7d4a74a88d2cac93b513c0853bf92c260eaceea0,data/CompEval-00047-of-00413.parquet,4,2,224,224,PNG,99291
cf_test_external_seen_family_aigi_32c769fa066870a4,test_external_seen_family/aigi/cf_test_external_seen_family_aigi_32c769fa066870a4_000690.png.png,1,test_external_seen_family,community-forensics-eval,dfgan,test,test_external_seen_family,COCO,DFGAN,dfgan,GAN,family_seen,819c45b47ab7a2121f9e7dd39bcc3113cb3a513e6983779c0cd4c9a4fdbbce65,a4c7e1a98603da5f,20260828,7d4a74a88d2cac93b513c0853bf92c260eaceea0,data/CompEval-00006-of-00413.parquet,3,12,256,256,PNG,126936
cf_test_external_seen_family_aigi_3321b3e7168cd03a,test_external_seen_family/aigi/cf_test_external_seen_family_aigi_3321b3e7168cd03a_000386.png.png,1,test_external_seen_family,community-forensics-eval,lcm-lora-ssd1b,test,test_external_seen_family,RAISE,LCM_lora_ssd1b,lcm-lora-ssd1b,LatDiff,family_seen,8b0236185bf94066fa2deff9c2081ab5456528ddfcd45069b4217b75467c9e4d,db19ddd2764444ca,20260828,7d4a74a88d2cac93b513c0853bf92c260eaceea0,data/CompEval-00193-of-00413.parquet,2,3,1024,1024,PNG,1716351
cf_test_external_seen_family_aigi_3343f7a3cedf6b2d,test_external_seen_family/aigi/cf_test_external_seen_family_aigi_3343f7a3cedf6b2d_000561.png.png,1,test_external_seen_family,community-forensics-eval,hourglass,test,test_external_seen_family,,Hourglass,hourglass,PixDiff,family_seen,d68cbe056f6cdfc2b4a2ca5a033a8c508476b764f1b66c854cf46460887c8771,907878f8706cae8f,20260828,7d4a74a88d2cac93b513c0853bf92c260eaceea0,data/CompEval-00157-of-00413.parquet,0,0,256,256,PNG,121724
cf_test_external_seen_family_aigi_3362b4f095ebabe8,test_external_seen_family/aigi/cf_test_external_seen_family_aigi_3362b4f095ebabe8_000640.png.png,1,test_external_seen_family,community-forensics-eval,hourglass,test,test_external_seen_family,,Hourglass,hourglass,PixDiff,family_seen,03d8800edf54c5595f99f2bbae9e71bf501a26bfa79308ec788144c9e4f324e4,85d1fe1cc6e3191c,20260828,7d4a74a88d2cac93b513c0853bf92c260eaceea0,data/CompEval-00154-of-00413.parquet,3,24,256,256,PNG,124498
cf_test_external_seen_family_aigi_33ae9eb921a6df76,test_external_seen_family/aigi/cf_test_external_seen_family_aigi_33ae9eb921a6df76_000263.png.png,1,test_external_seen_family,community-forensics-eval,galip,test,test_external_seen_family,RAISE,GALIP,galip,GAN,family_seen,0071b1e6344fe464faad7f7b96ded5711691d16b811f44c4de175fcb0c779f7c,9c926769f264e613,20260828,7d4a74a88d2cac93b513c0853bf92c260eaceea0,data/CompEval-00122-of-00413.parquet,0,7,224,224,PNG,110364
cf_test_external_seen_family_aigi_33b8ae9aaece9707,test_external_seen_family/aigi/cf_test_external_seen_family_aigi_33b8ae9aaece9707_000769.png.png,1,test_external_seen_family,community-forensics-eval,kandinsky-2-2,test,test_external_seen_family,RAISE,kandinsky_2_2,kandinsky-2-2,LatDiff,family_seen,6fac1b425292d329a376d95d5267ac92fbed598541f829e1ac4332b32c056f7d,d8a03e8847bc47cf,20260828,7d4a74a88d2cac93b513c0853bf92c260eaceea0,data/CompEval-00240-of-00413.parquet,2,15,768,768,PNG,1019487
cf_test_external_seen_family_aigi_33c98f9d1397c7b9,test_external_seen_family/aigi/cf_test_external_seen_family_aigi_33c98f9d1397c7b9_000091.png.png,1,test_external_seen_family,community-forensics-eval,kandinsky-2-2,test,test_external_seen_family,RAISE,kandinsky_2_2,kandinsky-2-2,LatDiff,family_seen,c45b60195f69d2cd07641214a4c4d3e7fa9e5451325fdf5fb96e51ea5e2fcba7,8651f98c5af22e17,20260828,7d4a74a88d2cac93b513c0853bf92c260eaceea0,data/CompEval-00162-of-00413.parquet,0,15,768,768,PNG,764483
cf_test_external_seen_family_aigi_33da42d915f101ea,test_external_seen_family/aigi/cf_test_external_seen_family_aigi_33da42d915f101ea_000006.png.png,1,test_external_seen_family,community-forensics-eval,lcm-lora-sdv15,test,test_external_seen_family,RAISE,LCM_lora_sdv15,lcm-lora-sdv15,LatDiff,family_seen,ddc1cf0a2dfaed3a7a717b4eef4368bd3d1ad0f85ab4510dc6845400b4613b1d,84cc4e2e6e6d7c34,20260828,7d4a74a88d2cac93b513c0853bf92c260eaceea0,data/CompEval-00359-of-00413.parquet,0,22,512,512,PNG,354841
cf_test_external_seen_family_aigi_33dad9decf9d249b,test_external_seen_family/aigi/cf_test_external_seen_family_aigi_33dad9decf9d249b_000026.png.png,1,test_external_seen_family,community-forensics-eval,kandinsky-2-2,test,test_external_seen_family,RAISE,kandinsky_2_2,kandinsky-2-2,LatDiff,family_seen,ed447397c02b60e7b03983882d67034cd2e7a04409ac2cabcab6e801d6dcf1b9,c869399193cf9dd0,20260828,7d4a74a88d2cac93b513c0853bf92c260eaceea0,data/CompEval-00161-of-00413.parquet,4,6,768,768,PNG,1014597
cf_test_external_seen_family_aigi_344455ed5d0e2555,test_external_seen_family/aigi/cf_test_external_seen_family_aigi_344455ed5d0e2555_000481.png.png,1,test_external_seen_family,community-forensics-eval,galip,test,test_external_seen_family,RAISE,GALIP,galip,GAN,family_seen,2ada6b62ce1fb2e9098f3fb69d50f7996c84e1f39994b9a4c19707d31ed6d7f7,87d0683649477c77,20260828,7d4a74a88d2cac93b513c0853bf92c260eaceea0,data/CompEval-00123-of-00413.parquet,1,5,224,224,PNG,75148
cf_test_external_seen_family_aigi_34b506af8b342782,test_external_seen_family/aigi/cf_test_external_seen_family_aigi_34b506af8b342782_000725.png.png,1,test_external_seen_family,community-forensics-eval,lcm-lora-sdxl,test,test_external_seen_family,RAISE,LCM_lora_sdxl,lcm-lora-sdxl,LatDiff,family_seen,7cf653c66203b978afe68425c034bd038ee89cbebb7c80a7fde32db3f2cd859c,c26af4f73e0c8cc8,20260828,7d4a74a88d2cac93b513c0853bf92c260eaceea0,data/CompEval-00060-of-00413.parquet,2,9,1024,1024,PNG,1730979
cf_test_external_seen_family_aigi_34b9968159a99cda,test_external_seen_family/aigi/cf_test_external_seen_family_aigi_34b9968159a99cda_000672.png.png,1,test_external_seen_family,community-forensics-eval,decidiffusionv2,test,test_external_seen_family,RAISE,DeciDiffusionV2,decidiffusionv2,LatDiff,family_seen,aac47cc1402ba63677341cfe403e4661a1a868208cb405b0a88fde5dcd4431b8,abcf7c31ccb4600e,20260828,7d4a74a88d2cac93b513c0853bf92c260eaceea0,data/CompEval-00310-of-00413.parquet,4,17,512,512,PNG,351303
cf_test_external_seen_family_aigi_34c1560d1703ddf6,test_external_seen_family/aigi/cf_test_external_seen_family_aigi_34c1560d1703ddf6_000954.png.png,1,test_external_seen_family,community-forensics-eval,lcm-lora-ssd1b,test,test_external_seen_family,RAISE,LCM_lora_ssd1b,lcm-lora-ssd1b,LatDiff,family_seen,8cb3b3a64ef8455a89b793654f8bd0e9af40fc8229aa1510d8dc65e4604a94f3,8c81c3c3f9d2d578,20260828,7d4a74a88d2cac93b513c0853bf92c260eaceea0,data/CompEval-00192-of-00413.parquet,1,2,1024,1024,PNG,1716935
cf_test_external_seen_family_aigi_3523107179cb34d5,test_external_seen_family/aigi/cf_test_external_seen_family_aigi_3523107179cb34d5_000374.png.png,1,test_external_seen_family,community-forensics-eval,decidiffusionv2,test,test_external_seen_family,RAISE,DeciDiffusionV2,decidiffusionv2,LatDiff,family_seen,8b7a07e40a784669ecaa076afb3ad757c4aca7c361da4a2e7fbf5319c3d0af8e,d5179acd53aa08ea,20260828,7d4a74a88d2cac93b513c0853bf92c260eaceea0,data/CompEval-00314-of-00413.parquet,1,1,512,512,PNG,465345
cf_test_external_seen_family_aigi_356497d69406a633,test_external_seen_family/aigi/cf_test_external_seen_family_aigi_356497d69406a633_000839.png.png,1,test_external_seen_family,community-forensics-eval,hourglass,test,test_external_seen_family,,Hourglass,hourglass,PixDiff,family_seen,88bcb830b9f22e872c39a8fe59100dc375a8666bb18237185511f144ab00687c,b73768485f1351f0,20260828,7d4a74a88d2cac93b513c0853bf92c260eaceea0,data/CompEval-00152-of-00413.parquet,0,22,256,256,PNG,101128
cf_test_external_seen_family_aigi_3564c3515566b9ba,test_external_seen_family/aigi/cf_test_external_seen_family_aigi_3564c3515566b9ba_000211.png.png,1,test_external_seen_family,community-forensics-eval,kandinsky-2-2,test,test_external_seen_family,RAISE,kandinsky_2_2,kandinsky-2-2,LatDiff,family_seen,270f3e6c428fb7b9c921df82dc2bbfe603a410f5a3d5578aaee47d67e38169b1,a85a6c1e26a19fd3,20260828,7d4a74a88d2cac93b513c0853bf92c260eaceea0,data/CompEval-00242-of-00413.parquet,0,21,768,768,PNG,758562
cf_test_external_seen_family_aigi_35c23e24949010b8,test_external_seen_family/aigi/cf_test_external_seen_family_aigi_35c23e24949010b8_000207.png.png,1,test_external_seen_family,community-forensics-eval,kandinsky-2-2,test,test_external_seen_family,RAISE,kandinsky_2_2,kandinsky-2-2,LatDiff,family_seen,8b05846c7eeabe165fb65aaa22383043237625643fd3ba43a3c1eec741959d36,a295c8b503edfa45,20260828,7d4a74a88d2cac93b513c0853bf92c260eaceea0,data/CompEval-00243-of-00413.parquet,4,20,768,768,PNG,814657
cf_test_external_seen_family_aigi_35c5631502731908,test_external_seen_family/aigi/cf_test_external_seen_family_aigi_35c5631502731908_000075.png.png,1,test_external_seen_family,community-forensics-eval,lcm-lora-sdxl,test,test_external_seen_family,RAISE,LCM_lora_sdxl,lcm-lora-sdxl,LatDiff,family_seen,67b947dcacdcc1e9ebe82d53d0de5813c92f8ec7e60c270398043bf2fb8f28aa,dc87cab549447371,20260828,7d4a74a88d2cac93b513c0853bf92c260eaceea0,data/CompEval-00062-of-00413.parquet,2,18,1024,1024,PNG,1911512
cf_test_external_seen_family_aigi_35f93f6145f9b0d0,test_external_seen_family/aigi/cf_test_external_seen_family_aigi_35f93f6145f9b0d0_000988.png.png,1,test_external_seen_family,community-forensics-eval,decidiffusionv2,test,test_external_seen_family,RAISE,DeciDiffusionV2,decidiffusionv2,LatDiff,family_seen,1ba06a70cfb095036b760525c7d5d3a5fb4ad5c9003ccc9f156ae1371af2add4,eba530ba86d0c697,20260828,7d4a74a88d2cac93b513c0853bf92c260eaceea0,data/CompEval-00312-of-00413.parquet,2,6,512,512,PNG,386208
cf_test_external_seen_family_aigi_36093219e884f45a,test_external_seen_family/aigi/cf_test_external_seen_family_aigi_36093219e884f45a_000638.png.png,1,test_external_seen_family,community-forensics-eval,kandinsky-2-2,test,test_external_seen_family,RAISE,kandinsky_2_2,kandinsky-2-2,LatDiff,family_seen,aa3f1e17dd6061e5c6106ebc64ac70d46026d850f1ed6d00607d06bdb21bf208,d8b631b93f334740,20260828,7d4a74a88d2cac93b513c0853bf92c260eaceea0,data/CompEval-00239-of-00413.parquet,2,4,768,768,PNG,917471
cf_test_external_seen_family_aigi_3612cb943439d801,test_external_seen_family/aigi/cf_test_external_seen_family_aigi_3612cb943439d801_000819.png.png,1,test_external_seen_family,community-forensics-eval,decidiffusionv2,test,test_external_seen_family,RAISE,DeciDiffusionV2,decidiffusionv2,LatDiff,family_seen,c9e2000ecbaaa41788e5a7fccf6b62335de6604bfaadff16077dc3c81090ffcd,a6bc4cdc71231d4e,20260828,7d4a74a88d2cac93b513c0853bf92c260eaceea0,data/CompEval-00318-of-00413.parquet,2,17,512,512,PNG,333065
cf_test_external_seen_family_aigi_3625857495d4ef04,test_external_seen_family/aigi/cf_test_external_seen_family_aigi_3625857495d4ef04_000313.png.png,1,test_external_seen_family,community-forensics-eval,hourglass,test,test_external_seen_family,,Hourglass,hourglass,PixDiff,family_seen,7ac44ed965328227c263a9a24808bb4eb4a0954bb5e0eea925077fb71d1e450a,985d0d6ab74e94ca,20260828,7d4a74a88d2cac93b513c0853bf92c260eaceea0,data/CompEval-00155-of-00413.parquet,0,21,256,256,PNG,86773
cf_test_external_seen_family_aigi_36c2243ada647f1b,test_external_seen_family/aigi/cf_test_external_seen_family_aigi_36c2243ada647f1b_000438.png.png,1,test_external_seen_family,community-forensics-eval,lcm-lora-ssd1b,test,test_external_seen_family,RAISE,LCM_lora_ssd1b,lcm-lora-ssd1b,LatDiff,family_seen,e0735b99024b93e8d50d2e9e763c35782d37a20c9e739d50c5a95a6e15c8de68,c145c878c3f97c96,20260828,7d4a74a88d2cac93b513c0853bf92c260eaceea0,data/CompEval-00191-of-00413.parquet,2,13,1024,1024,PNG,1608708
cf_test_external_seen_family_aigi_36ee4d12b47439c3,test_external_seen_family/aigi/cf_test_external_seen_family_aigi_36ee4d12b47439c3_000070.png.png,1,test_external_seen_family,community-forensics-eval,lcm-lora-ssd1b,test,test_external_seen_family,RAISE,LCM_lora_ssd1b,lcm-lora-ssd1b,LatDiff,family_seen,3ff78c77e749243d9b2e1b5504b93b07ec76c57c0c42f066238215822a227413,b39ccce3130c33b3,20260828,7d4a74a88d2cac93b513c0853bf92c260eaceea0,data/CompEval-00381-of-00413.parquet,0,3,1024,1024,PNG,1469712
cf_test_external_seen_family_aigi_3798e3ba70a15ec6,test_external_seen_family/aigi/cf_test_external_seen_family_aigi_3798e3ba70a15ec6_000163.png.png,1,test_external_seen_family,community-forensics-eval,kvikontent-midjourney-v6,test,test_external_seen_family,RAISE,kvikontent_midjourney_v6,kvikontent-midjourney-v6,LatDiff,family_seen,fadb93a37cf64b3dd02b517a5668ae21314f1aaaaae414c51d276a92d6b82711,89d25b6915bb469a,20260828,7d4a74a88d2cac93b513c0853bf92c260eaceea0,data/CompEval-00091-of-00413.parquet,3,0,512,512,PNG,534445
cf_test_external_seen_family_aigi_37cda193e70ceec7,test_external_seen_family/aigi/cf_test_external_seen_family_aigi_37cda193e70ceec7_000477.png.png,1,test_external_seen_family,community-forensics-eval,kandinsky-2-2,test,test_external_seen_family,RAISE,kandinsky_2_2,kandinsky-2-2,LatDiff,family_seen,af77d32f0c7b61451e82513f0b38d591f80ee5caf55edbc2e957bfc054115625,90e8f895964baf46,20260828,7d4a74a88d2cac93b513c0853bf92c260eaceea0,data/CompEval-00246-of-00413.parquet,0,0,768,768,PNG,786794
cf_test_external_seen_family_aigi_37d57c6b641b007a,test_external_seen_family/aigi/cf_test_external_seen_family_aigi_37d57c6b641b007a_000784.png.png,1,test_external_seen_family,community-forensics-eval,galip,test,test_external_seen_family,RAISE,GALIP,galip,GAN,family_seen,6d1fd2e3375403ab7f35fab2eed64c29afb2bb799441e12a498fb0bd73738dc0,964b8566c666b693,20260828,7d4a74a88d2cac93b513c0853bf92c260eaceea0,data/CompEval-00121-of-00413.parquet,1,19,224,224,PNG,105049
cf_test_external_seen_family_aigi_386b627a84eb4b72,test_external_seen_family/aigi/cf_test_external_seen_family_aigi_386b627a84eb4b72_000805.png.png,1,test_external_seen_family,community-forensics-eval,decidiffusionv2,test,test_external_seen_family,RAISE,DeciDiffusionV2,decidiffusionv2,LatDiff,family_seen,20be0631c4d2b28b60d2c72b1486a9cfdd7b543c50d3a3ede6d9640c98c419f8,99b3268c926d99ec,20260828,7d4a74a88d2cac93b513c0853bf92c260eaceea0,data/CompEval-00316-of-00413.parquet,2,24,512,512,PNG,512623
cf_test_external_seen_family_aigi_38b4f7ed427ece07,test_external_seen_family/aigi/cf_test_external_seen_family_aigi_38b4f7ed427ece07_000770.png.png,1,test_external_seen_family,community-forensics-eval,lcm-lora-ssd1b,test,test_external_seen_family,RAISE,LCM_lora_ssd1b,lcm-lora-ssd1b,LatDiff,family_seen,39fb508e80229de75e43d901489febafea384c13d9e062f352a642ba26464c75,faf981845f4b8e09,20260828,7d4a74a88d2cac93b513c0853bf92c260eaceea0,data/CompEval-00196-of-00413.parquet,1,10,1024,1024,PNG,1862539
cf_test_external_seen_family_aigi_39a2a45b04316396,test_external_seen_family/aigi/cf_test_external_seen_family_aigi_39a2a45b04316396_000984.png.png,1,test_external_seen_family,community-forensics-eval,hourglass,test,test_external_seen_family,FFHQ,Hourglass,hourglass,PixDiff,family_seen,8fd3d0e298cb2a2c02c99b351f4d03aa52b19fa3cdaf85542ee8ffbd7493e5c5,e2282be73586f6c1,20260828,7d4a74a88d2cac93b513c0853bf92c260eaceea0,data/CompEval-00271-of-00413.parquet,4,11,1024,1024,PNG,1122234
cf_test_external_seen_family_aigi_3a75e8b87b01c452,test_external_seen_family/aigi/cf_test_external_seen_family_aigi_3a75e8b87b01c452_000862.png.png,1,test_external_seen_family,community-forensics-eval,kvikontent-midjourney-v6,test,test_external_seen_family,RAISE,kvikontent_midjourney_v6,kvikontent-midjourney-v6,LatDiff,family_seen,839efccd5d3ddd5d97d3e7f9ba170a1dffbf032f9b0208f7052dc1e6471dc4fe,f07263ebe2430727,20260828,7d4a74a88d2cac93b513c0853bf92c260eaceea0,data/CompEval-00092-of-00413.parquet,1,21,512,512,PNG,601768
cf_test_external_seen_family_aigi_3a7ea96da94f4f5b,test_external_seen_family/aigi/cf_test_external_seen_family_aigi_3a7ea96da94f4f5b_000408.png.png,1,test_external_seen_family,community-forensics-eval,lcm-lora-ssd1b,test,test_external_seen_family,RAISE,LCM_lora_ssd1b,lcm-lora-ssd1b,LatDiff,family_seen,5f63e9cdf8a9d1e94209663852af029940d3523b32819aba7618345196ac416b,e49b3ec52887f80d,20260828,7d4a74a88d2cac93b513c0853bf92c260eaceea0,data/CompEval-00192-of-00413.parquet,1,7,1024,1024,PNG,1731286
cf_test_external_seen_family_aigi_3ad379396f148f43,test_external_seen_family/aigi/cf_test_external_seen_family_aigi_3ad379396f148f43_000723.png.png,1,test_external_seen_family,community-forensics-eval,lcm-lora-sdv15,test,test_external_seen_family,RAISE,LCM_lora_sdv15,lcm-lora-sdv15,LatDiff,family_seen,356b239e8912e7243a3da71aefc575f8fed2dfd8741a57e7e8859f4e97928eb2,81c67eb96e03d1c6,20260828,7d4a74a88d2cac93b513c0853bf92c260eaceea0,data/CompEval-00359-of-00413.parquet,4,18,512,512,PNG,357723
cf_test_external_seen_family_aigi_3adf4b57e5d63e01,test_external_seen_family/aigi/cf_test_external_seen_family_aigi_3adf4b57e5d63e01_000504.png.png,1,test_external_seen_family,community-forensics-eval,dfgan,test,test_external_seen_family,COCO,DFGAN,dfgan,GAN,family_seen,e0013c10f47746aca89f139defa600ff038b04e882eb6c7fb1d1b7e8a947aa6d,931276c9ad6dd912,20260828,7d4a74a88d2cac93b513c0853bf92c260eaceea0,data/CompEval-00001-of-00413.parquet,1,15,256,256,PNG,114482
cf_test_external_seen_family_aigi_3b159b954bb81581,test_external_seen_family/aigi/cf_test_external_seen_family_aigi_3b159b954bb81581_000421.png.png,1,test_external_seen_family,community-forensics-eval,lcm-lora-sdv15,test,test_external_seen_family,RAISE,LCM_lora_sdv15,lcm-lora-sdv15,LatDiff,family_seen,2c9da60f8077b4c6e79a0f1314f3e51358089ad26d113983a7a3391a7ae2d4ea,96a790c7e08f7991,20260828,7d4a74a88d2cac93b513c0853bf92c260eaceea0,data/CompEval-00359-of-00413.parquet,1,8,512,512,PNG,303691
cf_test_external_seen_family_aigi_3b2cdeddd2e521da,test_external_seen_family/aigi/cf_test_external_seen_family_aigi_3b2cdeddd2e521da_000940.png.png,1,test_external_seen_family,community-forensics-eval,kandinsky-2-2,test,test_external_seen_family,RAISE,kandinsky_2_2,kandinsky-2-2,LatDiff,family_seen,100b65a4bdeb65180521e4858b0e28ece81bc96ed98db8f37a41e63783731241,c612dbf180cc5f56,20260828,7d4a74a88d2cac93b513c0853bf92c260eaceea0,data/CompEval-00238-of-00413.parquet,4,14,768,768,PNG,819595
cf_test_external_seen_family_aigi_3b33ebb46ac46247,test_external_seen_family/aigi/cf_test_external_seen_family_aigi_3b33ebb46ac46247_000024.png.png,1,test_external_seen_family,community-forensics-eval,hourglass,test,test_external_seen_family,FFHQ,Hourglass,hourglass,PixDiff,family_seen,f96ffbc56f896b43738ada94d6f8a64b2a5d68f6a982efb079a3653c300cd1bb,a1385a84fde29f68,20260828,7d4a74a88d2cac93b513c0853bf92c260eaceea0,data/CompEval-00105-of-00413.parquet,0,0,1024,1024,PNG,1088244
cf_test_external_seen_family_aigi_3b3de91e11b489ce,test_external_seen_family/aigi/cf_test_external_seen_family_aigi_3b3de91e11b489ce_000415.png.png,1,test_external_seen_family,community-forensics-eval,hourglass,test,test_external_seen_family,,Hourglass,hourglass,PixDiff,family_seen,865f1443d7fc2d7f1cc3eeecc0da228a783adcf4909d4eaffc4c550254db4116,bacb32bc31d4d0e2,20260828,7d4a74a88d2cac93b513c0853bf92c260eaceea0,data/CompEval-00154-of-00413.parquet,4,6,256,256,PNG,124911
cf_test_external_seen_family_aigi_3b4bf5069ec9eb4b,test_external_seen_family/aigi/cf_test_external_seen_family_aigi_3b4bf5069ec9eb4b_000175.png.png,1,test_external_seen_family,community-forensics-eval,dfgan,test,test_external_seen_family,COCO,DFGAN,dfgan,GAN,family_seen,fafbbca1075250587da1cba538739e315143e6dec3d2dff1ecbcf2256db0c562,d7d8948b1a598f25,20260828,7d4a74a88d2cac93b513c0853bf92c260eaceea0,data/CompEval-00006-of-00413.parquet,2,16,256,256,PNG,133192
cf_test_external_seen_family_aigi_3c34e03a04e07eef,test_external_seen_family/aigi/cf_test_external_seen_family_aigi_3c34e03a04e07eef_000983.png.png,1,test_external_seen_family,community-forensics-eval,hourglass,test,test_external_seen_family,,Hourglass,hourglass,PixDiff,family_seen,e5c5647ee7336708badbf6dc372b73b43507b2bf976267ceee0e0f1e7ea8bf25,87e03c1fe1c17e8c,20260828,7d4a74a88d2cac93b513c0853bf92c260eaceea0,data/CompEval-00153-of-00413.parquet,3,2,256,256,PNG,87499
cf_test_external_seen_family_aigi_3ca132c08ef3f084,test_external_seen_family/aigi/cf_test_external_seen_family_aigi_3ca132c08ef3f084_000418.png.png,1,test_external_seen_family,community-forensics-eval,dfgan,test,test_external_seen_family,COCO,DFGAN,dfgan,GAN,family_seen,78756ac05639206898a4baf925904193a9ce602f3c08049a15aa4d729e596b3a,f43b1a94ad6a5469,20260828,7d4a74a88d2cac93b513c0853bf92c260eaceea0,data/CompEval-00007-of-00413.parquet,1,3,256,256,PNG,113133
cf_test_external_seen_family_aigi_3cb3abb39fe714f7,test_external_seen_family/aigi/cf_test_external_seen_family_aigi_3cb3abb39fe714f7_000629.png.png,1,test_external_seen_family,community-forensics-eval,kvikontent-midjourney-v6,test,test_external_seen_family,RAISE,kvikontent_midjourney_v6,kvikontent-midjourney-v6,LatDiff,family_seen,a0eaef5d79465732af479fff6ba8c6bd0da0dd9465181359eec984912f200fdf,8acec125d267b2ec,20260828,7d4a74a88d2cac93b513c0853bf92c260eaceea0,data/CompEval-00090-of-00413.parquet,1,21,512,512,PNG,361111
cf_test_external_seen_family_aigi_3cb80f1d3586b2ae,test_external_seen_family/aigi/cf_test_external_seen_family_aigi_3cb80f1d3586b2ae_000164.png.png,1,test_external_seen_family,community-forensics-eval,lcm-lora-sdv15,test,test_external_seen_family,RAISE,LCM_lora_sdv15,lcm-lora-sdv15,LatDiff,family_seen,07b76838a20e2e21f422e571e5957dcdc8ca3ad3e66367e0056e7bad4979f8a0,b30cd15b0cc36eb9,20260828,7d4a74a88d2cac93b513c0853bf92c260eaceea0,data/CompEval-00358-of-00413.parquet,5,0,512,512,PNG,485246
cf_test_external_seen_family_aigi_3ce1c0312f58d272,test_external_seen_family/aigi/cf_test_external_seen_family_aigi_3ce1c0312f58d272_000464.png.png,1,test_external_seen_family,community-forensics-eval,lcm-lora-ssd1b,test,test_external_seen_family,RAISE,LCM_lora_ssd1b,lcm-lora-ssd1b,LatDiff,family_seen,211df30ce5f05db60f6ef12efcc845d0ba55f000a0a024fd57149c48f2a5fb33,d39c303b1c3a1e3b,20260828,7d4a74a88d2cac93b513c0853bf92c260eaceea0,data/CompEval-00195-of-00413.parquet,4,18,1024,1024,PNG,1782053
cf_test_external_seen_family_aigi_3d3a330381dbfa3a,test_external_seen_family/aigi/cf_test_external_seen_family_aigi_3d3a330381dbfa3a_000797.png.png,1,test_external_seen_family,community-forensics-eval,lcm-lora-sdv15,test,test_external_seen_family,RAISE,LCM_lora_sdv15,lcm-lora-sdv15,LatDiff,family_seen,abcf3bcdceb26c38c1f6558cbee806fad5e643d7e17d48dd057d1f79a412cc95,ab94d42b8154ff61,20260828,7d4a74a88d2cac93b513c0853bf92c260eaceea0,data/CompEval-00114-of-00413.parquet,4,22,512,512,PNG,379943
cf_test_external_seen_family_aigi_3d7a5c356d9d0a06,test_external_seen_family/aigi/cf_test_external_seen_family_aigi_3d7a5c356d9d0a06_000358.png.png,1,test_external_seen_family,community-forensics-eval,dfgan,test,test_external_seen_family,COCO,DFGAN,dfgan,GAN,family_seen,474684f1756523ae4ffe9df9e6936057030814fa2d9b8e769d08a82b4e697b0a,acd3abfc81534619,20260828,7d4a74a88d2cac93b513c0853bf92c260eaceea0,data/CompEval-00007-of-00413.parquet,2,10,256,256,PNG,107435
cf_test_external_seen_family_aigi_3e0e3854938669ed,test_external_seen_family/aigi/cf_test_external_seen_family_aigi_3e0e3854938669ed_000188.png.png,1,test_external_seen_family,community-forensics-eval,lcm-lora-sdxl,test,test_external_seen_family,RAISE,LCM_lora_sdxl,lcm-lora-sdxl,LatDiff,family_seen,5d911490772cf9afa5b45de3c6e3dc6ca4ab5524d0da191fefdec4537789fbfd,9ff1e640e0b3611d,20260828,7d4a74a88d2cac93b513c0853bf92c260eaceea0,data/CompEval-00056-of-00413.parquet,1,4,1024,1024,PNG,1608301
cf_test_external_seen_family_aigi_3e31bf70a8f1aa87,test_external_seen_family/aigi/cf_test_external_seen_family_aigi_3e31bf70a8f1aa87_000627.png.png,1,test_external_seen_family,community-forensics-eval,lcm-lora-ssd1b,test,test_external_seen_family,RAISE,LCM_lora_ssd1b,lcm-lora-ssd1b,LatDiff,family_seen,2b9d47ae96faf655818540a57983100fa5e496d02efe089002d6ee481855330b,921f1e6ad564c4e6,20260828,7d4a74a88d2cac93b513c0853bf92c260eaceea0,data/CompEval-00194-of-00413.parquet,1,1,1024,1024,PNG,1842336
cf_test_external_seen_family_aigi_3e380d5def4fa031,test_external_seen_family/aigi/cf_test_external_seen_family_aigi_3e380d5def4fa031_000602.png.png,1,test_external_seen_family,community-forensics-eval,lcm-lora-sdv15,test,test_external_seen_family,RAISE,LCM_lora_sdv15,lcm-lora-sdv15,LatDiff,family_seen,a82eaadbd84ae42258a8a2df7ae39229e7c0ebd88d665138e09c37750907e0ec,c4937a6c5b1ae5a8,20260828,7d4a74a88d2cac93b513c0853bf92c260eaceea0,data/CompEval-00361-of-00413.parquet,3,15,512,512,PNG,310478
cf_test_external_seen_family_aigi_3e950857db9f6c35,test_external_seen_family/aigi/cf_test_external_seen_family_aigi_3e950857db9f6c35_000425.png.png,1,test_external_seen_family,community-forensics-eval,dfgan,test,test_external_seen_family,COCO,DFGAN,dfgan,GAN,family_seen,af9ab6ed0b9fd6d13f654d557f6ca3441440e77964dd3e0a9049d62673ced838,979bdee870601137,20260828,7d4a74a88d2cac93b513c0853bf92c260eaceea0,data/CompEval-00005-of-00413.parquet,1,9,256,256,PNG,112113
cf_test_external_seen_family_aigi_3e95d0de2e295f9b,test_external_seen_family/aigi/cf_test_external_seen_family_aigi_3e95d0de2e295f9b_000810.png.png,1,test_external_seen_family,community-forensics-eval,decidiffusionv2,test,test_external_seen_family,RAISE,DeciDiffusionV2,decidiffusionv2,LatDiff,family_seen,5299b827b373bb5290f011e5e0c48849b1a85da453e9498cd78dd94d26b16b17,dd2b91dc22c662e3,20260828,7d4a74a88d2cac93b513c0853bf92c260eaceea0,data/CompEval-00127-of-00413.parquet,4,14,512,512,PNG,532773
cf_test_external_seen_family_aigi_3ecf59b752b7fe82,test_external_seen_family/aigi/cf_test_external_seen_family_aigi_3ecf59b752b7fe82_000003.png.png,1,test_external_seen_family,community-forensics-eval,lcm-lora-sdv15,test,test_external_seen_family,RAISE,LCM_lora_sdv15,lcm-lora-sdv15,LatDiff,family_seen,df7efcffec259e6325412a6bf15b588fda7f74ca223920303a484ef288e74c91,fc2b834cd323ccca,20260828,7d4a74a88d2cac93b513c0853bf92c260eaceea0,data/CompEval-00360-of-00413.parquet,2,16,512,512,PNG,267156
cf_test_external_seen_family_aigi_3edecaca76064903,test_external_seen_family/aigi/cf_test_external_seen_family_aigi_3edecaca76064903_000056.png.png,1,test_external_seen_family,community-forensics-eval,lcm-lora-sdxl,test,test_external_seen_family,RAISE,LCM_lora_sdxl,lcm-lora-sdxl,LatDiff,family_seen,e9d86df34867bac6ec64a65936372c98ab0351a07867ad7ace7a921386f43fed,a73e49d132589759,20260828,7d4a74a88d2cac93b513c0853bf92c260eaceea0,data/CompEval-00057-of-00413.parquet,3,12,1024,1024,PNG,1710078
cf_test_external_seen_family_aigi_3ee56a878b3a37dc,test_external_seen_family/aigi/cf_test_external_seen_family_aigi_3ee56a878b3a37dc_000892.png.png,1,test_external_seen_family,community-forensics-eval,decidiffusionv2,test,test_external_seen_family,RAISE,DeciDiffusionV2,decidiffusionv2,LatDiff,family_seen,f0c1d9ee31d759cd45531e27d2b936f7842ecfa8e70417d079dcc7cbeebc558e,b9568289369f1975,20260828,7d4a74a88d2cac93b513c0853bf92c260eaceea0,data/CompEval-00127-of-00413.parquet,4,13,512,512,PNG,555485
cf_test_external_seen_family_aigi_3ef4d28e7be87105,test_external_seen_family/aigi/cf_test_external_seen_family_aigi_3ef4d28e7be87105_000577.png.png,1,test_external_seen_family,community-forensics-eval,kandinsky-2-2,test,test_external_seen_family,RAISE,kandinsky_2_2,kandinsky-2-2,LatDiff,family_seen,5de56b2874016a59ec6efc775ba9651c2ed45a7700716a034a2a587a34a53c95,99b336d695e03e0c,20260828,7d4a74a88d2cac93b513c0853bf92c260eaceea0,data/CompEval-00243-of-00413.parquet,4,22,768,768,PNG,1138650
cf_test_external_seen_family_aigi_3f3176a761938192,test_external_seen_family/aigi/cf_test_external_seen_family_aigi_3f3176a761938192_000104.png.png,1,test_external_seen_family,community-forensics-eval,lcm-lora-sdv15,test,test_external_seen_family,RAISE,LCM_lora_sdv15,lcm-lora-sdv15,LatDiff,family_seen,39e57af5572154cd0b3f2a268717c03697da0a19a1b4abb3bb0f3e6a387817b4,e69007ea788759e6,20260828,7d4a74a88d2cac93b513c0853bf92c260eaceea0,data/CompEval-00363-of-00413.parquet,2,16,512,512,PNG,299992
cf_test_external_seen_family_aigi_3f683c5467749ed6,test_external_seen_family/aigi/cf_test_external_seen_family_aigi_3f683c5467749ed6_000442.png.png,1,test_external_seen_family,community-forensics-eval,decidiffusionv2,test,test_external_seen_family,RAISE,DeciDiffusionV2,decidiffusionv2,LatDiff,family_seen,05969b31a492595dd964ed532efc8d635ac70cea7550ca5a60fe8c85b05677f3,eb21d71e956a9498,20260828,7d4a74a88d2cac93b513c0853bf92c260eaceea0,data/CompEval-00316-of-00413.parquet,0,17,512,512,PNG,316653
cf_test_external_seen_family_aigi_3fa6c35c835c82c7,test_external_seen_family/aigi/cf_test_external_seen_family_aigi_3fa6c35c835c82c7_000067.png.png,1,test_external_seen_family,community-forensics-eval,kvikontent-midjourney-v6,test,test_external_seen_family,RAISE,kvikontent_midjourney_v6,kvikontent-midjourney-v6,LatDiff,family_seen,07bb5cc9757ce382444a7205e066996bee13502f321f08e907f9125a492d4be1,fb6a1212b15339e9,20260828,7d4a74a88d2cac93b513c0853bf92c260eaceea0,data/CompEval-00095-of-00413.parquet,0,18,512,512,PNG,530647
cf_test_external_seen_family_aigi_3fa939a5d5414a94,test_external_seen_family/aigi/cf_test_external_seen_family_aigi_3fa939a5d5414a94_000554.png.png,1,test_external_seen_family,community-forensics-eval,kvikontent-midjourney-v6,test,test_external_seen_family,RAISE,kvikontent_midjourney_v6,kvikontent-midjourney-v6,LatDiff,family_seen,7541a0ea8eaf30d4ed2d1c808763df4e26ac7a8f9d463f1f8fc5110c167d3928,b81343643f7a68e9,20260828,7d4a74a88d2cac93b513c0853bf92c260eaceea0,data/CompEval-00090-of-00413.parquet,1,0,512,512,PNG,413212
cf_test_external_seen_family_aigi_402b3336ccacc089,test_external_seen_family/aigi/cf_test_external_seen_family_aigi_402b3336ccacc089_000553.png.png,1,test_external_seen_family,community-forensics-eval,kandinsky-2-2,test,test_external_seen_family,RAISE,kandinsky_2_2,kandinsky-2-2,LatDiff,family_seen,086007174784e467e2dd9df06aa66ad7bcd1009ab99521a61c6838d632954400,9a22df0ce81bf3c8,20260828,7d4a74a88d2cac93b513c0853bf92c260eaceea0,data/CompEval-00245-of-00413.parquet,4,5,768,768,PNG,806675
cf_test_external_seen_family_aigi_4050215d4a7143fe,test_external_seen_family/aigi/cf_test_external_seen_family_aigi_4050215d4a7143fe_000014.png.png,1,test_external_seen_family,community-forensics-eval,lcm-lora-ssd1b,test,test_external_seen_family,RAISE,LCM_lora_ssd1b,lcm-lora-ssd1b,LatDiff,family_seen,4b69c964199b1f1b4f6a20aa1e4ab1916bd58d327ea31de6d70a7fbd9ef7a669,cfb330ce013bc30f,20260828,7d4a74a88d2cac93b513c0853bf92c260eaceea0,data/CompEval-00198-of-00413.parquet,1,23,1024,1024,PNG,1044903
cf_test_external_seen_family_aigi_40574f7a0b61d24c,test_external_seen_family/aigi/cf_test_external_seen_family_aigi_40574f7a0b61d24c_000899.png.png,1,test_external_seen_family,community-forensics-eval,hourglass,test,test_external_seen_family,FFHQ,Hourglass,hourglass,PixDiff,family_seen,578ae64c33b291855ed8a2bca6b925e03bfd95f2b2c1503e10016d18d070057c,d8206cf604ff919b,20260828,7d4a74a88d2cac93b513c0853bf92c260eaceea0,data/CompEval-00105-of-00413.parquet,0,24,1024,1024,PNG,1170742
cf_test_external_seen_family_aigi_40ae677eb00abf6c,test_external_seen_family/aigi/cf_test_external_seen_family_aigi_40ae677eb00abf6c_000680.png.png,1,test_external_seen_family,community-forensics-eval,hourglass,test,test_external_seen_family,,Hourglass,hourglass,PixDiff,family_seen,e89fce314031fa3273e15d532a70686208e5ec372b5ef9d437b2bb3220dd87f0,d20e79bc253126eb,20260828,7d4a74a88d2cac93b513c0853bf92c260eaceea0,data/CompEval-00081-of-00413.parquet,0,7,256,256,PNG,110494
cf_test_external_seen_family_aigi_40cc73f10903febb,test_external_seen_family/aigi/cf_test_external_seen_family_aigi_40cc73f10903febb_000565.png.png,1,test_external_seen_family,community-forensics-eval,decidiffusionv2,test,test_external_seen_family,RAISE,DeciDiffusionV2,decidiffusionv2,LatDiff,family_seen,fb8a623167e372f717470ac4e05ef2315a0081790854bb5df881affa32acbe8c,bf55043b037b7740,20260828,7d4a74a88d2cac93b513c0853bf92c260eaceea0,data/CompEval-00318-of-00413.parquet,1,0,512,512,PNG,62324
cf_test_external_seen_family_aigi_40f48076cda4f1ad,test_external_seen_family/aigi/cf_test_external_seen_family_aigi_40f48076cda4f1ad_000079.png.png,1,test_external_seen_family,community-forensics-eval,kandinsky-2-2,test,test_external_seen_family,RAISE,kandinsky_2_2,kandinsky-2-2,LatDiff,family_seen,fb5030e76b5622753c15f6711bc2f55f7c458b1c79beab9045536ad63a2a9926,95ebc6da49d4660a,20260828,7d4a74a88d2cac93b513c0853bf92c260eaceea0,data/CompEval-00243-of-00413.parquet,0,22,768,768,PNG,938702
cf_test_external_seen_family_aigi_40fa264b0fe90f05,test_external_seen_family/aigi/cf_test_external_seen_family_aigi_40fa264b0fe90f05_000674.png.png,1,test_external_seen_family,community-forensics-eval,lcm-lora-ssd1b,test,test_external_seen_family,RAISE,LCM_lora_ssd1b,lcm-lora-ssd1b,LatDiff,family_seen,28db25c2786cc8454676a067b8311e9cf1d53411bb532e5604961c23d10a98fc,91a711f354fe310d,20260828,7d4a74a88d2cac93b513c0853bf92c260eaceea0,data/CompEval-00192-of-00413.parquet,2,10,1024,1024,PNG,1561243
cf_test_external_seen_family_aigi_4128cc22dcc1f493,test_external_seen_family/aigi/cf_test_external_seen_family_aigi_4128cc22dcc1f493_000934.png.png,1,test_external_seen_family,community-forensics-eval,lcm-lora-sdv15,test,test_external_seen_family,RAISE,LCM_lora_sdv15,lcm-lora-sdv15,LatDiff,family_seen,481110d37ca71ae1cb3094c10e22d432c5db06c3b92449cae39e128dc6426215,e619c61b96cc7391,20260828,7d4a74a88d2cac93b513c0853bf92c260eaceea0,data/CompEval-00360-of-00413.parquet,0,12,512,512,PNG,312036
cf_test_external_seen_family_aigi_4130db9d23e5603a,test_external_seen_family/aigi/cf_test_external_seen_family_aigi_4130db9d23e5603a_000114.png.png,1,test_external_seen_family,community-forensics-eval,lcm-lora-sdv15,test,test_external_seen_family,RAISE,LCM_lora_sdv15,lcm-lora-sdv15,LatDiff,family_seen,3390cc0b2fffd2e3345b35fe25b3e052dd7c5ebe53781fb166b35e02c09978e9,99ed64679226369a,20260828,7d4a74a88d2cac93b513c0853bf92c260eaceea0,data/CompEval-00364-of-00413.parquet,0,1,512,512,PNG,269205
cf_test_external_seen_family_aigi_413de29c441b3523,test_external_seen_family/aigi/cf_test_external_seen_family_aigi_413de29c441b3523_000525.png.png,1,test_external_seen_family,community-forensics-eval,kandinsky-2-2,test,test_external_seen_family,RAISE,kandinsky_2_2,kandinsky-2-2,LatDiff,family_seen,f3d214c7f784e817131b5dc4b32439f3d31b9b167a009a2be928896737dda372,ffa8a5b4d58282e2,20260828,7d4a74a88d2cac93b513c0853bf92c260eaceea0,data/CompEval-00239-of-00413.parquet,2,17,768,768,PNG,867237
cf_test_external_seen_family_aigi_424e1f1672d54e73,test_external_seen_family/aigi/cf_test_external_seen_family_aigi_424e1f1672d54e73_000734.png.png,1,test_external_seen_family,community-forensics-eval,dfgan,test,test_external_seen_family,COCO,DFGAN,dfgan,GAN,family_seen,24d7e4a048723b5df07745fc1c7634f450a8942268789930a935e4c86f4adce0,e4e857dc34e633a0,20260828,7d4a74a88d2cac93b513c0853bf92c260eaceea0,data/CompEval-00006-of-00413.parquet,0,3,256,256,PNG,123085
cf_test_external_seen_family_aigi_426030f2d4a15824,test_external_seen_family/aigi/cf_test_external_seen_family_aigi_426030f2d4a15824_000972.png.png,1,test_external_seen_family,community-forensics-eval,hourglass,test,test_external_seen_family,,Hourglass,hourglass,PixDiff,family_seen,9fa7e26df9df864b53c8bd5f1f2e3309da2130185ab0dc3fa6773d3dfc80e77f,e34ad5d08f299e61,20260828,7d4a74a88d2cac93b513c0853bf92c260eaceea0,data/CompEval-00153-of-00413.parquet,4,3,256,256,PNG,135054
cf_test_external_seen_family_aigi_438ba7067ae5e85a,test_external_seen_family/aigi/cf_test_external_seen_family_aigi_438ba7067ae5e85a_000208.png.png,1,test_external_seen_family,community-forensics-eval,dfgan,test,test_external_seen_family,COCO,DFGAN,dfgan,GAN,family_seen,a60f4276bc1b7932d77f938567da8f89688c20ecd745f4a492f8c610a0b4bc1e,edcd1a9c9072c359,20260828,7d4a74a88d2cac93b513c0853bf92c260eaceea0,data/CompEval-00003-of-00413.parquet,0,5,256,256,PNG,107548
cf_test_external_seen_family_aigi_4414a3cc44f662c6,test_external_seen_family/aigi/cf_test_external_seen_family_aigi_4414a3cc44f662c6_000735.png.png,1,test_external_seen_family,community-forensics-eval,kandinsky-2-2,test,test_external_seen_family,RAISE,kandinsky_2_2,kandinsky-2-2,LatDiff,family_seen,d3bd844616850e0a4285e7648ca22c43dd041c4b324a8aa3b5b26c17e789ef9e,b5168c706b265bec,20260828,7d4a74a88d2cac93b513c0853bf92c260eaceea0,data/CompEval-00241-of-00413.parquet,0,4,768,768,PNG,769718
cf_test_external_seen_family_aigi_44231064bc99fd87,test_external_seen_family/aigi/cf_test_external_seen_family_aigi_44231064bc99fd87_000867.png.png,1,test_external_seen_family,community-forensics-eval,galip,test,test_external_seen_family,RAISE,GALIP,galip,GAN,family_seen,d6fbadec5df5a1f45e58193a977765d761a6d5dea8565400b351d6996031c40f,faf5650a38b193c1,20260828,7d4a74a88d2cac93b513c0853bf92c260eaceea0,data/CompEval-00120-of-00413.parquet,0,23,224,224,PNG,119878
cf_test_external_seen_family_aigi_4427d4e776af1016,test_external_seen_family/aigi/cf_test_external_seen_family_aigi_4427d4e776af1016_000976.png.png,1,test_external_seen_family,community-forensics-eval,galip,test,test_external_seen_family,RAISE,GALIP,galip,GAN,family_seen,a0a138d7b5924245d650dc57221f293e63a6a86156ffd838ea449adad01ec98a,d4a5650d97f04d78,20260828,7d4a74a88d2cac93b513c0853bf92c260eaceea0,data/CompEval-00046-of-00413.parquet,4,19,224,224,PNG,105720
cf_test_external_seen_family_aigi_44419d14d6fd3bf8,test_external_seen_family/aigi/cf_test_external_seen_family_aigi_44419d14d6fd3bf8_000601.png.png,1,test_external_seen_family,community-forensics-eval,kvikontent-midjourney-v6,test,test_external_seen_family,RAISE,kvikontent_midjourney_v6,kvikontent-midjourney-v6,LatDiff,family_seen,f9032f2d10b13479d55c0a12cca9e6c6450d0a62a09c0fa176a72f7cdc8248cd,868f94b24fd1e968,20260828,7d4a74a88d2cac93b513c0853bf92c260eaceea0,data/CompEval-00090-of-00413.parquet,2,0,512,512,PNG,533660
cf_test_external_seen_family_aigi_44717d8089ef9e7a,test_external_seen_family/aigi/cf_test_external_seen_family_aigi_44717d8089ef9e7a_000088.png.png,1,test_external_seen_family,community-forensics-eval,decidiffusionv2,test,test_external_seen_family,RAISE,DeciDiffusionV2,decidiffusionv2,LatDiff,family_seen,349f333061b97bf6e08477e7e8fc61ab6bbed893fc71a92d152f1c1cde1e650a,e4c61299993dcd6c,20260828,7d4a74a88d2cac93b513c0853bf92c260eaceea0,data/CompEval-00316-of-00413.parquet,3,14,512,512,PNG,377321
cf_test_external_seen_family_aigi_454eb1931cb3ab12,test_external_seen_family/aigi/cf_test_external_seen_family_aigi_454eb1931cb3ab12_000588.png.png,1,test_external_seen_family,community-forensics-eval,lcm-lora-sdxl,test,test_external_seen_family,RAISE,LCM_lora_sdxl,lcm-lora-sdxl,LatDiff,family_seen,ffdf9f36b0eca69af300fcdd6902fa5103702a2e995156e00de1c1a4b86e9032,80b5887385fb875d,20260828,7d4a74a88d2cac93b513c0853bf92c260eaceea0,data/CompEval-00062-of-00413.parquet,0,12,1024,1024,PNG,1661598
cf_test_external_seen_family_aigi_4584230473b61d07,test_external_seen_family/aigi/cf_test_external_seen_family_aigi_4584230473b61d07_000183.png.png,1,test_external_seen_family,community-forensics-eval,kandinsky-2-2,test,test_external_seen_family,RAISE,kandinsky_2_2,kandinsky-2-2,LatDiff,family_seen,43fd9aadc0251b5fbfa66ceb58a9fb301246d88fd1a437f0c0e1e4434890ff4d,bee2c50f8e1cd838,20260828,7d4a74a88d2cac93b513c0853bf92c260eaceea0,data/CompEval-00240-of-00413.parquet,1,18,768,768,PNG,1045756
cf_test_external_seen_family_aigi_4647c049934d4fc2,test_external_seen_family/aigi/cf_test_external_seen_family_aigi_4647c049934d4fc2_000648.png.png,1,test_external_seen_family,community-forensics-eval,lcm-lora-ssd1b,test,test_external_seen_family,RAISE,LCM_lora_ssd1b,lcm-lora-ssd1b,LatDiff,family_seen,6098b2f6a65c920c5fe2a238e4ebcad61f293d1f116a23f9a5a69cc5468538ed,bdc214bd63e214ea,20260828,7d4a74a88d2cac93b513c0853bf92c260eaceea0,data/CompEval-00198-of-00413.parquet,3,7,1024,1024,PNG,1336988
cf_test_external_seen_family_aigi_468bee3f1954ce43,test_external_seen_family/aigi/cf_test_external_seen_family_aigi_468bee3f1954ce43_000355.png.png,1,test_external_seen_family,community-forensics-eval,lcm-lora-sdv15,test,test_external_seen_family,RAISE,LCM_lora_sdv15,lcm-lora-sdv15,LatDiff,family_seen,36b674bb3818f6366bc33b029ae0818249d2f89ce08957b01045a5d1d0a94853,f04f1fd32cc33390,20260828,7d4a74a88d2cac93b513c0853bf92c260eaceea0,data/CompEval-00362-of-00413.parquet,3,13,512,512,PNG,302626
cf_test_external_seen_family_aigi_4693a2932e0554b6,test_external_seen_family/aigi/cf_test_external_seen_family_aigi_4693a2932e0554b6_000026.png.png,1,test_external_seen_family,community-forensics-eval,lcm-lora-ssd1b,test,test_external_seen_family,RAISE,LCM_lora_ssd1b,lcm-lora-ssd1b,LatDiff,family_seen,e14ead235228930cafec19f0ce0d495715e52b0c4f165d33b1ba6474bcdcc6dd,86efe5bbbb021a20,20260828,7d4a74a88d2cac93b513c0853bf92c260eaceea0,data/CompEval-00196-of-00413.parquet,2,18,1024,1024,PNG,1547445
cf_test_external_seen_family_aigi_46a2d687554f4fe9,test_external_seen_family/aigi/cf_test_external_seen_family_aigi_46a2d687554f4fe9_000598.png.png,1,test_external_seen_family,community-forensics-eval,dfgan,test,test_external_seen_family,COCO,DFGAN,dfgan,GAN,family_seen,c7779c3bf6af6d59def3b2057f378b69c3bf46bdbb5562150beb1b0ca3dc5f9a,8c047373f3ec8d0d,20260828,7d4a74a88d2cac93b513c0853bf92c260eaceea0,data/CompEval-00007-of-00413.parquet,2,2,256,256,PNG,80839
cf_test_external_seen_family_aigi_46e2c949c3240687,test_external_seen_family/aigi/cf_test_external_seen_family_aigi_46e2c949c3240687_000807.png.png,1,test_external_seen_family,community-forensics-eval,kandinsky-2-2,test,test_external_seen_family,RAISE,kandinsky_2_2,kandinsky-2-2,LatDiff,family_seen,0aed2c02814bcde4861eb5883ad9323600dc2b63488dcc6071ed59689aee2f78,d973256906164daf,20260828,7d4a74a88d2cac93b513c0853bf92c260eaceea0,data/CompEval-00240-of-00413.parquet,0,19,768,768,PNG,552186
cf_test_external_seen_family_aigi_47a09824bd7e6065,test_external_seen_family/aigi/cf_test_external_seen_family_aigi_47a09824bd7e6065_000456.png.png,1,test_external_seen_family,community-forensics-eval,kvikontent-midjourney-v6,test,test_external_seen_family,RAISE,kvikontent_midjourney_v6,kvikontent-midjourney-v6,LatDiff,family_seen,aaa91ab212fb4337aac17709e12307fcef8c390ad80516cfb471ff52ddcf15fc,bea2c6b927127836,20260828,7d4a74a88d2cac93b513c0853bf92c260eaceea0,data/CompEval-00216-of-00413.parquet,2,18,512,512,PNG,392128
cf_test_external_seen_family_aigi_47a7e18a3fa60f2d,test_external_seen_family/aigi/cf_test_external_seen_family_aigi_47a7e18a3fa60f2d_000893.png.png,1,test_external_seen_family,community-forensics-eval,decidiffusionv2,test,test_external_seen_family,RAISE,DeciDiffusionV2,decidiffusionv2,LatDiff,family_seen,38f741f04a1156e64d472b1fc7c667d476a2809e15a15a72578424bf4b2dba22,d514052f0dfa3a3b,20260828,7d4a74a88d2cac93b513c0853bf92c260eaceea0,data/CompEval-00313-of-00413.parquet,2,2,512,512,PNG,457225
cf_test_external_seen_family_aigi_48201710c43f1a9a,test_external_seen_family/aigi/cf_test_external_seen_family_aigi_48201710c43f1a9a_000736.png.png,1,test_external_seen_family,community-forensics-eval,kandinsky-2-2,test,test_external_seen_family,RAISE,kandinsky_2_2,kandinsky-2-2,LatDiff,family_seen,fc676d79ebc80d3b7f3b37cf2e05cb898d0275223bfc14efd1d79f12adb38013,8d387847549e9ba9,20260828,7d4a74a88d2cac93b513c0853bf92c260eaceea0,data/CompEval-00246-of-00413.parquet,1,19,768,768,PNG,1221745
cf_test_external_seen_family_aigi_4820a15ab90bc4c2,test_external_seen_family/aigi/cf_test_external_seen_family_aigi_4820a15ab90bc4c2_000263.png.png,1,test_external_seen_family,community-forensics-eval,kandinsky-2-2,test,test_external_seen_family,RAISE,kandinsky_2_2,kandinsky-2-2,LatDiff,family_seen,20b5bea89f9de47f5d501ed709925ffb11dafa60cfee9206ccc714a4404fc987,9269251eeeb74952,20260828,7d4a74a88d2cac93b513c0853bf92c260eaceea0,data/CompEval-00244-of-00413.parquet,1,9,768,768,PNG,722309
cf_test_external_seen_family_aigi_48d17d4af9efdd4e,test_external_seen_family/aigi/cf_test_external_seen_family_aigi_48d17d4af9efdd4e_000885.png.png,1,test_external_seen_family,community-forensics-eval,lcm-lora-sdv15,test,test_external_seen_family,RAISE,LCM_lora_sdv15,lcm-lora-sdv15,LatDiff,family_seen,a3b5eab3cb103c6d08bc476f8683ce974beb067aeb9e8c43364a51836ce61594,cc9397963386d869,20260828,7d4a74a88d2cac93b513c0853bf92c260eaceea0,data/CompEval-00362-of-00413.parquet,1,1,512,512,PNG,404490
cf_test_external_seen_family_aigi_48f03e9230430f27,test_external_seen_family/aigi/cf_test_external_seen_family_aigi_48f03e9230430f27_000091.png.png,1,test_external_seen_family,community-forensics-eval,kvikontent-midjourney-v6,test,test_external_seen_family,RAISE,kvikontent_midjourney_v6,kvikontent-midjourney-v6,LatDiff,family_seen,2b0d2ee9297d1928ab21e11ff17a6f997a0312af8b20ed4d9101468d0a70501b,b30e0c7353f5c43c,20260828,7d4a74a88d2cac93b513c0853bf92c260eaceea0,data/CompEval-00217-of-00413.parquet,2,12,512,512,PNG,421152
cf_test_external_seen_family_aigi_49325dea427b5e39,test_external_seen_family/aigi/cf_test_external_seen_family_aigi_49325dea427b5e39_000953.png.png,1,test_external_seen_family,community-forensics-eval,decidiffusionv2,test,test_external_seen_family,RAISE,DeciDiffusionV2,decidiffusionv2,LatDiff,family_seen,9f01f214913371299aa358b212cd97661e6d13eecd0062dcbf6e5dc1e992687d,85d555d55555424f,20260828,7d4a74a88d2cac93b513c0853bf92c260eaceea0,data/CompEval-00315-of-00413.parquet,0,16,512,512,PNG,356872
cf_test_external_seen_family_aigi_4936817418c2ed58,test_external_seen_family/aigi/cf_test_external_seen_family_aigi_4936817418c2ed58_000796.png.png,1,test_external_seen_family,community-forensics-eval,kandinsky-2-2,test,test_external_seen_family,RAISE,kandinsky_2_2,kandinsky-2-2,LatDiff,family_seen,75efdd19cf8cdf58637a598795c493fdd92b5e3ec3d288fd77deb8f53c1bb106,e09b439d67661b0e,20260828,7d4a74a88d2cac93b513c0853bf92c260eaceea0,data/CompEval-00242-of-00413.parquet,0,6,768,768,PNG,788773
cf_test_external_seen_family_aigi_49a67334ef120880,test_external_seen_family/aigi/cf_test_external_seen_family_aigi_49a67334ef120880_000856.png.png,1,test_external_seen_family,community-forensics-eval,kandinsky-2-2,test,test_external_seen_family,RAISE,kandinsky_2_2,kandinsky-2-2,LatDiff,family_seen,66fb01f085e798626eb9f4318a79c27536d8726246e7f6be9f17eeb85f216107,9b50c62aeefc4447,20260828,7d4a74a88d2cac93b513c0853bf92c260eaceea0,data/CompEval-00241-of-00413.parquet,2,2,768,768,PNG,919000
cf_test_external_seen_family_aigi_4aaca99e52967399,test_external_seen_family/aigi/cf_test_external_seen_family_aigi_4aaca99e52967399_000738.png.png,1,test_external_seen_family,community-forensics-eval,galip,test,test_external_seen_family,RAISE,GALIP,galip,GAN,family_seen,41b2f5ceb24748e84b731becd81b48daef862eada882952d8443a242c3f2e981,c5c1903726e6d979,20260828,7d4a74a88d2cac93b513c0853bf92c260eaceea0,data/CompEval-00125-of-00413.parquet,1,0,224,224,PNG,119455
cf_test_external_seen_family_aigi_4abe131523fa23bb,test_external_seen_family/aigi/cf_test_external_seen_family_aigi_4abe131523fa23bb_000259.png.png,1,test_external_seen_family,community-forensics-eval,lcm-lora-ssd1b,test,test_external_seen_family,RAISE,LCM_lora_ssd1b,lcm-lora-ssd1b,LatDiff,family_seen,d0509ce11ca9f6e2a762b1c274d9871fb20f9cfd492a3ce61f2ecd51945ae976,cc1963c69869e71e,20260828,7d4a74a88d2cac93b513c0853bf92c260eaceea0,data/CompEval-00192-of-00413.parquet,0,13,1024,1024,PNG,1005952
cf_test_external_seen_family_aigi_4af73d7a612d231a,test_external_seen_family/aigi/cf_test_external_seen_family_aigi_4af73d7a612d231a_000989.png.png,1,test_external_seen_family,community-forensics-eval,kandinsky-2-2,test,test_external_seen_family,RAISE,kandinsky_2_2,kandinsky-2-2,LatDiff,family_seen,f84ce369ff11a9db3c3f4f1b842bd8119dab8795a2d025e5099a772b2d357648,be2300fc61df3a43,20260828,7d4a74a88d2cac93b513c0853bf92c260eaceea0,data/CompEval-00243-of-00413.parquet,2,7,768,768,PNG,533067
cf_test_external_seen_family_aigi_4afb1d58b285fd10,test_external_seen_family/aigi/cf_test_external_seen_family_aigi_4afb1d58b285fd10_000512.png.png,1,test_external_seen_family,community-forensics-eval,kandinsky-2-2,test,test_external_seen_family,RAISE,kandinsky_2_2,kandinsky-2-2,LatDiff,family_seen,d284220dea5610b331c67cdffd2f02a85bc62c28ed033bed95929437c48adbb7,d10c4ca13bdf8733,20260828,7d4a74a88d2cac93b513c0853bf92c260eaceea0,data/CompEval-00241-of-00413.parquet,0,3,768,768,PNG,1290951
cf_test_external_seen_family_aigi_4b3ae68ff6e6d907,test_external_seen_family/aigi/cf_test_external_seen_family_aigi_4b3ae68ff6e6d907_000324.png.png,1,test_external_seen_family,community-forensics-eval,galip,test,test_external_seen_family,RAISE,GALIP,galip,GAN,family_seen,01efbc25bf2d9dfc254a5f121b169f4c8a2f9eb0c975306a8cf97e89de1938e2,8d840dededd4686c,20260828,7d4a74a88d2cac93b513c0853bf92c260eaceea0,data/CompEval-00125-of-00413.parquet,2,14,224,224,PNG,88329
cf_test_external_seen_family_aigi_4b4f8632ac8ff229,test_external_seen_family/aigi/cf_test_external_seen_family_aigi_4b4f8632ac8ff229_000799.png.png,1,test_external_seen_family,community-forensics-eval,lcm-lora-sdxl,test,test_external_seen_family,RAISE,LCM_lora_sdxl,lcm-lora-sdxl,LatDiff,family_seen,e3a86ed6fa2beb84b412fa5a0203f35ca52e15c6c1c28d47dbcfce5aed79aac6,d6eb88953f402dd4,20260828,7d4a74a88d2cac93b513c0853bf92c260eaceea0,data/CompEval-00058-of-00413.parquet,2,3,1024,1024,PNG,1653397
cf_test_external_seen_family_aigi_4b6cd4347cfd8db3,test_external_seen_family/aigi/cf_test_external_seen_family_aigi_4b6cd4347cfd8db3_000326.png.png,1,test_external_seen_family,community-forensics-eval,lcm-lora-ssd1b,test,test_external_seen_family,RAISE,LCM_lora_ssd1b,lcm-lora-ssd1b,LatDiff,family_seen,578538dce49364079dd3d4103cf21215fff7068ede733460232274c487f61a8d,b0da4fac3447c3b8,20260828,7d4a74a88d2cac93b513c0853bf92c260eaceea0,data/CompEval-00191-of-00413.parquet,1,6,1024,1024,PNG,1365088
cf_test_external_seen_family_aigi_4b6de9d4aacf23eb,test_external_seen_family/aigi/cf_test_external_seen_family_aigi_4b6de9d4aacf23eb_000637.png.png,1,test_external_seen_family,community-forensics-eval,kandinsky-2-2,test,test_external_seen_family,RAISE,kandinsky_2_2,kandinsky-2-2,LatDiff,family_seen,1b5255a44eaf9258edc200e5e1e6b3291c5cbbf8e6b5df062bcfee237c560214,b1d258e093e54c7d,20260828,7d4a74a88d2cac93b513c0853bf92c260eaceea0,data/CompEval-00242-of-00413.parquet,3,0,768,768,PNG,873288
cf_test_external_seen_family_aigi_4bca64f94d240230,test_external_seen_family/aigi/cf_test_external_seen_family_aigi_4bca64f94d240230_000465.png.png,1,test_external_seen_family,community-forensics-eval,hourglass,test,test_external_seen_family,FFHQ,Hourglass,hourglass,PixDiff,family_seen,c336421c735de8dd3b2d08e72a6a577237c7b6b6c024e64fdbc2a60809bd005f,a93f7487c43d7092,20260828,7d4a74a88d2cac93b513c0853bf92c260eaceea0,data/CompEval-00274-of-00413.parquet,4,15,1024,1024,PNG,1192870
cf_test_external_seen_family_aigi_4c360e41afb6af16,test_external_seen_family/aigi/cf_test_external_seen_family_aigi_4c360e41afb6af16_000400.png.png,1,test_external_seen_family,community-forensics-eval,dfgan,test,test_external_seen_family,COCO,DFGAN,dfgan,GAN,family_seen,9d85d7bce6b529903752695936e86f7d39f845d06e456ade9a71ee5524cf8077,e4d6d3b487c68493,20260828,7d4a74a88d2cac93b513c0853bf92c260eaceea0,data/CompEval-00006-of-00413.parquet,1,19,256,256,PNG,117246
cf_test_external_seen_family_aigi_4c4030ae1293d77c,test_external_seen_family/aigi/cf_test_external_seen_family_aigi_4c4030ae1293d77c_000768.png.png,1,test_external_seen_family,community-forensics-eval,kandinsky-2-2,test,test_external_seen_family,RAISE,kandinsky_2_2,kandinsky-2-2,LatDiff,family_seen,6195b2b7c7bf3c0ef79c528380161321575d1ee34e8a9cab2944307a111b9278,84cfca1d1f1c6a78,20260828,7d4a74a88d2cac93b513c0853bf92c260eaceea0,data/CompEval-00245-of-00413.parquet,2,16,768,768,PNG,979717
cf_test_external_seen_family_aigi_4c7d8bff1c281d0c,test_external_seen_family/aigi/cf_test_external_seen_family_aigi_4c7d8bff1c281d0c_000737.png.png,1,test_external_seen_family,community-forensics-eval,kandinsky-2-2,test,test_external_seen_family,RAISE,kandinsky_2_2,kandinsky-2-2,LatDiff,family_seen,9c29e31f90c46ed7b07308352d9d943ef20926878884fabe13cc92552e37846f,c8653fa68b61263b,20260828,7d4a74a88d2cac93b513c0853bf92c260eaceea0,data/CompEval-00245-of-00413.parquet,3,0,768,768,PNG,737191
cf_test_external_seen_family_aigi_4c7e58491af91a79,test_external_seen_family/aigi/cf_test_external_seen_family_aigi_4c7e58491af91a79_000742.png.png,1,test_external_seen_family,community-forensics-eval,dfgan,test,test_external_seen_family,COCO,DFGAN,dfgan,GAN,family_seen,30d187fb45b8f55eb1de38058727fc389e3fc1c4df15581fd81d75c817bb0311,ec9993b61c497712,20260828,7d4a74a88d2cac93b513c0853bf92c260eaceea0,data/CompEval-00005-of-00413.parquet,1,6,256,256,PNG,113055
cf_test_external_seen_family_aigi_4c80a24e4f17dc82,test_external_seen_family/aigi/cf_test_external_seen_family_aigi_4c80a24e4f17dc82_000005.png.png,1,test_external_seen_family,community-forensics-eval,lcm-lora-sdxl,test,test_external_seen_family,RAISE,LCM_lora_sdxl,lcm-lora-sdxl,LatDiff,family_seen,13130c9f51042a4d772c7745266fd4c373df4d943224a5b082a925f310cef7ac,ca6c96d8ac1ccef0,20260828,7d4a74a88d2cac93b513c0853bf92c260eaceea0,data/CompEval-00062-of-00413.parquet,4,8,1024,1024,PNG,2048066
cf_test_external_seen_family_aigi_4c8c54a6ecba716c,test_external_seen_family/aigi/cf_test_external_seen_family_aigi_4c8c54a6ecba716c_000233.png.png,1,test_external_seen_family,community-forensics-eval,lcm-lora-sdxl,test,test_external_seen_family,RAISE,LCM_lora_sdxl,lcm-lora-sdxl,LatDiff,family_seen,f617938895d47170b786937da986a7df6b2415805cf6ed71382dd95117afc20a,8f8e907ce1962f51,20260828,7d4a74a88d2cac93b513c0853bf92c260eaceea0,data/CompEval-00058-of-00413.parquet,3,18,1024,1024,PNG,1386175
cf_test_external_seen_family_aigi_4c91d25770c28199,test_external_seen_family/aigi/cf_test_external_seen_family_aigi_4c91d25770c28199_000132.png.png,1,test_external_seen_family,community-forensics-eval,lcm-lora-sdv15,test,test_external_seen_family,RAISE,LCM_lora_sdv15,lcm-lora-sdv15,LatDiff,family_seen,f621ee4ae90087f75d6d4a473ca46116732bce1863476a88e9f506fcbe33eb05,e3f7084c8fe23478,20260828,7d4a74a88d2cac93b513c0853bf92c260eaceea0,data/CompEval-00113-of-00413.parquet,4,22,512,512,PNG,282888
cf_test_external_seen_family_aigi_4c9aae1ec215aa73,test_external_seen_family/aigi/cf_test_external_seen_family_aigi_4c9aae1ec215aa73_000404.png.png,1,test_external_seen_family,community-forensics-eval,lcm-lora-ssd1b,test,test_external_seen_family,RAISE,LCM_lora_ssd1b,lcm-lora-ssd1b,LatDiff,family_seen,c1e7d8adbce5c2b9188972676eeefe14d4a4d25953699661ef8daf1b2d49b70c,e618d9995989d999,20260828,7d4a74a88d2cac93b513c0853bf92c260eaceea0,data/CompEval-00191-of-00413.parquet,4,1,1024,1024,PNG,1209845
cf_test_external_seen_family_aigi_4cc120e2e175adba,test_external_seen_family/aigi/cf_test_external_seen_family_aigi_4cc120e2e175adba_000980.png.png,1,test_external_seen_family,community-forensics-eval,hourglass,test,test_external_seen_family,FFHQ,Hourglass,hourglass,PixDiff,family_seen,48a083b13c70d3f5f86e4f732ad4689d20b75462f621f7a2b800caee9e45ed08,f8d20ff87035c287,20260828,7d4a74a88d2cac93b513c0853bf92c260eaceea0,data/CompEval-00127-of-00413.parquet,1,3,1024,1024,PNG,1151812
cf_test_external_seen_family_aigi_4ce00322c18a0fd3,test_external_seen_family/aigi/cf_test_external_seen_family_aigi_4ce00322c18a0fd3_000521.png.png,1,test_external_seen_family,community-forensics-eval,lcm-lora-ssd1b,test,test_external_seen_family,RAISE,LCM_lora_ssd1b,lcm-lora-ssd1b,LatDiff,family_seen,ee51a69e6939d21c25b3700729d7bda46210fd15084cf89ece58dd5bab5c2f2e,c3ecdeb288d2a31c,20260828,7d4a74a88d2cac93b513c0853bf92c260eaceea0,data/CompEval-00191-of-00413.parquet,3,21,1024,1024,PNG,1711631
cf_test_external_seen_family_aigi_4ce10e040a1b4507,test_external_seen_family/aigi/cf_test_external_seen_family_aigi_4ce10e040a1b4507_000781.png.png,1,test_external_seen_family,community-forensics-eval,hourglass,test,test_external_seen_family,FFHQ,Hourglass,hourglass,PixDiff,family_seen,2746c263b2f1ebc73f6a65bbc455fc9048923207b1f228ce4b8843e0df78544c,c93f34f661077298,20260828,7d4a74a88d2cac93b513c0853bf92c260eaceea0,data/CompEval-00274-of-00413.parquet,4,19,1024,1024,PNG,1173320
cf_test_external_seen_family_aigi_4cf79e6d2a129668,test_external_seen_family/aigi/cf_test_external_seen_family_aigi_4cf79e6d2a129668_000706.png.png,1,test_external_seen_family,community-forensics-eval,decidiffusionv2,test,test_external_seen_family,RAISE,DeciDiffusionV2,decidiffusionv2,LatDiff,family_seen,4270b7220b124170ec7512ca43ad7444faff4dca2fee49555e0a4bdf5ad15887,dcd5d7c174a82859,20260828,7d4a74a88d2cac93b513c0853bf92c260eaceea0,data/CompEval-00315-of-00413.parquet,1,2,512,512,PNG,517883
cf_test_external_seen_family_aigi_4d37847f31106d14,test_external_seen_family/aigi/cf_test_external_seen_family_aigi_4d37847f31106d14_000366.png.png,1,test_external_seen_family,community-forensics-eval,kandinsky-2-2,test,test_external_seen_family,RAISE,kandinsky_2_2,kandinsky-2-2,LatDiff,family_seen,a2a4c746aad624580a0d98ab3798dde355978ba41950f6df26e2c7dd87eac8c0,996a2e2535767ac2,20260828,7d4a74a88d2cac93b513c0853bf92c260eaceea0,data/CompEval-00243-of-00413.parquet,2,6,768,768,PNG,720105
cf_test_external_seen_family_aigi_4df0db1e96eab90e,test_external_seen_family/aigi/cf_test_external_seen_family_aigi_4df0db1e96eab90e_000399.png.png,1,test_external_seen_family,community-forensics-eval,lcm-lora-sdxl,test,test_external_seen_family,RAISE,LCM_lora_sdxl,lcm-lora-sdxl,LatDiff,family_seen,7ce6777c512f61235157b9ffe07bf4b9a85c2e5ccdf02e004fdcbb2537d94d5b,a9a5394f9618d6ca,20260828,7d4a74a88d2cac93b513c0853bf92c260eaceea0,data/CompEval-00056-of-00413.parquet,1,1,1024,1024,PNG,2331469
cf_test_external_seen_family_aigi_4e70e9db02695ef8,test_external_seen_family/aigi/cf_test_external_seen_family_aigi_4e70e9db02695ef8_000380.png.png,1,test_external_seen_family,community-forensics-eval,lcm-lora-sdxl,test,test_external_seen_family,RAISE,LCM_lora_sdxl,lcm-lora-sdxl,LatDiff,family_seen,af24462081d2d18710eb321736ac978edfff719ff10aacfd64bf8182ee61134e,a7bf1368c4388e6c,20260828,7d4a74a88d2cac93b513c0853bf92c260eaceea0,data/CompEval-00061-of-00413.parquet,0,1,1024,1024,PNG,1673386
cf_test_external_seen_family_aigi_4ed3414a97dff77e,test_external_seen_family/aigi/cf_test_external_seen_family_aigi_4ed3414a97dff77e_000670.png.png,1,test_external_seen_family,community-forensics-eval,dfgan,test,test_external_seen_family,COCO,DFGAN,dfgan,GAN,family_seen,3b6a80022425bd2ed38da8f0dacf55c758e4a1a15e78c09ad16c2de8d9b0addf,ede5a49393116c6c,20260828,7d4a74a88d2cac93b513c0853bf92c260eaceea0,data/CompEval-00000-of-00413.parquet,3,4,256,256,PNG,140027
cf_test_external_seen_family_aigi_4ed863c625668442,test_external_seen_family/aigi/cf_test_external_seen_family_aigi_4ed863c625668442_000805.png.png,1,test_external_seen_family,community-forensics-eval,dfgan,test,test_external_seen_family,COCO,DFGAN,dfgan,GAN,family_seen,4b8faf06b80dfafc06c89a3de98838d9e82951fec93c9b63a9d376c3f7e80ee8,c1ab02658752afb7,20260828,7d4a74a88d2cac93b513c0853bf92c260eaceea0,data/CompEval-00007-of-00413.parquet,0,23,256,256,PNG,111479
cf_test_external_seen_family_aigi_4f5144b39cb87573,test_external_seen_family/aigi/cf_test_external_seen_family_aigi_4f5144b39cb87573_000419.png.png,1,test_external_seen_family,community-forensics-eval,hourglass,test,test_external_seen_family,FFHQ,Hourglass,hourglass,PixDiff,family_seen,ac7bd813a7f28c69d7d8c0ad2aa2cb065561541699c0ed9a0335b23664d9d030,eada0e5c68680cdf,20260828,7d4a74a88d2cac93b513c0853bf92c260eaceea0,data/CompEval-00105-of-00413.parquet,1,6,1024,1024,PNG,1260379
cf_test_external_seen_family_aigi_4f9fd55d9967fc5f,test_external_seen_family/aigi/cf_test_external_seen_family_aigi_4f9fd55d9967fc5f_000517.png.png,1,test_external_seen_family,community-forensics-eval,dfgan,test,test_external_seen_family,COCO,DFGAN,dfgan,GAN,family_seen,916b4be65a26a335b98914f2a3277a977fb50c5449071ce4822cfaa1afc17a13,eda34b345957c11a,20260828,7d4a74a88d2cac93b513c0853bf92c260eaceea0,data/CompEval-00004-of-00413.parquet,2,6,256,256,PNG,108341
cf_test_external_seen_family_aigi_4fe6774d12fc3862,test_external_seen_family/aigi/cf_test_external_seen_family_aigi_4fe6774d12fc3862_000755.png.png,1,test_external_seen_family,community-forensics-eval,lcm-lora-sdv15,test,test_external_seen_family,RAISE,LCM_lora_sdv15,lcm-lora-sdv15,LatDiff,family_seen,8fbd42d3b8a2598ba138f0365a3810fb2f2c097a6557ddd887bc4275a6e4a91a,999a1e991e8ee362,20260828,7d4a74a88d2cac93b513c0853bf92c260eaceea0,data/CompEval-00362-of-00413.parquet,3,19,512,512,PNG,329948
cf_test_external_seen_family_aigi_503c199654cc6947,test_external_seen_family/aigi/cf_test_external_seen_family_aigi_503c199654cc6947_000564.png.png,1,test_external_seen_family,community-forensics-eval,lcm-lora-sdxl,test,test_external_seen_family,RAISE,LCM_lora_sdxl,lcm-lora-sdxl,LatDiff,family_seen,9553b04d3529362d9d9e35ee5236b2e2d39d13a581f0c5f1a527c1a632a2566b,c17c80cf1cf30ff0,20260828,7d4a74a88d2cac93b513c0853bf92c260eaceea0,data/CompEval-00059-of-00413.parquet,0,19,1024,1024,PNG,1099460
cf_test_external_seen_family_aigi_5074f433f5e14315,test_external_seen_family/aigi/cf_test_external_seen_family_aigi_5074f433f5e14315_000037.png.png,1,test_external_seen_family,community-forensics-eval,decidiffusionv2,test,test_external_seen_family,RAISE,DeciDiffusionV2,decidiffusionv2,LatDiff,family_seen,5839e0c3564f0080edf2aad65679d3ea9eb1665afb89409e14177bb34ca248ad,d3f86c2483c95abc,20260828,7d4a74a88d2cac93b513c0853bf92c260eaceea0,data/CompEval-00317-of-00413.parquet,3,21,512,512,PNG,386172
cf_test_external_seen_family_aigi_50c21a75cd1f8337,test_external_seen_family/aigi/cf_test_external_seen_family_aigi_50c21a75cd1f8337_000600.png.png,1,test_external_seen_family,community-forensics-eval,kandinsky-2-2,test,test_external_seen_family,RAISE,kandinsky_2_2,kandinsky-2-2,LatDiff,family_seen,b366440544ad8ab284b2ed3898e411a7fccdd513ae326e0363d7fc2d6577fc1b,ce407276e4b3b10f,20260828,7d4a74a88d2cac93b513c0853bf92c260eaceea0,data/CompEval-00242-of-00413.parquet,3,6,768,768,PNG,1237002
cf_test_external_seen_family_aigi_51473a07b03ae30c,test_external_seen_family/aigi/cf_test_external_seen_family_aigi_51473a07b03ae30c_000159.png.png,1,test_external_seen_family,community-forensics-eval,kvikontent-midjourney-v6,test,test_external_seen_family,RAISE,kvikontent_midjourney_v6,kvikontent-midjourney-v6,LatDiff,family_seen,2424ccf6f6254a971ffba53610350d1872c64e5d6c5cd45af697580af305c398,f3cf07610df01e38,20260828,7d4a74a88d2cac93b513c0853bf92c260eaceea0,data/CompEval-00092-of-00413.parquet,0,17,512,512,PNG,385247
cf_test_external_seen_family_aigi_516a63c74b6be452,test_external_seen_family/aigi/cf_test_external_seen_family_aigi_516a63c74b6be452_000412.png.png,1,test_external_seen_family,community-forensics-eval,kandinsky-2-2,test,test_external_seen_family,RAISE,kandinsky_2_2,kandinsky-2-2,LatDiff,family_seen,d0bf72263190ef0d17bcdd4b2a086287d387d16b30827f5670e7d60b5d139f02,c1cb1a65cd8e3176,20260828,7d4a74a88d2cac93b513c0853bf92c260eaceea0,data/CompEval-00240-of-00413.parquet,1,4,768,768,PNG,872746
cf_test_external_seen_family_aigi_51739de7ad026b4c,test_external_seen_family/aigi/cf_test_external_seen_family_aigi_51739de7ad026b4c_000339.png.png,1,test_external_seen_family,community-forensics-eval,lcm-lora-sdv15,test,test_external_seen_family,RAISE,LCM_lora_sdv15,lcm-lora-sdv15,LatDiff,family_seen,3010ec223ebc6aa1df2c8e524046a1284a6f7e20431407323a53bba265647b68,879e780f3ce1e096,20260828,7d4a74a88d2cac93b513c0853bf92c260eaceea0,data/CompEval-00357-of-00413.parquet,2,24,512,512,PNG,297636
cf_test_external_seen_family_aigi_522d0b5ddeba755a,test_external_seen_family/aigi/cf_test_external_seen_family_aigi_522d0b5ddeba755a_000987.png.png,1,test_external_seen_family,community-forensics-eval,lcm-lora-sdv15,test,test_external_seen_family,RAISE,LCM_lora_sdv15,lcm-lora-sdv15,LatDiff,family_seen,cbeab6c6d01e1cc01034a7911a977bde1602cfe042791463dba56f27a4bbb89e,95933ab03c8633db,20260828,7d4a74a88d2cac93b513c0853bf92c260eaceea0,data/CompEval-00364-of-00413.parquet,0,23,512,512,PNG,357436
cf_test_external_seen_family_aigi_522f52f1eba1a9d4,test_external_seen_family/aigi/cf_test_external_seen_family_aigi_522f52f1eba1a9d4_000346.png.png,1,test_external_seen_family,community-forensics-eval,galip,test,test_external_seen_family,RAISE,GALIP,galip,GAN,family_seen,0c4c9129af216181e612dfd6f8dae9f15f733b285acf6d8b746626fff023ee39,fbb181091d45e973,20260828,7d4a74a88d2cac93b513c0853bf92c260eaceea0,data/CompEval-00122-of-00413.parquet,2,11,224,224,PNG,64683
cf_test_external_seen_family_aigi_528b7ccfb350fc45,test_external_seen_family/aigi/cf_test_external_seen_family_aigi_528b7ccfb350fc45_000230.png.png,1,test_external_seen_family,community-forensics-eval,dfgan,test,test_external_seen_family,COCO,DFGAN,dfgan,GAN,family_seen,634dbd7ec86a979d097e7bbb25703fe7b87c277163547fbaf1372407299799c9,e8c79760cd1570d6,20260828,7d4a74a88d2cac93b513c0853bf92c260eaceea0,data/CompEval-00002-of-00413.parquet,1,12,256,256,PNG,121004
cf_test_external_seen_family_aigi_52b2bf089fe0358c,test_external_seen_family/aigi/cf_test_external_seen_family_aigi_52b2bf089fe0358c_000577.png.png,1,test_external_seen_family,community-forensics-eval,hourglass,test,test_external_seen_family,,Hourglass,hourglass,PixDiff,family_seen,719e30fb79ab6d01091a9f46e795b444d402086f88dcdf1842f0ace5e7ba7c64,cd96166d92366c93,20260828,7d4a74a88d2cac93b513c0853bf92c260eaceea0,data/CompEval-00081-of-00413.parquet,1,4,256,256,PNG,143434
cf_test_external_seen_family_aigi_52b3bef5dde9cf74,test_external_seen_family/aigi/cf_test_external_seen_family_aigi_52b3bef5dde9cf74_000092.png.png,1,test_external_seen_family,community-forensics-eval,hourglass,test,test_external_seen_family,FFHQ,Hourglass,hourglass,PixDiff,family_seen,e04a1b612f77abe168d82c3594d59a2ba4c1b52d6d1891978da439c69d014e18,8b7aa567a04d928f,20260828,7d4a74a88d2cac93b513c0853bf92c260eaceea0,data/CompEval-00126-of-00413.parquet,1,2,1024,1024,PNG,1228320
cf_test_external_seen_family_aigi_5329ad75bff0106d,test_external_seen_family/aigi/cf_test_external_seen_family_aigi_5329ad75bff0106d_000229.png.png,1,test_external_seen_family,community-forensics-eval,decidiffusionv2,test,test_external_seen_family,RAISE,DeciDiffusionV2,decidiffusionv2,LatDiff,family_seen,37553b0cad788c572bd866abb824b955c02aa2cf64f116be7700b897099a0fc4,d7f02f84723b191c,20260828,7d4a74a88d2cac93b513c0853bf92c260eaceea0,data/CompEval-00314-of-00413.parquet,4,24,512,512,PNG,455666
cf_test_external_seen_family_aigi_5358bdf671a585a1,test_external_seen_family/aigi/cf_test_external_seen_family_aigi_5358bdf671a585a1_000399.png.png,1,test_external_seen_family,community-forensics-eval,decidiffusionv2,test,test_external_seen_family,RAISE,DeciDiffusionV2,decidiffusionv2,LatDiff,family_seen,54d13251c696a6d350de229f8b8437e7ed72a10b39c736bcd8e91d7c5e9d631d,b3584c4ec6f47ca4,20260828,7d4a74a88d2cac93b513c0853bf92c260eaceea0,data/CompEval-00313-of-00413.parquet,4,9,512,512,PNG,336139
cf_test_external_seen_family_aigi_539732add4d01284,test_external_seen_family/aigi/cf_test_external_seen_family_aigi_539732add4d01284_000238.png.png,1,test_external_seen_family,community-forensics-eval,hourglass,test,test_external_seen_family,,Hourglass,hourglass,PixDiff,family_seen,c5de90bc3b0d7820b64c16d7611aba0ad8aeafb293860561c9296d0e120e8f69,b3cc6fbf41807838,20260828,7d4a74a88d2cac93b513c0853bf92c260eaceea0,data/CompEval-00153-of-00413.parquet,3,5,256,256,PNG,93942
cf_test_external_seen_family_aigi_539d905f65e73772,test_external_seen_family/aigi/cf_test_external_seen_family_aigi_539d905f65e73772_000563.png.png,1,test_external_seen_family,community-forensics-eval,galip,test,test_external_seen_family,RAISE,GALIP,galip,GAN,family_seen,7c2cd111eeae3296372701b009e2beb56f310670c0fb74d9677dcdc877ec6ee1,88e5f79f84e0a878,20260828,7d4a74a88d2cac93b513c0853bf92c260eaceea0,data/CompEval-00125-of-00413.parquet,2,22,224,224,PNG,99058
cf_test_external_seen_family_aigi_53bf055b61cb6db0,test_external_seen_family/aigi/cf_test_external_seen_family_aigi_53bf055b61cb6db0_000189.png.png,1,test_external_seen_family,community-forensics-eval,lcm-lora-ssd1b,test,test_external_seen_family,RAISE,LCM_lora_ssd1b,lcm-lora-ssd1b,LatDiff,family_seen,93d127db9212b1fcd8121f0059b053f2f50cf43438483e9294f5de0184b42092,f2cbbda51e726009,20260828,7d4a74a88d2cac93b513c0853bf92c260eaceea0,data/CompEval-00191-of-00413.parquet,2,20,1024,1024,PNG,2085831
cf_test_external_seen_family_aigi_54603e8f08765bb9,test_external_seen_family/aigi/cf_test_external_seen_family_aigi_54603e8f08765bb9_000054.png.png,1,test_external_seen_family,community-forensics-eval,lcm-lora-sdv15,test,test_external_seen_family,RAISE,LCM_lora_sdv15,lcm-lora-sdv15,LatDiff,family_seen,87528ef8821de82e8f5520e062566101a39da2737327540b546467852cbd4295,84078fea8355fb31,20260828,7d4a74a88d2cac93b513c0853bf92c260eaceea0,data/CompEval-00359-of-00413.parquet,1,11,512,512,PNG,374064
cf_test_external_seen_family_aigi_547727fa2f5b861f,test_external_seen_family/aigi/cf_test_external_seen_family_aigi_547727fa2f5b861f_000570.png.png,1,test_external_seen_family,community-forensics-eval,decidiffusionv2,test,test_external_seen_family,RAISE,DeciDiffusionV2,decidiffusionv2,LatDiff,family_seen,861ed3cd236ea787972e117ae6e3973bf716086a66ea7335475e9c5d5dad2914,c77a96447ab9d481,20260828,7d4a74a88d2cac93b513c0853bf92c260eaceea0,data/CompEval-00310-of-00413.parquet,4,7,512,512,PNG,456332
cf_test_external_seen_family_aigi_54b62b71d73ce764,test_external_seen_family/aigi/cf_test_external_seen_family_aigi_54b62b71d73ce764_000953.png.png,1,test_external_seen_family,community-forensics-eval,kvikontent-midjourney-v6,test,test_external_seen_family,RAISE,kvikontent_midjourney_v6,kvikontent-midjourney-v6,LatDiff,family_seen,5a2eab2f03419d83d84267195f71eddfa6b7af963d58c9d9b917abd68b870b00,a98682fdd74948f8,20260828,7d4a74a88d2cac93b513c0853bf92c260eaceea0,data/CompEval-00217-of-00413.parquet,1,1,512,512,PNG,441564
cf_test_external_seen_family_aigi_54f57963a65dda0e,test_external_seen_family/aigi/cf_test_external_seen_family_aigi_54f57963a65dda0e_000941.png.png,1,test_external_seen_family,community-forensics-eval,kvikontent-midjourney-v6,test,test_external_seen_family,RAISE,kvikontent_midjourney_v6,kvikontent-midjourney-v6,LatDiff,family_seen,89edd9e12abf866409208d14d698bca877a89fa0de5d14ddc63d5aaaf14ae68e,d2b867c1494bb21f,20260828,7d4a74a88d2cac93b513c0853bf92c260eaceea0,data/CompEval-00092-of-00413.parquet,2,11,512,512,PNG,539138
cf_test_external_seen_family_aigi_550e20ee5d5b8571,test_external_seen_family/aigi/cf_test_external_seen_family_aigi_550e20ee5d5b8571_000349.png.png,1,test_external_seen_family,community-forensics-eval,lcm-lora-sdv15,test,test_external_seen_family,RAISE,LCM_lora_sdv15,lcm-lora-sdv15,LatDiff,family_seen,c57d20f80141e32f68e32f713fd6d0737be9e0d03433484ac6de097c0392ccbe,d4f5242d45f50acb,20260828,7d4a74a88d2cac93b513c0853bf92c260eaceea0,data/CompEval-00357-of-00413.parquet,2,20,512,512,PNG,304136
cf_test_external_seen_family_aigi_559f37f239e65bd3,test_external_seen_family/aigi/cf_test_external_seen_family_aigi_559f37f239e65bd3_000933.png.png,1,test_external_seen_family,community-forensics-eval,dfgan,test,test_external_seen_family,COCO,DFGAN,dfgan,GAN,family_seen,3e4c4a6df0a3a15f9af0c96269d8632799913ad34ef07031d0dbe1194186ca8e,911b33e0646e7db4,20260828,7d4a74a88d2cac93b513c0853bf92c260eaceea0,data/CompEval-00003-of-00413.parquet,2,3,256,256,PNG,106383
cf_test_external_seen_family_aigi_55b9be53dbb0ad03,test_external_seen_family/aigi/cf_test_external_seen_family_aigi_55b9be53dbb0ad03_000713.png.png,1,test_external_seen_family,community-forensics-eval,kandinsky-2-2,test,test_external_seen_family,RAISE,kandinsky_2_2,kandinsky-2-2,LatDiff,family_seen,038a3e524ac60934e7bbb4b754a8582b0f319958b8ad40efa9ac192ff7f30033,d61989e4c2f93f12,20260828,7d4a74a88d2cac93b513c0853bf92c260eaceea0,data/CompEval-00240-of-00413.parquet,3,19,768,768,PNG,807100
cf_test_external_seen_family_aigi_560058d9ae65e58d,test_external_seen_family/aigi/cf_test_external_seen_family_aigi_560058d9ae65e58d_000652.png.png,1,test_external_seen_family,community-forensics-eval,dfgan,test,test_external_seen_family,COCO,DFGAN,dfgan,GAN,family_seen,e445953dc0891d8aa0455b52059cf5b700b30c48b7ea702f7ce2bf110fd1a42b,c7071393b2b2ec2d,20260828,7d4a74a88d2cac93b513c0853bf92c260eaceea0,data/CompEval-00006-of-00413.parquet,1,21,256,256,PNG,98202
cf_test_external_seen_family_aigi_56469497c6e22df0,test_external_seen_family/aigi/cf_test_external_seen_family_aigi_56469497c6e22df0_000700.png.png,1,test_external_seen_family,community-forensics-eval,lcm-lora-sdxl,test,test_external_seen_family,RAISE,LCM_lora_sdxl,lcm-lora-sdxl,LatDiff,family_seen,9df042c4d3b524aaefce8e7f9d3e946a3634dca341aadb6dd92f85b95827c812,9e9e8fa5a0d62523,20260828,7d4a74a88d2cac93b513c0853bf92c260eaceea0,data/CompEval-00057-of-00413.parquet,0,8,1024,1024,PNG,1641552
cf_test_external_seen_family_aigi_56515d35c83eea8f,test_external_seen_family/aigi/cf_test_external_seen_family_aigi_56515d35c83eea8f_000928.png.png,1,test_external_seen_family,community-forensics-eval,galip,test,test_external_seen_family,RAISE,GALIP,galip,GAN,family_seen,116f978a97b558551256a07499706e70b724812f7afd49aa7e5aa28f4bd54a89,8a2ef5938f851556,20260828,7d4a74a88d2cac93b513c0853bf92c260eaceea0,data/CompEval-00047-of-00413.parquet,2,10,224,224,PNG,62982
cf_test_external_seen_family_aigi_565fbe7d2a02b4aa,test_external_seen_family/aigi/cf_test_external_seen_family_aigi_565fbe7d2a02b4aa_000012.png.png,1,test_external_seen_family,community-forensics-eval,galip,test,test_external_seen_family,RAISE,GALIP,galip,GAN,family_seen,c3de1a59d965066629aa16a9c5d5f07b029caf28d5039044a149018f0505f76b,a26cd62c79833fc1,20260828,7d4a74a88d2cac93b513c0853bf92c260eaceea0,data/CompEval-00046-of-00413.parquet,3,24,224,224,PNG,93261
cf_test_external_seen_family_aigi_566b022b63d8ca69,test_external_seen_family/aigi/cf_test_external_seen_family_aigi_566b022b63d8ca69_000691.png.png,1,test_external_seen_family,community-forensics-eval,dfgan,test,test_external_seen_family,COCO,DFGAN,dfgan,GAN,family_seen,41ad553b61a25d3dc1365d69c1fd225d9280cabf3e6a032a8bbbf69abca6887e,9612f126968e79ad,20260828,7d4a74a88d2cac93b513c0853bf92c260eaceea0,data/CompEval-00000-of-00413.parquet,0,7,256,256,PNG,110448
cf_test_external_seen_family_aigi_56e45ba0c4319b70,test_external_seen_family/aigi/cf_test_external_seen_family_aigi_56e45ba0c4319b70_000902.png.png,1,test_external_seen_family,community-forensics-eval,kvikontent-midjourney-v6,test,test_external_seen_family,RAISE,kvikontent_midjourney_v6,kvikontent-midjourney-v6,LatDiff,family_seen,2ba099ad6d9b84fd608cfb4d330ba4385147e80dbc72eb2d652e2437e033b82c,c396c51fd0acd827,20260828,7d4a74a88d2cac93b513c0853bf92c260eaceea0,data/CompEval-00091-of-00413.parquet,2,14,512,512,PNG,470858
cf_test_external_seen_family_aigi_57127f68dd8437f8,test_external_seen_family/aigi/cf_test_external_seen_family_aigi_57127f68dd8437f8_000420.png.png,1,test_external_seen_family,community-forensics-eval,lcm-lora-ssd1b,test,test_external_seen_family,RAISE,LCM_lora_ssd1b,lcm-lora-ssd1b,LatDiff,family_seen,5c9d078eef3e2e9b573180efdf573cc61496613c449dcb0cdcd0f9216901cc8e,c5b298e582bd724e,20260828,7d4a74a88d2cac93b513c0853bf92c260eaceea0,data/CompEval-00193-of-00413.parquet,4,7,1024,1024,PNG,1693871
cf_test_external_seen_family_aigi_571b148f0c88d00e,test_external_seen_family/aigi/cf_test_external_seen_family_aigi_571b148f0c88d00e_000198.png.png,1,test_external_seen_family,community-forensics-eval,decidiffusionv2,test,test_external_seen_family,RAISE,DeciDiffusionV2,decidiffusionv2,LatDiff,family_seen,42a7323e10281f93232ee62aaaafcdab6f3912051356c8096d5d20513bd48a8f,807aff67949d03e0,20260828,7d4a74a88d2cac93b513c0853bf92c260eaceea0,data/CompEval-00313-of-00413.parquet,0,14,512,512,PNG,489382
cf_test_external_seen_family_aigi_57cfadac076c7e8d,test_external_seen_family/aigi/cf_test_external_seen_family_aigi_57cfadac076c7e8d_000430.png.png,1,test_external_seen_family,community-forensics-eval,lcm-lora-sdv15,test,test_external_seen_family,RAISE,LCM_lora_sdv15,lcm-lora-sdv15,LatDiff,family_seen,ff69ab9280215e49451f10722c588299c37b8875554773ed12ca7c8ea9954e9f,84a427837cb4b73d,20260828,7d4a74a88d2cac93b513c0853bf92c260eaceea0,data/CompEval-00361-of-00413.parquet,3,7,512,512,PNG,359413
cf_test_external_seen_family_aigi_57e71e5df0fb9f32,test_external_seen_family/aigi/cf_test_external_seen_family_aigi_57e71e5df0fb9f32_000647.png.png,1,test_external_seen_family,community-forensics-eval,hourglass,test,test_external_seen_family,,Hourglass,hourglass,PixDiff,family_seen,0dfc29994425a950a230456021d081d2be074f84ed5313dbea8b47023c4c1128,e7e5ca1a019c1f87,20260828,7d4a74a88d2cac93b513c0853bf92c260eaceea0,data/CompEval-00154-of-00413.parquet,0,16,256,256,PNG,119390
cf_test_external_seen_family_aigi_57fa8800eae3c6ba,test_external_seen_family/aigi/cf_test_external_seen_family_aigi_57fa8800eae3c6ba_000636.png.png,1,test_external_seen_family,community-forensics-eval,kvikontent-midjourney-v6,test,test_external_seen_family,RAISE,kvikontent_midjourney_v6,kvikontent-midjourney-v6,LatDiff,family_seen,81aaab343266893fff6b043e3fbc0f3f6ab94a807d2e573cab2241e64f857ae7,857fd390a0abe25c,20260828,7d4a74a88d2cac93b513c0853bf92c260eaceea0,data/CompEval-00216-of-00413.parquet,0,14,512,512,PNG,462845
cf_test_external_seen_family_aigi_58381b1ecb44d83f,test_external_seen_family/aigi/cf_test_external_seen_family_aigi_58381b1ecb44d83f_000491.png.png,1,test_external_seen_family,community-forensics-eval,lcm-lora-sdxl,test,test_external_seen_family,RAISE,LCM_lora_sdxl,lcm-lora-sdxl,LatDiff,family_seen,e074274f8a96806b5ef429d0adb2f7fc23bfd211f3b62e4c2683225cb7e87e49,e5969b6499799264,20260828,7d4a74a88d2cac93b513c0853bf92c260eaceea0,data/CompEval-00057-of-00413.parquet,4,16,1024,1024,PNG,2033519
cf_test_external_seen_family_aigi_585808cb005fe2e4,test_external_seen_family/aigi/cf_test_external_seen_family_aigi_585808cb005fe2e4_000152.png.png,1,test_external_seen_family,community-forensics-eval,dfgan,test,test_external_seen_family,COCO,DFGAN,dfgan,GAN,family_seen,c8531b9ac4fd1f5b9198ec9dc1109c9c8cd2fb7f482ed980afb78c01757b32e5,ec807bdb91c42c2f,20260828,7d4a74a88d2cac93b513c0853bf92c260eaceea0,data/CompEval-00007-of-00413.parquet,3,6,256,256,PNG,134552
cf_test_external_seen_family_aigi_58a3b64b934981e4,test_external_seen_family/aigi/cf_test_external_seen_family_aigi_58a3b64b934981e4_000410.png.png,1,test_external_seen_family,community-forensics-eval,lcm-lora-ssd1b,test,test_external_seen_family,RAISE,LCM_lora_ssd1b,lcm-lora-ssd1b,LatDiff,family_seen,b977b7eb60d16ca810d85e60e61d9c4bd88722ff5d12b2ac36a29c4e479d5142,811ce319ceb659b6,20260828,7d4a74a88d2cac93b513c0853bf92c260eaceea0,data/CompEval-00193-of-00413.parquet,4,12,1024,1024,PNG,1040426
cf_test_external_seen_family_aigi_58edf889e59b966d,test_external_seen_family/aigi/cf_test_external_seen_family_aigi_58edf889e59b966d_000578.png.png,1,test_external_seen_family,community-forensics-eval,hourglass,test,test_external_seen_family,,Hourglass,hourglass,PixDiff,family_seen,16ef3914445f59327403583241c569198561faaecaf6577fe26b3093395c4242,8b8fd2703893e45e,20260828,7d4a74a88d2cac93b513c0853bf92c260eaceea0,data/CompEval-00151-of-00413.parquet,4,22,256,256,PNG,120145
cf_test_external_seen_family_aigi_58f26fae480f54ea,test_external_seen_family/aigi/cf_test_external_seen_family_aigi_58f26fae480f54ea_000057.png.png,1,test_external_seen_family,community-forensics-eval,hourglass,test,test_external_seen_family,,Hourglass,hourglass,PixDiff,family_seen,02962388e8cbc153bded47ec7e1a68362ed6f0b44171484129363a915b283bb8,aca3369649e905de,20260828,7d4a74a88d2cac93b513c0853bf92c260eaceea0,data/CompEval-00152-of-00413.parquet,2,10,256,256,PNG,82539
cf_test_external_seen_family_aigi_58f9a8be32655448,test_external_seen_family/aigi/cf_test_external_seen_family_aigi_58f9a8be32655448_000153.png.png,1,test_external_seen_family,community-forensics-eval,kvikontent-midjourney-v6,test,test_external_seen_family,RAISE,kvikontent_midjourney_v6,kvikontent-midjourney-v6,LatDiff,family_seen,92e468cb9ad977bde1d8a4ccb62826d102a075f4b6ba4ad89767874388778221,b1d1490ece6dd227,20260828,7d4a74a88d2cac93b513c0853bf92c260eaceea0,data/CompEval-00215-of-00413.parquet,4,1,512,512,PNG,369672
cf_test_external_seen_family_aigi_58fdd34bbe947787,test_external_seen_family/aigi/cf_test_external_seen_family_aigi_58fdd34bbe947787_000163.png.png,1,test_external_seen_family,community-forensics-eval,lcm-lora-ssd1b,test,test_external_seen_family,RAISE,LCM_lora_ssd1b,lcm-lora-ssd1b,LatDiff,family_seen,1eeea89e3a7aa18fd3268e80dc058d4b4f28121171aa76459c2cf8fe3ea8243d,888cda6b84ce63b7,20260828,7d4a74a88d2cac93b513c0853bf92c260eaceea0,data/CompEval-00192-of-00413.parquet,2,15,1024,1024,PNG,1356144
cf_test_external_seen_family_aigi_58fdf91028401994,test_external_seen_family/aigi/cf_test_external_seen_family_aigi_58fdf91028401994_000233.png.png,1,test_external_seen_family,community-forensics-eval,dfgan,test,test_external_seen_family,COCO,DFGAN,dfgan,GAN,family_seen,6e565b266711147d5ffaab87ccf72427402abc6c9137eabb3e1cf6b2fe216c2e,8d697b96921274e5,20260828,7d4a74a88d2cac93b513c0853bf92c260eaceea0,data/CompEval-00000-of-00413.parquet,3,6,256,256,PNG,82022
cf_test_external_seen_family_aigi_593397060bf48cda,test_external_seen_family/aigi/cf_test_external_seen_family_aigi_593397060bf48cda_000039.png.png,1,test_external_seen_family,community-forensics-eval,kandinsky-2-2,test,test_external_seen_family,RAISE,kandinsky_2_2,kandinsky-2-2,LatDiff,family_seen,9e765298341de6bde79a2a68eadf4dfdea23cc6da2b31bca7431feb1195671e5,a3999cbc8c5894dd,20260828,7d4a74a88d2cac93b513c0853bf92c260eaceea0,data/CompEval-00239-of-00413.parquet,4,19,768,768,PNG,832448
cf_test_external_seen_family_aigi_5936b837e0a640ce,test_external_seen_family/aigi/cf_test_external_seen_family_aigi_5936b837e0a640ce_000609.png.png,1,test_external_seen_family,community-forensics-eval,kandinsky-2-2,test,test_external_seen_family,RAISE,kandinsky_2_2,kandinsky-2-2,LatDiff,family_seen,302c53e9d4929b0dc8cd4177e84fefee24dcfbfda4634c3d9047ca90e4f5435f,b3a52ed6c34c226d,20260828,7d4a74a88d2cac93b513c0853bf92c260eaceea0,data/CompEval-00245-of-00413.parquet,0,15,768,768,PNG,840146
cf_test_external_seen_family_aigi_594e43d66093118c,test_external_seen_family/aigi/cf_test_external_seen_family_aigi_594e43d66093118c_000325.png.png,1,test_external_seen_family,community-forensics-eval,galip,test,test_external_seen_family,RAISE,GALIP,galip,GAN,family_seen,e7e69438048fc63fafba074c9345f87f54da728f626653d4d3751f3a46362237,f2c70b364956b2a9,20260828,7d4a74a88d2cac93b513c0853bf92c260eaceea0,data/CompEval-00123-of-00413.parquet,1,15,224,224,PNG,119337
cf_test_external_seen_family_aigi_599726a260fcb1fb,test_external_seen_family/aigi/cf_test_external_seen_family_aigi_599726a260fcb1fb_000458.png.png,1,test_external_seen_family,community-forensics-eval,dfgan,test,test_external_seen_family,COCO,DFGAN,dfgan,GAN,family_seen,24e759640966800d17b9db6f89e17ea8f320796d14067b6b51d6d4994a6be16f,c8225d85fe4d28eb,20260828,7d4a74a88d2cac93b513c0853bf92c260eaceea0,data/CompEval-00003-of-00413.parquet,4,24,256,256,PNG,129157
cf_test_external_seen_family_aigi_59c1d5ddb0e0a8e5,test_external_seen_family/aigi/cf_test_external_seen_family_aigi_59c1d5ddb0e0a8e5_000688.png.png,1,test_external_seen_family,community-forensics-eval,kvikontent-midjourney-v6,test,test_external_seen_family,RAISE,kvikontent_midjourney_v6,kvikontent-midjourney-v6,LatDiff,family_seen,34d01a728f087ed5cbd1a046695dadbc6fc19c63e531e35fe08acf91680d652c,ac211eb389d5a3b5,20260828,7d4a74a88d2cac93b513c0853bf92c260eaceea0,data/CompEval-00217-of-00413.parquet,4,22,512,512,PNG,419965
cf_test_external_seen_family_aigi_59f0014e80b96907,test_external_seen_family/aigi/cf_test_external_seen_family_aigi_59f0014e80b96907_000852.png.png,1,test_external_seen_family,community-forensics-eval,dfgan,test,test_external_seen_family,COCO,DFGAN,dfgan,GAN,family_seen,5b87e2f384725ee68d3c81dcdaff59b3a6afb963001dfa7d5f5907f2f8068a65,ffb43c60c10ba59c,20260828,7d4a74a88d2cac93b513c0853bf92c260eaceea0,data/CompEval-00007-of-00413.parquet,1,14,256,256,PNG,108663
cf_test_external_seen_family_aigi_5a652c9110d8e5fd,test_external_seen_family/aigi/cf_test_external_seen_family_aigi_5a652c9110d8e5fd_000218.png.png,1,test_external_seen_family,community-forensics-eval,kandinsky-2-2,test,test_external_seen_family,RAISE,kandinsky_2_2,kandinsky-2-2,LatDiff,family_seen,2cb3fe3773d4fb222163f12974232275d835004d6719cca3f00e92801dc95268,f8fc775f12252418,20260828,7d4a74a88d2cac93b513c0853bf92c260eaceea0,data/CompEval-00244-of-00413.parquet,0,4,768,768,PNG,601589
cf_test_external_seen_family_aigi_5aa2ef90bcd3cb59,test_external_seen_family/aigi/cf_test_external_seen_family_aigi_5aa2ef90bcd3cb59_000211.png.png,1,test_external_seen_family,community-forensics-eval,lcm-lora-ssd1b,test,test_external_seen_family,RAISE,LCM_lora_ssd1b,lcm-lora-ssd1b,LatDiff,family_seen,1084868083c6c2ab7cf9bece32d194ed31f175751cfa7d8186606d97413ea2b1,fb847c41a3de2c32,20260828,7d4a74a88d2cac93b513c0853bf92c260eaceea0,data/CompEval-00194-of-00413.parquet,4,22,1024,1024,PNG,1270324
cf_test_external_seen_family_aigi_5abc464b4e98efbb,test_external_seen_family/aigi/cf_test_external_seen_family_aigi_5abc464b4e98efbb_000170.png.png,1,test_external_seen_family,community-forensics-eval,dfgan,test,test_external_seen_family,COCO,DFGAN,dfgan,GAN,family_seen,5283d5800d7200708ea796500375eb430973a1d3b72d3009e7e26fc2cd27b1f4,f6e0c4be1bc93cc0,20260828,7d4a74a88d2cac93b513c0853bf92c260eaceea0,data/CompEval-00002-of-00413.parquet,3,9,256,256,PNG,107487
cf_test_external_seen_family_aigi_5b44170c25c3bc80,test_external_seen_family/aigi/cf_test_external_seen_family_aigi_5b44170c25c3bc80_000819.png.png,1,test_external_seen_family,community-forensics-eval,dfgan,test,test_external_seen_family,COCO,DFGAN,dfgan,GAN,family_seen,deec961178cb01d829381c4c13907b5d51934420578ef6128d1f852293e9fc5e,e0e85a91d5951b5b,20260828,7d4a74a88d2cac93b513c0853bf92c260eaceea0,data/CompEval-00002-of-00413.parquet,1,14,256,256,PNG,120705
cf_test_external_seen_family_aigi_5c3a7f8de489be25,test_external_seen_family/aigi/cf_test_external_seen_family_aigi_5c3a7f8de489be25_000406.png.png,1,test_external_seen_family,community-forensics-eval,lcm-lora-ssd1b,test,test_external_seen_family,RAISE,LCM_lora_ssd1b,lcm-lora-ssd1b,LatDiff,family_seen,5933226f6be610570c434c2229c5c10ea9fe7bdaa170739faab3f020fa12ae08,bfd8d0448dc39a17,20260828,7d4a74a88d2cac93b513c0853bf92c260eaceea0,data/CompEval-00191-of-00413.parquet,1,12,1024,1024,PNG,1328620
cf_test_external_seen_family_aigi_5d4763b36cff5767,test_external_seen_family/aigi/cf_test_external_seen_family_aigi_5d4763b36cff5767_000682.png.png,1,test_external_seen_family,community-forensics-eval,hourglass,test,test_external_seen_family,,Hourglass,hourglass,PixDiff,family_seen,4b9009036df4bb5819d5b2820ac7d6baefb99d4833648569d91a59f46ba79638,e19e51577ecb012c,20260828,7d4a74a88d2cac93b513c0853bf92c260eaceea0,data/CompEval-00155-of-00413.parquet,4,3,256,256,PNG,111388
cf_test_external_seen_family_aigi_5d70048913931609,test_external_seen_family/aigi/cf_test_external_seen_family_aigi_5d70048913931609_000926.png.png,1,test_external_seen_family,community-forensics-eval,kvikontent-midjourney-v6,test,test_external_seen_family,RAISE,kvikontent_midjourney_v6,kvikontent-midjourney-v6,LatDiff,family_seen,b10c8f5e6bc89fd1e14caa0b78727edc803bcb156d08dd88ba623162935c137f,d4cdd20449765cdb,20260828,7d4a74a88d2cac93b513c0853bf92c260eaceea0,data/CompEval-00217-of-00413.parquet,1,10,512,512,PNG,499636
cf_test_external_seen_family_aigi_5d7ef0405794aa41,test_external_seen_family/aigi/cf_test_external_seen_family_aigi_5d7ef0405794aa41_000296.png.png,1,test_external_seen_family,community-forensics-eval,dfgan,test,test_external_seen_family,COCO,DFGAN,dfgan,GAN,family_seen,d2ee277e05c96a190e4da5def5552925d8597259267be22d0a24b30a2ef3dc42,b737912b4c8c5a35,20260828,7d4a74a88d2cac93b513c0853bf92c260eaceea0,data/CompEval-00004-of-00413.parquet,0,22,256,256,PNG,116724
cf_test_external_seen_family_aigi_5e008001af564e2a,test_external_seen_family/aigi/cf_test_external_seen_family_aigi_5e008001af564e2a_000858.png.png,1,test_external_seen_family,community-forensics-eval,dfgan,test,test_external_seen_family,COCO,DFGAN,dfgan,GAN,family_seen,6639fbde1b2948001c7d11d89a189111292ee7238933c905675e0de9aac9d677,f3e3548a28cd93cc,20260828,7d4a74a88d2cac93b513c0853bf92c260eaceea0,data/CompEval-00007-of-00413.parquet,2,9,256,256,PNG,125743
cf_test_external_seen_family_aigi_5e3ef09f8612538b,test_external_seen_family/aigi/cf_test_external_seen_family_aigi_5e3ef09f8612538b_000415.png.png,1,test_external_seen_family,community-forensics-eval,lcm-lora-sdxl,test,test_external_seen_family,RAISE,LCM_lora_sdxl,lcm-lora-sdxl,LatDiff,family_seen,e2c2e9279f388e7089c53d4c73388922296460cd7ab248873fe7d0619b6c4b63,c6358986ddb9f094,20260828,7d4a74a88d2cac93b513c0853bf92c260eaceea0,data/CompEval-00058-of-00413.parquet,3,8,1024,1024,PNG,2302175
cf_test_external_seen_family_aigi_5e3f6846dcb96c8f,test_external_seen_family/aigi/cf_test_external_seen_family_aigi_5e3f6846dcb96c8f_000701.png.png,1,test_external_seen_family,community-forensics-eval,hourglass,test,test_external_seen_family,,Hourglass,hourglass,PixDiff,family_seen,584618dbb0676321fbf66e4f4b125594925744390c2b8b8551d77525e7d9f3d7,c1918dcdb899cf49,20260828,7d4a74a88d2cac93b513c0853bf92c260eaceea0,data/CompEval-00151-of-00413.parquet,4,2,256,256,PNG,113907
cf_test_external_seen_family_aigi_5e4d1f4cfb3ef5e8,test_external_seen_family/aigi/cf_test_external_seen_family_aigi_5e4d1f4cfb3ef5e8_000048.png.png,1,test_external_seen_family,community-forensics-eval,galip,test,test_external_seen_family,RAISE,GALIP,galip,GAN,family_seen,308f35ac239851c5eacd3ac65ed5802ccf8c839f6e75d6e258d3c332faf0b921,fe981c3c63c383c3,20260828,7d4a74a88d2cac93b513c0853bf92c260eaceea0,data/CompEval-00124-of-00413.parquet,3,11,224,224,PNG,47565
cf_test_external_seen_family_aigi_5e5fa2ed02929318,test_external_seen_family/aigi/cf_test_external_seen_family_aigi_5e5fa2ed02929318_000783.png.png,1,test_external_seen_family,community-forensics-eval,galip,test,test_external_seen_family,RAISE,GALIP,galip,GAN,family_seen,fa03a811824bd479b584e83728126a70f0e18c70963dbe1e591fb0c2a25a92ae,fc1be41319633939,20260828,7d4a74a88d2cac93b513c0853bf92c260eaceea0,data/CompEval-00124-of-00413.parquet,2,15,224,224,PNG,66644
cf_test_external_seen_family_aigi_5ea6fbeba2ce433f,test_external_seen_family/aigi/cf_test_external_seen_family_aigi_5ea6fbeba2ce433f_000745.png.png,1,test_external_seen_family,community-forensics-eval,dfgan,test,test_external_seen_family,COCO,DFGAN,dfgan,GAN,family_seen,9a0b9cb6f4a3da323f52ac3ffa025e523b6f812f3d1a700e1f36019298ade2e5,a56dd9027ac632ea,20260828,7d4a74a88d2cac93b513c0853bf92c260eaceea0,data/CompEval-00006-of-00413.parquet,0,11,256,256,PNG,95229
cf_test_external_seen_family_aigi_5ebace79ecba7f35,test_external_seen_family/aigi/cf_test_external_seen_family_aigi_5ebace79ecba7f35_000828.png.png,1,test_external_seen_family,community-forensics-eval,kandinsky-2-2,test,test_external_seen_family,RAISE,kandinsky_2_2,kandinsky-2-2,LatDiff,family_seen,368e6cf0cc18f45c8ffdc748ad8250d2dd8534531daf0ebdaf4cfb9e06bacf74,99c7673278594cc6,20260828,7d4a74a88d2cac93b513c0853bf92c260eaceea0,data/CompEval-00239-of-00413.parquet,4,24,768,768,PNG,771991
cf_test_external_seen_family_aigi_5ec2afefabac335d,test_external_seen_family/aigi/cf_test_external_seen_family_aigi_5ec2afefabac335d_000145.png.png,1,test_external_seen_family,community-forensics-eval,lcm-lora-sdv15,test,test_external_seen_family,RAISE,LCM_lora_sdv15,lcm-lora-sdv15,LatDiff,family_seen,286e606301d8652fa5045d744361991af228699f99a90ffd4b6a0b8f837fd5ef,99999386e5561ea5,20260828,7d4a74a88d2cac93b513c0853bf92c260eaceea0,data/CompEval-00357-of-00413.parquet,4,8,512,512,PNG,430039
cf_test_external_seen_family_aigi_5eede5a45e676bdf,test_external_seen_family/aigi/cf_test_external_seen_family_aigi_5eede5a45e676bdf_000706.png.png,1,test_external_seen_family,community-forensics-eval,lcm-lora-sdv15,test,test_external_seen_family,RAISE,LCM_lora_sdv15,lcm-lora-sdv15,LatDiff,family_seen,4754ae0f411d7228391e1bad2c3b773fc4007545fcd571b6afe104b4f36d9943,d994376d259be822,20260828,7d4a74a88d2cac93b513c0853bf92c260eaceea0,data/CompEval-00361-of-00413.parquet,2,12,512,512,PNG,400188
cf_test_external_seen_family_aigi_5f07d100695b00b5,test_external_seen_family/aigi/cf_test_external_seen_family_aigi_5f07d100695b00b5_000301.png.png,1,test_external_seen_family,community-forensics-eval,lcm-lora-sdv15,test,test_external_seen_family,RAISE,LCM_lora_sdv15,lcm-lora-sdv15,LatDiff,family_seen,7a13b71b5ee350a8d4bbc531d1a9e53fa8b3b2942a791576cb6bd4f6423ba35c,c79187b52a4c6b5a,20260828,7d4a74a88d2cac93b513c0853bf92c260eaceea0,data/CompEval-00361-of-00413.parquet,2,0,512,512,PNG,435537
cf_test_external_seen_family_aigi_5f289422c1ce6ba7,test_external_seen_family/aigi/cf_test_external_seen_family_aigi_5f289422c1ce6ba7_000482.png.png,1,test_external_seen_family,community-forensics-eval,lcm-lora-sdv15,test,test_external_seen_family,RAISE,LCM_lora_sdv15,lcm-lora-sdv15,LatDiff,family_seen,8d4b1e061e23e1f36a1af910e73a2e6a1da03c14ba8fa28604bf3f4ae4ff1299,ad12166d57946ba6,20260828,7d4a74a88d2cac93b513c0853bf92c260eaceea0,data/CompEval-00113-of-00413.parquet,3,10,512,512,PNG,219198
cf_test_external_seen_family_aigi_5f2f85d2896f7c04,test_external_seen_family/aigi/cf_test_external_seen_family_aigi_5f2f85d2896f7c04_000776.png.png,1,test_external_seen_family,community-forensics-eval,kvikontent-midjourney-v6,test,test_external_seen_family,RAISE,kvikontent_midjourney_v6,kvikontent-midjourney-v6,LatDiff,family_seen,ab211ab63e32515548825d832df34f3a06b2b5bb1966e2d2ee9df86d488e12ba,c58460721f9f8bf1,20260828,7d4a74a88d2cac93b513c0853bf92c260eaceea0,data/CompEval-00094-of-00413.parquet,4,6,512,512,PNG,538558
cf_test_external_seen_family_aigi_60410d20988fdcc2,test_external_seen_family/aigi/cf_test_external_seen_family_aigi_60410d20988fdcc2_000798.png.png,1,test_external_seen_family,community-forensics-eval,kandinsky-2-2,test,test_external_seen_family,RAISE,kandinsky_2_2,kandinsky-2-2,LatDiff,family_seen,f372147ba0523cc0a272461870d5ef475bc1f1686c42c5a090e5e86c1060990b,90c317d46b1e4ecb,20260828,7d4a74a88d2cac93b513c0853bf92c260eaceea0,data/CompEval-00243-of-00413.parquet,1,15,768,768,PNG,652143
cf_test_external_seen_family_aigi_605d6afb793a9ce1,test_external_seen_family/aigi/cf_test_external_seen_family_aigi_605d6afb793a9ce1_000532.png.png,1,test_external_seen_family,community-forensics-eval,lcm-lora-sdxl,test,test_external_seen_family,RAISE,LCM_lora_sdxl,lcm-lora-sdxl,LatDiff,family_seen,446d8d3a2470510bcdf85ca025dbb849f58caa6ddabc2f554cea21bf1015d74e,b4b9b3c0e2f65838,20260828,7d4a74a88d2cac93b513c0853bf92c260eaceea0,data/CompEval-00056-of-00413.parquet,3,6,1024,1024,PNG,1596820
cf_test_external_seen_family_aigi_607e6f0d33caf7cd,test_external_seen_family/aigi/cf_test_external_seen_family_aigi_607e6f0d33caf7cd_000799.png.png,1,test_external_seen_family,community-forensics-eval,galip,test,test_external_seen_family,RAISE,GALIP,galip,GAN,family_seen,1c2e7b53cacb85ab7a0fce01842a5fdc4e57e3043e022a4eec7ebbdc889ad0f6,d464e4d6b6399c16,20260828,7d4a74a88d2cac93b513c0853bf92c260eaceea0,data/CompEval-00121-of-00413.parquet,1,24,224,224,PNG,101158
cf_test_external_seen_family_aigi_6082671048956073,test_external_seen_family/aigi/cf_test_external_seen_family_aigi_6082671048956073_000528.png.png,1,test_external_seen_family,community-forensics-eval,kvikontent-midjourney-v6,test,test_external_seen_family,RAISE,kvikontent_midjourney_v6,kvikontent-midjourney-v6,LatDiff,family_seen,6ebbf61cb38d0c23925647a32ee0f949d21f031d6e4623cbf96a6ff556168ebb,9edc352787912c0f,20260828,7d4a74a88d2cac93b513c0853bf92c260eaceea0,data/CompEval-00091-of-00413.parquet,3,10,512,512,PNG,546120
cf_test_external_seen_family_aigi_6084205bd00f34d5,test_external_seen_family/aigi/cf_test_external_seen_family_aigi_6084205bd00f34d5_000542.png.png,1,test_external_seen_family,community-forensics-eval,dfgan,test,test_external_seen_family,COCO,DFGAN,dfgan,GAN,family_seen,499fa0fcb08a80a34e466d5c7b0a3e72e70216610256b6026a57d8da606615df,c4adc217131be759,20260828,7d4a74a88d2cac93b513c0853bf92c260eaceea0,data/CompEval-00004-of-00413.parquet,0,14,256,256,PNG,128645
cf_test_external_seen_family_aigi_60b23f4f55488513,test_external_seen_family/aigi/cf_test_external_seen_family_aigi_60b23f4f55488513_000004.png.png,1,test_external_seen_family,community-forensics-eval,lcm-lora-ssd1b,test,test_external_seen_family,RAISE,LCM_lora_ssd1b,lcm-lora-ssd1b,LatDiff,family_seen,ee43e21cb6294ed1f8a853e15e226dd4eaa65d96029cc2610515f19743134527,f6d3416a21ad36c9,20260828,7d4a74a88d2cac93b513c0853bf92c260eaceea0,data/CompEval-00194-of-00413.parquet,3,21,1024,1024,PNG,1309642
cf_test_external_seen_family_aigi_60f780f900f908ed,test_external_seen_family/aigi/cf_test_external_seen_family_aigi_60f780f900f908ed_000093.png.png,1,test_external_seen_family,community-forensics-eval,lcm-lora-ssd1b,test,test_external_seen_family,RAISE,LCM_lora_ssd1b,lcm-lora-ssd1b,LatDiff,family_seen,e18552010463864caa4c423cd4c4a4fec9faac7766713262f81c0f208a6d2ec5,a72c48cb2370b37d,20260828,7d4a74a88d2cac93b513c0853bf92c260eaceea0,data/CompEval-00195-of-00413.parquet,4,4,1024,1024,PNG,1235648
cf_test_external_seen_family_aigi_612d22fd4d7a965e,test_external_seen_family/aigi/cf_test_external_seen_family_aigi_612d22fd4d7a965e_000122.png.png,1,test_external_seen_family,community-forensics-eval,kvikontent-midjourney-v6,test,test_external_seen_family,RAISE,kvikontent_midjourney_v6,kvikontent-midjourney-v6,LatDiff,family_seen,50a2d7dd2cc3e4aca38044981850ccd5525a7f4f2d0fc265121e65a58cb4940f,aa1ae5b2c4d18ff0,20260828,7d4a74a88d2cac93b513c0853bf92c260eaceea0,data/CompEval-00218-of-00413.parquet,0,16,512,512,PNG,491476
cf_test_external_seen_family_aigi_6153432f644b17d0,test_external_seen_family/aigi/cf_test_external_seen_family_aigi_6153432f644b17d0_000707.png.png,1,test_external_seen_family,community-forensics-eval,kvikontent-midjourney-v6,test,test_external_seen_family,RAISE,kvikontent_midjourney_v6,kvikontent-midjourney-v6,LatDiff,family_seen,3c9592a309c9be5ee72874788bf5b70e67234a02d5cebd5f5222853358c8f7f2,c6bc29c299653e93,20260828,7d4a74a88d2cac93b513c0853bf92c260eaceea0,data/CompEval-00215-of-00413.parquet,3,3,512,512,PNG,471040
cf_test_external_seen_family_aigi_6189de01ee5cebf3,test_external_seen_family/aigi/cf_test_external_seen_family_aigi_6189de01ee5cebf3_000087.png.png,1,test_external_seen_family,community-forensics-eval,galip,test,test_external_seen_family,RAISE,GALIP,galip,GAN,family_seen,ccd2dff4a5e3874ae990f34bfb59b360cb5f6301e999a4d7edcc0eb0b4428542,d35284a4b537d758,20260828,7d4a74a88d2cac93b513c0853bf92c260eaceea0,data/CompEval-00125-of-00413.parquet,1,5,224,224,PNG,85878
cf_test_external_seen_family_aigi_61a02d279398b8d5,test_external_seen_family/aigi/cf_test_external_seen_family_aigi_61a02d279398b8d5_000571.png.png,1,test_external_seen_family,community-forensics-eval,lcm-lora-sdxl,test,test_external_seen_family,RAISE,LCM_lora_sdxl,lcm-lora-sdxl,LatDiff,family_seen,c9ddff7f12b41369ffa810a16dfe7efd432aeec30e7bdc4c9656a63d05dd0453,8ed2e48f1843afb2,20260828,7d4a74a88d2cac93b513c0853bf92c260eaceea0,data/CompEval-00062-of-00413.parquet,1,1,1024,1024,PNG,2161369
cf_test_external_seen_family_aigi_61af27c0fb19310d,test_external_seen_family/aigi/cf_test_external_seen_family_aigi_61af27c0fb19310d_000266.png.png,1,test_external_seen_family,community-forensics-eval,kvikontent-midjourney-v6,test,test_external_seen_family,RAISE,kvikontent_midjourney_v6,kvikontent-midjourney-v6,LatDiff,family_seen,fa3d77054a955701fc223d2d68166f5009662574ae0c51f9d06445548cb426fa,d7c02e83cecbc4aa,20260828,7d4a74a88d2cac93b513c0853bf92c260eaceea0,data/CompEval-00092-of-00413.parquet,1,3,512,512,PNG,572162
cf_test_external_seen_family_aigi_61c3fae44731fdcc,test_external_seen_family/aigi/cf_test_external_seen_family_aigi_61c3fae44731fdcc_000382.png.png,1,test_external_seen_family,community-forensics-eval,galip,test,test_external_seen_family,RAISE,GALIP,galip,GAN,family_seen,0b58cc62864b72a7adca034311e14a915d56165ff44e6b289e965454dd7fbfd3,b68222b83c6eb6d6,20260828,7d4a74a88d2cac93b513c0853bf92c260eaceea0,data/CompEval-00125-of-00413.parquet,1,4,224,224,PNG,105662
cf_test_external_seen_family_aigi_620035be50c8b240,test_external_seen_family/aigi/cf_test_external_seen_family_aigi_620035be50c8b240_000377.png.png,1,test_external_seen_family,community-forensics-eval,decidiffusionv2,test,test_external_seen_family,RAISE,DeciDiffusionV2,decidiffusionv2,LatDiff,family_seen,f1c4ea2941f04128638916bf8b5a17877772ebd63a232bc4df4d2e553df4d421,f7c650be6a7a084a,20260828,7d4a74a88d2cac93b513c0853bf92c260eaceea0,data/CompEval-00311-of-00413.parquet,3,21,512,512,PNG,548124
cf_test_external_seen_family_aigi_6207cb88f66cf273,test_external_seen_family/aigi/cf_test_external_seen_family_aigi_6207cb88f66cf273_000236.png.png,1,test_external_seen_family,community-forensics-eval,hourglass,test,test_external_seen_family,,Hourglass,hourglass,PixDiff,family_seen,2c106cf117661cb93a0aa35f443151ce0f4062f5b3bf7b02a8170e141533a02a,acda9214b63d8da9,20260828,7d4a74a88d2cac93b513c0853bf92c260eaceea0,data/CompEval-00081-of-00413.parquet,0,18,256,256,PNG,102428
cf_test_external_seen_family_aigi_622dc1334eeb2ea9,test_external_seen_family/aigi/cf_test_external_seen_family_aigi_622dc1334eeb2ea9_000385.png.png,1,test_external_seen_family,community-forensics-eval,kandinsky-2-2,test,test_external_seen_family,RAISE,kandinsky_2_2,kandinsky-2-2,LatDiff,family_seen,16c0b262134cb1c47f1476e1056bef06441d510e9a7b7fb8c46910e26ea891c7,a69b578804a25dfd,20260828,7d4a74a88d2cac93b513c0853bf92c260eaceea0,data/CompEval-00243-of-00413.parquet,2,5,768,768,PNG,732958
cf_test_external_seen_family_aigi_62cea57ec403182a,test_external_seen_family/aigi/cf_test_external_seen_family_aigi_62cea57ec403182a_000172.png.png,1,test_external_seen_family,community-forensics-eval,galip,test,test_external_seen_family,RAISE,GALIP,galip,GAN,family_seen,35ea14cb103ada48b814015da0b92585149e4f293407514a223ae23e74be77bf,e8e5367dd10a2374,20260828,7d4a74a88d2cac93b513c0853bf92c260eaceea0,data/CompEval-00125-of-00413.parquet,1,13,224,224,PNG,92530
cf_test_external_seen_family_aigi_62f7a3c38a25b282,test_external_seen_family/aigi/cf_test_external_seen_family_aigi_62f7a3c38a25b282_000288.png.png,1,test_external_seen_family,community-forensics-eval,hourglass,test,test_external_seen_family,FFHQ,Hourglass,hourglass,PixDiff,family_seen,3ce05dd958adcc0828cabd994314bd3d169c8160dfd2a4c5e8dc33aeb45d36e8,cf402c727f2152af,20260828,7d4a74a88d2cac93b513c0853bf92c260eaceea0,data/CompEval-00274-of-00413.parquet,0,4,1024,1024,PNG,1347680
cf_test_external_seen_family_aigi_6345693cf2965f47,test_external_seen_family/aigi/cf_test_external_seen_family_aigi_6345693cf2965f47_000411.png.png,1,test_external_seen_family,community-forensics-eval,kvikontent-midjourney-v6,test,test_external_seen_family,RAISE,kvikontent_midjourney_v6,kvikontent-midjourney-v6,LatDiff,family_seen,58816ced0a1576c6a0a0bf7ebfeb5bdc70415f458a3da1d05556841126ef2dde,859313018d7e7fc5,20260828,7d4a74a88d2cac93b513c0853bf92c260eaceea0,data/CompEval-00214-of-00413.parquet,4,19,512,512,PNG,515762
cf_test_external_seen_family_aigi_63afe0e5114e9b1d,test_external_seen_family/aigi/cf_test_external_seen_family_aigi_63afe0e5114e9b1d_000800.png.png,1,test_external_seen_family,community-forensics-eval,galip,test,test_external_seen_family,RAISE,GALIP,galip,GAN,family_seen,eb791f2eefe4635c6d55121bf5f096e46b2b2748eb5bccd8aa95c31d2117e14e,e4e50955d1839ebc,20260828,7d4a74a88d2cac93b513c0853bf92c260eaceea0,data/CompEval-00046-of-00413.parquet,0,24,224,224,PNG,87588
cf_test_external_seen_family_aigi_63e7e0d845996cb6,test_external_seen_family/aigi/cf_test_external_seen_family_aigi_63e7e0d845996cb6_000409.png.png,1,test_external_seen_family,community-forensics-eval,hourglass,test,test_external_seen_family,,Hourglass,hourglass,PixDiff,family_seen,a4de00d8dcd29e0a136a35de2009f3451de3569ede56077e5ea3b26a2fdf70a2,eb8ac3303f56e390,20260828,7d4a74a88d2cac93b513c0853bf92c260eaceea0,data/CompEval-00157-of-00413.parquet,4,10,256,256,PNG,93150
cf_test_external_seen_family_aigi_64079a268842181b,test_external_seen_family/aigi/cf_test_external_seen_family_aigi_64079a268842181b_000755.png.png,1,test_external_seen_family,community-forensics-eval,lcm-lora-sdxl,test,test_external_seen_family,RAISE,LCM_lora_sdxl,lcm-lora-sdxl,LatDiff,family_seen,8e8de6ca67bb53a02e49f3bb0ac2e0c65ef003f002063ab5dfab278bc3e391d2,90aa8cd438c9f72f,20260828,7d4a74a88d2cac93b513c0853bf92c260eaceea0,data/CompEval-00063-of-00413.parquet,1,4,1024,1024,PNG,1892130
cf_test_external_seen_family_aigi_6408b489e345b143,test_external_seen_family/aigi/cf_test_external_seen_family_aigi_6408b489e345b143_000524.png.png,1,test_external_seen_family,community-forensics-eval,galip,test,test_external_seen_family,RAISE,GALIP,galip,GAN,family_seen,8ea5e3ef4815d0d6fef7cb2556580d16aac060b86bbca84f6ddf21f7ef7c273a,a912db8c9cb5d2d2,20260828,7d4a74a88d2cac93b513c0853bf92c260eaceea0,data/CompEval-00120-of-00413.parquet,1,22,224,224,PNG,78837
cf_test_external_seen_family_aigi_642b0572ec8b4f20,test_external_seen_family/aigi/cf_test_external_seen_family_aigi_642b0572ec8b4f20_000089.png.png,1,test_external_seen_family,community-forensics-eval,hourglass,test,test_external_seen_family,,Hourglass,hourglass,PixDiff,family_seen,0acd48498111f40c896254215aee4c51e77fff0913aa771b0778c2b3fa81fe96,eb7610696d90d966,20260828,7d4a74a88d2cac93b513c0853bf92c260eaceea0,data/CompEval-00155-of-00413.parquet,2,6,256,256,PNG,105117
cf_test_external_seen_family_aigi_64503facb3c2fa65,test_external_seen_family/aigi/cf_test_external_seen_family_aigi_64503facb3c2fa65_000589.png.png,1,test_external_seen_family,community-forensics-eval,lcm-lora-sdxl,test,test_external_seen_family,RAISE,LCM_lora_sdxl,lcm-lora-sdxl,LatDiff,family_seen,fa54e58c84851680c909a8cc8ad237478c3480abb12c9e4400211d7e60c79066,cd92de691582e07b,20260828,7d4a74a88d2cac93b513c0853bf92c260eaceea0,data/CompEval-00058-of-00413.parquet,2,19,1024,1024,PNG,1366005
cf_test_external_seen_family_aigi_645cc8070bc0e99f,test_external_seen_family/aigi/cf_test_external_seen_family_aigi_645cc8070bc0e99f_000735.png.png,1,test_external_seen_family,community-forensics-eval,galip,test,test_external_seen_family,RAISE,GALIP,galip,GAN,family_seen,1e0c1250f8c1513f993907b35393fcf0eebe9dbf39c49af80fbf53c669d2b484,c9df15ca6941d649,20260828,7d4a74a88d2cac93b513c0853bf92c260eaceea0,data/CompEval-00123-of-00413.parquet,3,20,224,224,PNG,85968
cf_test_external_seen_family_aigi_648258dabee60909,test_external_seen_family/aigi/cf_test_external_seen_family_aigi_648258dabee60909_000458.png.png,1,test_external_seen_family,community-forensics-eval,hourglass,test,test_external_seen_family,,Hourglass,hourglass,PixDiff,family_seen,9903ab5bccd314642f48b5a8c13e7a2474b5804c20f69bfd4288bfa40ddb6211,964ae33c6b3d5033,20260828,7d4a74a88d2cac93b513c0853bf92c260eaceea0,data/CompEval-00155-of-00413.parquet,4,5,256,256,PNG,98008
cf_test_external_seen_family_aigi_6525f804e1f28c58,test_external_seen_family/aigi/cf_test_external_seen_family_aigi_6525f804e1f28c58_000029.png.png,1,test_external_seen_family,community-forensics-eval,lcm-lora-ssd1b,test,test_external_seen_family,RAISE,LCM_lora_ssd1b,lcm-lora-ssd1b,LatDiff,family_seen,addd72ac85eab3f1523ddd1fb8fe3d4595a406475887f60334b53d7bf16a8ac6,b40c8b33bc8cd9b9,20260828,7d4a74a88d2cac93b513c0853bf92c260eaceea0,data/CompEval-00195-of-00413.parquet,4,19,1024,1024,PNG,1503872
cf_test_external_seen_family_aigi_654ef6e1447f6df1,test_external_seen_family/aigi/cf_test_external_seen_family_aigi_654ef6e1447f6df1_000581.png.png,1,test_external_seen_family,community-forensics-eval,decidiffusionv2,test,test_external_seen_family,RAISE,DeciDiffusionV2,decidiffusionv2,LatDiff,family_seen,b3aa769e05c4ed88e31bf0e67d8fdcb43cb604087a1ce09556bfe4a4bb65f421,86f3992c45d0f8e9,20260828,7d4a74a88d2cac93b513c0853bf92c260eaceea0,data/CompEval-00313-of-00413.parquet,3,20,512,512,PNG,472597
cf_test_external_seen_family_aigi_65641592153eb636,test_external_seen_family/aigi/cf_test_external_seen_family_aigi_65641592153eb636_000576.png.png,1,test_external_seen_family,community-forensics-eval,lcm-lora-ssd1b,test,test_external_seen_family,RAISE,LCM_lora_ssd1b,lcm-lora-ssd1b,LatDiff,family_seen,2c513fecb3cd164e098a57950920853054ec967b478ca1b1615d0ad9ccc9a3c7,b7a0e3ca5f0e2899,20260828,7d4a74a88d2cac93b513c0853bf92c260eaceea0,data/CompEval-00194-of-00413.parquet,4,17,1024,1024,PNG,1617706
cf_test_external_seen_family_aigi_65bb95907d8e8656,test_external_seen_family/aigi/cf_test_external_seen_family_aigi_65bb95907d8e8656_000955.png.png,1,test_external_seen_family,community-forensics-eval,lcm-lora-sdv15,test,test_external_seen_family,RAISE,LCM_lora_sdv15,lcm-lora-sdv15,LatDiff,family_seen,cc6974c47e3d65aa561c3e458619313d1ad631e641061e12ede435ab36318283,f24fcc32631c998b,20260828,7d4a74a88d2cac93b513c0853bf92c260eaceea0,data/CompEval-00358-of-00413.parquet,1,18,512,512,PNG,268444
cf_test_external_seen_family_aigi_65fde6873d522487,test_external_seen_family/aigi/cf_test_external_seen_family_aigi_65fde6873d522487_000198.png.png,1,test_external_seen_family,community-forensics-eval,lcm-lora-sdv15,test,test_external_seen_family,RAISE,LCM_lora_sdv15,lcm-lora-sdv15,LatDiff,family_seen,8195f7b315c7628c3c14d3d4b39737dc56cdcfb5f1d93c1eae50f5abb1674610,90d6cf3039c536c7,20260828,7d4a74a88d2cac93b513c0853bf92c260eaceea0,data/CompEval-00113-of-00413.parquet,3,11,512,512,PNG,264831
cf_test_external_seen_family_aigi_660cfc679594e20b,test_external_seen_family/aigi/cf_test_external_seen_family_aigi_660cfc679594e20b_000499.png.png,1,test_external_seen_family,community-forensics-eval,kandinsky-2-2,test,test_external_seen_family,RAISE,kandinsky_2_2,kandinsky-2-2,LatDiff,family_seen,47601d375b854912369b90897ca41c2e43a9ff112b348819a163693bbd32a378,e8285f0c57fa055e,20260828,7d4a74a88d2cac93b513c0853bf92c260eaceea0,data/CompEval-00241-of-00413.parquet,1,14,768,768,PNG,889610
cf_test_external_seen_family_aigi_6625ba4114417ccb,test_external_seen_family/aigi/cf_test_external_seen_family_aigi_6625ba4114417ccb_000320.png.png,1,test_external_seen_family,community-forensics-eval,lcm-lora-ssd1b,test,test_external_seen_family,RAISE,LCM_lora_ssd1b,lcm-lora-ssd1b,LatDiff,family_seen,747b2b7f2cc37a3149affac03d0c881b7e3dae64bf39840c405bc9ff0d4276c4,b3b3338c4ecc4ccc,20260828,7d4a74a88d2cac93b513c0853bf92c260eaceea0,data/CompEval-00195-of-00413.parquet,1,15,1024,1024,PNG,1379113
cf_test_external_seen_family_aigi_666e2aea9d226dfe,test_external_seen_family/aigi/cf_test_external_seen_family_aigi_666e2aea9d226dfe_000795.png.png,1,test_external_seen_family,community-forensics-eval,decidiffusionv2,test,test_external_seen_family,RAISE,DeciDiffusionV2,decidiffusionv2,LatDiff,family_seen,ea7908dc59cba98ccc8a8423835c90c269be59cc01fd6fe1cb70c3f3f2d85304,a78c93735ed76009,20260828,7d4a74a88d2cac93b513c0853bf92c260eaceea0,data/CompEval-00316-of-00413.parquet,0,14,512,512,PNG,547946
cf_test_external_seen_family_aigi_669a9df2d8ec5eb3,test_external_seen_family/aigi/cf_test_external_seen_family_aigi_669a9df2d8ec5eb3_000833.png.png,1,test_external_seen_family,community-forensics-eval,hourglass,test,test_external_seen_family,,Hourglass,hourglass,PixDiff,family_seen,9558702f1b361e594beda1e07d38f78795391992c39a76fb43b8c6dd440a64db,c9f0cef01dca3ec0,20260828,7d4a74a88d2cac93b513c0853bf92c260eaceea0,data/CompEval-00156-of-00413.parquet,1,22,256,256,PNG,128125
cf_test_external_seen_family_aigi_66bc752265f06a69,test_external_seen_family/aigi/cf_test_external_seen_family_aigi_66bc752265f06a69_000547.png.png,1,test_external_seen_family,community-forensics-eval,kvikontent-midjourney-v6,test,test_external_seen_family,RAISE,kvikontent_midjourney_v6,kvikontent-midjourney-v6,LatDiff,family_seen,cbaf9145d651026ee776771bb70960a2ce9763efb798a5416eed0dfd66c8ac73,ed151d66a03ee951,20260828,7d4a74a88d2cac93b513c0853bf92c260eaceea0,data/CompEval-00217-of-00413.parquet,3,1,512,512,PNG,556042
cf_test_external_seen_family_aigi_66ce1f97c094979b,test_external_seen_family/aigi/cf_test_external_seen_family_aigi_66ce1f97c094979b_000346.png.png,1,test_external_seen_family,community-forensics-eval,kandinsky-2-2,test,test_external_seen_family,RAISE,kandinsky_2_2,kandinsky-2-2,LatDiff,family_seen,375693ad1ae21dfda1d3bbb6d6b0a9dd60f5582b4e5f84aff1ab09354fdb1468,ab467486528dcd9d,20260828,7d4a74a88d2cac93b513c0853bf92c260eaceea0,data/CompEval-00240-of-00413.parquet,3,13,768,768,PNG,853386
cf_test_external_seen_family_aigi_67240ad27b5a6787,test_external_seen_family/aigi/cf_test_external_seen_family_aigi_67240ad27b5a6787_000159.png.png,1,test_external_seen_family,community-forensics-eval,lcm-lora-ssd1b,test,test_external_seen_family,RAISE,LCM_lora_ssd1b,lcm-lora-ssd1b,LatDiff,family_seen,c963f411396572d368a808837b70dfb0fa06b53905654cefec0accfb832d6302,f9a546fa017a2b25,20260828,7d4a74a88d2cac93b513c0853bf92c260eaceea0,data/CompEval-00192-of-00413.parquet,0,22,1024,1024,PNG,1702719
cf_test_external_seen_family_aigi_674273923c41e238,test_external_seen_family/aigi/cf_test_external_seen_family_aigi_674273923c41e238_000591.png.png,1,test_external_seen_family,community-forensics-eval,kandinsky-2-2,test,test_external_seen_family,RAISE,kandinsky_2_2,kandinsky-2-2,LatDiff,family_seen,125cddbd121dd5f3a0c7f60f483b65e20bef078f93113840e52f3fea5c5f9938,c51985b6a7590b37,20260828,7d4a74a88d2cac93b513c0853bf92c260eaceea0,data/CompEval-00240-of-00413.parquet,0,14,768,768,PNG,795303
cf_test_external_seen_family_aigi_67d3d8a152df524b,test_external_seen_family/aigi/cf_test_external_seen_family_aigi_67d3d8a152df524b_000815.png.png,1,test_external_seen_family,community-forensics-eval,decidiffusionv2,test,test_external_seen_family,RAISE,DeciDiffusionV2,decidiffusionv2,LatDiff,family_seen,8b0fa4ac5973c8e02ad55712ae023de3d0afdbc1c2c8ff2f25b62f409c7916b3,e3d3004b039d9d3f,20260828,7d4a74a88d2cac93b513c0853bf92c260eaceea0,data/CompEval-00316-of-00413.parquet,1,11,512,512,PNG,372116
cf_test_external_seen_family_aigi_67decd6c95c23883,test_external_seen_family/aigi/cf_test_external_seen_family_aigi_67decd6c95c23883_000402.png.png,1,test_external_seen_family,community-forensics-eval,hourglass,test,test_external_seen_family,,Hourglass,hourglass,PixDiff,family_seen,4c5678a542825c69805c51aa599395ad77bc8295cf05830387a3c7cbed3418a5,e69c99326c489bb6,20260828,7d4a74a88d2cac93b513c0853bf92c260eaceea0,data/CompEval-00154-of-00413.parquet,4,15,256,256,PNG,63798
cf_test_external_seen_family_aigi_67e5cae4c6385c85,test_external_seen_family/aigi/cf_test_external_seen_family_aigi_67e5cae4c6385c85_000694.png.png,1,test_external_seen_family,community-forensics-eval,kvikontent-midjourney-v6,test,test_external_seen_family,RAISE,kvikontent_midjourney_v6,kvikontent-midjourney-v6,LatDiff,family_seen,d513deda60d64b38a8b152322dbc59fb3d5065f2f16d40661e0841295d6e6485,cee1609ef7ac9130,20260828,7d4a74a88d2cac93b513c0853bf92c260eaceea0,data/CompEval-00215-of-00413.parquet,2,10,512,512,PNG,374372
cf_test_external_seen_family_aigi_683d3f5c70654f1c,test_external_seen_family/aigi/cf_test_external_seen_family_aigi_683d3f5c70654f1c_000820.png.png,1,test_external_seen_family,community-forensics-eval,lcm-lora-ssd1b,test,test_external_seen_family,RAISE,LCM_lora_ssd1b,lcm-lora-ssd1b,LatDiff,family_seen,4f098a03d377c92d9e1b0d15bd594781e7a9df3903c10585234d4d6e7db29e33,cbd9992b99c12d38,20260828,7d4a74a88d2cac93b513c0853bf92c260eaceea0,data/CompEval-00197-of-00413.parquet,4,1,1024,1024,PNG,1387871
cf_test_external_seen_family_aigi_685c799c6231350a,test_external_seen_family/aigi/cf_test_external_seen_family_aigi_685c799c6231350a_000387.png.png,1,test_external_seen_family,community-forensics-eval,hourglass,test,test_external_seen_family,FFHQ,Hourglass,hourglass,PixDiff,family_seen,0ee7465ab70efbf62e0508fcbe1c1473dc46cde0a19a57ac80e5c53a1ced9278,ebb4428ab54bb6c8,20260828,7d4a74a88d2cac93b513c0853bf92c260eaceea0,data/CompEval-00105-of-00413.parquet,2,3,1024,1024,PNG,1186022
cf_test_external_seen_family_aigi_686452b925dec576,test_external_seen_family/aigi/cf_test_external_seen_family_aigi_686452b925dec576_000164.png.png,1,test_external_seen_family,community-forensics-eval,decidiffusionv2,test,test_external_seen_family,RAISE,DeciDiffusionV2,decidiffusionv2,LatDiff,family_seen,c7c9d86bded97c5e7fa63dc31bc92e12c4ff1273dbd4938c6076c7698dca43fd,d0e673d84e14c6c7,20260828,7d4a74a88d2cac93b513c0853bf92c260eaceea0,data/CompEval-00312-of-00413.parquet,3,1,512,512,PNG,262314
cf_test_external_seen_family_aigi_68ed08208bd820a5,test_external_seen_family/aigi/cf_test_external_seen_family_aigi_68ed08208bd820a5_000242.png.png,1,test_external_seen_family,community-forensics-eval,hourglass,test,test_external_seen_family,FFHQ,Hourglass,hourglass,PixDiff,family_seen,1337cc929833e46e02e3edcf14b8a09cbbd2fc2ee1566991618dfc7ad1227cbc,8a9c08fde56ef08c,20260828,7d4a74a88d2cac93b513c0853bf92c260eaceea0,data/CompEval-00274-of-00413.parquet,1,5,1024,1024,PNG,1343038
cf_test_external_seen_family_aigi_6989c99ed03d17bf,test_external_seen_family/aigi/cf_test_external_seen_family_aigi_6989c99ed03d17bf_000469.png.png,1,test_external_seen_family,community-forensics-eval,decidiffusionv2,test,test_external_seen_family,RAISE,DeciDiffusionV2,decidiffusionv2,LatDiff,family_seen,ef17ef6b2208e4a5679284a3532bb7fb9d92a9c1c2221c90a5ce771b7a3a40a9,b1b4f66f07433198,20260828,7d4a74a88d2cac93b513c0853bf92c260eaceea0,data/CompEval-00317-of-00413.parquet,3,6,512,512,PNG,533581
cf_test_external_seen_family_aigi_69aaf97dedd4dfac,test_external_seen_family/aigi/cf_test_external_seen_family_aigi_69aaf97dedd4dfac_000957.png.png,1,test_external_seen_family,community-forensics-eval,hourglass,test,test_external_seen_family,FFHQ,Hourglass,hourglass,PixDiff,family_seen,a25ad4ee03b7b9366e730d2b92cff65b7c4fc5ec877e1a04bfcea0e4508c52da,afbf20f4f410f290,20260828,7d4a74a88d2cac93b513c0853bf92c260eaceea0,data/CompEval-00104-of-00413.parquet,3,8,1024,1024,PNG,1209798
cf_test_external_seen_family_aigi_6a296da01c9d0b58,test_external_seen_family/aigi/cf_test_external_seen_family_aigi_6a296da01c9d0b58_000160.png.png,1,test_external_seen_family,community-forensics-eval,kvikontent-midjourney-v6,test,test_external_seen_family,RAISE,kvikontent_midjourney_v6,kvikontent-midjourney-v6,LatDiff,family_seen,fd16ce7ce2efc2ee8622bb9a091ae5c5063e9a085f770649ef88b9fe9deef0a4,c663c55c17b32a2b,20260828,7d4a74a88d2cac93b513c0853bf92c260eaceea0,data/CompEval-00092-of-00413.parquet,2,23,512,512,PNG,483519
cf_test_external_seen_family_aigi_6a7d7ed353f427d2,test_external_seen_family/aigi/cf_test_external_seen_family_aigi_6a7d7ed353f427d2_000212.png.png,1,test_external_seen_family,community-forensics-eval,lcm-lora-sdv15,test,test_external_seen_family,RAISE,LCM_lora_sdv15,lcm-lora-sdv15,LatDiff,family_seen,32deb2d9723488d2be64ffc5ea25dd2a40b84d4c78dd8b859ac6e0fb7921f2e7,f673c961c1c7078c,20260828,7d4a74a88d2cac93b513c0853bf92c260eaceea0,data/CompEval-00360-of-00413.parquet,4,13,512,512,PNG,415432
cf_test_external_seen_family_aigi_6ae01ed41c3c56c0,test_external_seen_family/aigi/cf_test_external_seen_family_aigi_6ae01ed41c3c56c0_000200.png.png,1,test_external_seen_family,community-forensics-eval,lcm-lora-sdxl,test,test_external_seen_family,RAISE,LCM_lora_sdxl,lcm-lora-sdxl,LatDiff,family_seen,cd19d71e1b0a8ce50315512b290bddc8c4659a431f75d998640159669c987e08,cc93e4b3988f3632,20260828,7d4a74a88d2cac93b513c0853bf92c260eaceea0,data/CompEval-00061-of-00413.parquet,3,24,1024,1024,PNG,1982475
cf_test_external_seen_family_aigi_6b168bdce5ab5443,test_external_seen_family/aigi/cf_test_external_seen_family_aigi_6b168bdce5ab5443_000043.png.png,1,test_external_seen_family,community-forensics-eval,kandinsky-2-2,test,test_external_seen_family,RAISE,kandinsky_2_2,kandinsky-2-2,LatDiff,family_seen,3407e9f352a18d429dcf854fdc1c35bb7206e75be9ec86ffa5af739b89fc2554,ddd9d381f53a4488,20260828,7d4a74a88d2cac93b513c0853bf92c260eaceea0,data/CompEval-00241-of-00413.parquet,4,3,768,768,PNG,856489
cf_test_external_seen_family_aigi_6ba8608a3f13a4bf,test_external_seen_family/aigi/cf_test_external_seen_family_aigi_6ba8608a3f13a4bf_000510.png.png,1,test_external_seen_family,community-forensics-eval,dfgan,test,test_external_seen_family,COCO,DFGAN,dfgan,GAN,family_seen,916606360f93de27ba5df64cb92161aa4aabf499b8a7d3fb1887a1ce6b8e150f,c7e5c9891e163633,20260828,7d4a74a88d2cac93b513c0853bf92c260eaceea0,data/CompEval-00004-of-00413.parquet,2,17,256,256,PNG,106712
cf_test_external_seen_family_aigi_6c0bb55a5aee7042,test_external_seen_family/aigi/cf_test_external_seen_family_aigi_6c0bb55a5aee7042_000185.png.png,1,test_external_seen_family,community-forensics-eval,dfgan,test,test_external_seen_family,COCO,DFGAN,dfgan,GAN,family_seen,1ea3f907c9266d03f345fd1054245bdbc699d929601a0064a23c9fcfdf519406,9736f1ad4c9c2c4a,20260828,7d4a74a88d2cac93b513c0853bf92c260eaceea0,data/CompEval-00004-of-00413.parquet,3,8,256,256,PNG,138364
cf_test_external_seen_family_aigi_6c0db18503d2364e,test_external_seen_family/aigi/cf_test_external_seen_family_aigi_6c0db18503d2364e_000501.png.png,1,test_external_seen_family,community-forensics-eval,lcm-lora-ssd1b,test,test_external_seen_family,RAISE,LCM_lora_ssd1b,lcm-lora-ssd1b,LatDiff,family_seen,fd2f357de2006d93035bb00087bff5843a7447090c87fd0f873e8c09d83c82fd,dd80f1cc097c5379,20260828,7d4a74a88d2cac93b513c0853bf92c260eaceea0,data/CompEval-00195-of-00413.parquet,3,18,1024,1024,PNG,1787747
cf_test_external_seen_family_aigi_6c1195b75b4fe83d,test_external_seen_family/aigi/cf_test_external_seen_family_aigi_6c1195b75b4fe83d_000074.png.png,1,test_external_seen_family,community-forensics-eval,lcm-lora-ssd1b,test,test_external_seen_family,RAISE,LCM_lora_ssd1b,lcm-lora-ssd1b,LatDiff,family_seen,de3d831e36f840744b1aca407e133d187946b7b3ac8d0bfd3dabb45cc34e9bf2,f5928f07c3383c65,20260828,7d4a74a88d2cac93b513c0853bf92c260eaceea0,data/CompEval-00195-of-00413.parquet,1,16,1024,1024,PNG,1841346
cf_test_external_seen_family_aigi_6c390422d1fb8cf1,test_external_seen_family/aigi/cf_test_external_seen_family_aigi_6c390422d1fb8cf1_000022.png.png,1,test_external_seen_family,community-forensics-eval,hourglass,test,test_external_seen_family,FFHQ,Hourglass,hourglass,PixDiff,family_seen,7116f5ae9d1ab862319e750e2a76ee37ccf5e3254a12a748ab8c16b5e4689050,d09801b0f07afedb,20260828,7d4a74a88d2cac93b513c0853bf92c260eaceea0,data/CompEval-00127-of-00413.parquet,1,18,1024,1024,PNG,1187180
cf_test_external_seen_family_aigi_6c5a3a7c0cad07d1,test_external_seen_family/aigi/cf_test_external_seen_family_aigi_6c5a3a7c0cad07d1_000792.png.png,1,test_external_seen_family,community-forensics-eval,galip,test,test_external_seen_family,RAISE,GALIP,galip,GAN,family_seen,d1c17dcd21b9c7d86012bc8ac1fd33180245a2319a1ec84d8511d5df1263dc20,9d37612d4e859971,20260828,7d4a74a88d2cac93b513c0853bf92c260eaceea0,data/CompEval-00047-of-00413.parquet,0,13,224,224,PNG,79566
cf_test_external_seen_family_aigi_6cd6c4af60f0ee27,test_external_seen_family/aigi/cf_test_external_seen_family_aigi_6cd6c4af60f0ee27_000619.png.png,1,test_external_seen_family,community-forensics-eval,lcm-lora-ssd1b,test,test_external_seen_family,RAISE,LCM_lora_ssd1b,lcm-lora-ssd1b,LatDiff,family_seen,ff89f0f3570b6d54c8234dddacb58aa6dbc3c712bc50a40d309f714162a17cf5,f6e601597b21a476,20260828,7d4a74a88d2cac93b513c0853bf92c260eaceea0,data/CompEval-00193-of-00413.parquet,2,5,1024,1024,PNG,1772303
cf_test_external_seen_family_aigi_6cfd842adbdf2eeb,test_external_seen_family/aigi/cf_test_external_seen_family_aigi_6cfd842adbdf2eeb_000301.png.png,1,test_external_seen_family,community-forensics-eval,lcm-lora-ssd1b,test,test_external_seen_family,RAISE,LCM_lora_ssd1b,lcm-lora-ssd1b,LatDiff,family_seen,6a75f300304d8472615dc17c95c158c750dabea904e1a6f40ef94b46e88223c8,978fa74a4374f031,20260828,7d4a74a88d2cac93b513c0853bf92c260eaceea0,data/CompEval-00194-of-00413.parquet,3,14,1024,1024,PNG,1742414
cf_test_external_seen_family_aigi_6d708172a258cd2e,test_external_seen_family/aigi/cf_test_external_seen_family_aigi_6d708172a258cd2e_000334.png.png,1,test_external_seen_family,community-forensics-eval,hourglass,test,test_external_seen_family,FFHQ,Hourglass,hourglass,PixDiff,family_seen,107181b60508fce2383144856eaa865cff7be794a9ea7e3be78799a52f7bde18,9eb668d394c9468e,20260828,7d4a74a88d2cac93b513c0853bf92c260eaceea0,data/CompEval-00127-of-00413.parquet,3,7,1024,1024,PNG,1082466
cf_test_external_seen_family_aigi_6dc58f6b0e1335fa,test_external_seen_family/aigi/cf_test_external_seen_family_aigi_6dc58f6b0e1335fa_000623.png.png,1,test_external_seen_family,community-forensics-eval,kvikontent-midjourney-v6,test,test_external_seen_family,RAISE,kvikontent_midjourney_v6,kvikontent-midjourney-v6,LatDiff,family_seen,87997a54a76695828959cd64eb5a15c9155707b4e4bd7c2069907f703c8029c8,b2cd646c3a5333c3,20260828,7d4a74a88d2cac93b513c0853bf92c260eaceea0,data/CompEval-00092-of-00413.parquet,2,15,512,512,PNG,456096
cf_test_external_seen_family_aigi_6e4d4493758974a7,test_external_seen_family/aigi/cf_test_external_seen_family_aigi_6e4d4493758974a7_000445.png.png,1,test_external_seen_family,community-forensics-eval,dfgan,test,test_external_seen_family,COCO,DFGAN,dfgan,GAN,family_seen,5474469da998a63bdc2b6726f8ae064a3d2b0fdcfc5bc85542bac57745bc7b90,ffafafa1c44006e0,20260828,7d4a74a88d2cac93b513c0853bf92c260eaceea0,data/CompEval-00003-of-00413.parquet,4,20,256,256,PNG,114360
cf_test_external_seen_family_aigi_6e560b9e68f53f55,test_external_seen_family/aigi/cf_test_external_seen_family_aigi_6e560b9e68f53f55_000417.png.png,1,test_external_seen_family,community-forensics-eval,galip,test,test_external_seen_family,RAISE,GALIP,galip,GAN,family_seen,ea622c3ff85328230fe6df9693fd57dfde2cccb0e3d1ac21449478bafadbd522,f3842df106bce916,20260828,7d4a74a88d2cac93b513c0853bf92c260eaceea0,data/CompEval-00120-of-00413.parquet,2,15,224,224,PNG,57283
cf_test_external_seen_family_aigi_6e7a384364b5d907,test_external_seen_family/aigi/cf_test_external_seen_family_aigi_6e7a384364b5d907_000252.png.png,1,test_external_seen_family,community-forensics-eval,kandinsky-2-2,test,test_external_seen_family,RAISE,kandinsky_2_2,kandinsky-2-2,LatDiff,family_seen,8ebee2a86a490aa8e329bdcbf4370ca05855e60d02e839ffaf08b9468ce216d9,83cca383e3bcb40f,20260828,7d4a74a88d2cac93b513c0853bf92c260eaceea0,data/CompEval-00240-of-00413.parquet,2,13,768,768,PNG,880426
cf_test_external_seen_family_aigi_6ea9d03e114d85cf,test_external_seen_family/aigi/cf_test_external_seen_family_aigi_6ea9d03e114d85cf_000348.png.png,1,test_external_seen_family,community-forensics-eval,hourglass,test,test_external_seen_family,FFHQ,Hourglass,hourglass,PixDiff,family_seen,981a3de0bd459f539ec4fbb7f0acfd450c1dae2395ba10e02748043ff0a7f2ea,f0686ba3a7869e8a,20260828,7d4a74a88d2cac93b513c0853bf92c260eaceea0,data/CompEval-00273-of-00413.parquet,3,16,1024,1024,PNG,1117180
cf_test_external_seen_family_aigi_6f03e2a792305248,test_external_seen_family/aigi/cf_test_external_seen_family_aigi_6f03e2a792305248_000710.png.png,1,test_external_seen_family,community-forensics-eval,kvikontent-midjourney-v6,test,test_external_seen_family,RAISE,kvikontent_midjourney_v6,kvikontent-midjourney-v6,LatDiff,family_seen,e0812571193c41f297c4dacbe2d1b78d3c773d5097504aa75a59a4fa87323323,b1a472d2e1f25ca3,20260828,7d4a74a88d2cac93b513c0853bf92c260eaceea0,data/CompEval-00215-of-00413.parquet,3,21,512,512,PNG,558018
cf_test_external_seen_family_aigi_6f33d57a6a701375,test_external_seen_family/aigi/cf_test_external_seen_family_aigi_6f33d57a6a701375_000539.png.png,1,test_external_seen_family,community-forensics-eval,lcm-lora-sdv15,test,test_external_seen_family,RAISE,LCM_lora_sdv15,lcm-lora-sdv15,LatDiff,family_seen,fe3520adc4d50eecb4f334834c0b511848c9ed57da3f62dee9ef0515b4a6727d,f0f9d90f264e3813,20260828,7d4a74a88d2cac93b513c0853bf92c260eaceea0,data/CompEval-00309-of-00413.parquet,2,24,512,512,PNG,423578
cf_test_external_seen_family_aigi_6f6be380350e3e4e,test_external_seen_family/aigi/cf_test_external_seen_family_aigi_6f6be380350e3e4e_000673.png.png,1,test_external_seen_family,community-forensics-eval,galip,test,test_external_seen_family,RAISE,GALIP,galip,GAN,family_seen,3626d74690b572a0e286f5e70e46f57b246a5b5abecc87a3a52cb492a62d5484,b3628c1c73e3dc1c,20260828,7d4a74a88d2cac93b513c0853bf92c260eaceea0,data/CompEval-00046-of-00413.parquet,1,11,224,224,PNG,124249
cf_test_external_seen_family_aigi_6f7bdb6c798c3006,test_external_seen_family/aigi/cf_test_external_seen_family_aigi_6f7bdb6c798c3006_000960.png.png,1,test_external_seen_family,community-forensics-eval,lcm-lora-sdxl,test,test_external_seen_family,RAISE,LCM_lora_sdxl,lcm-lora-sdxl,LatDiff,family_seen,f7b69fee150f7930ddbac16bd5f51ce581ea5df2f8e7d47cfeef2c138cf0874a,9de39c403f40ee2d,20260828,7d4a74a88d2cac93b513c0853bf92c260eaceea0,data/CompEval-00058-of-00413.parquet,3,17,1024,1024,PNG,1697107
cf_test_external_seen_family_aigi_6fa50b8aae3de9ec,test_external_seen_family/aigi/cf_test_external_seen_family_aigi_6fa50b8aae3de9ec_000664.png.png,1,test_external_seen_family,community-forensics-eval,kvikontent-midjourney-v6,test,test_external_seen_family,RAISE,kvikontent_midjourney_v6,kvikontent-midjourney-v6,LatDiff,family_seen,5f689efa1322bc1f934287da063d3d9ea9e95f64513d00aecbe2495af08cf65c,cd7912f2edc9a490,20260828,7d4a74a88d2cac93b513c0853bf92c260eaceea0,data/CompEval-00092-of-00413.parquet,2,8,512,512,PNG,515746
cf_test_external_seen_family_aigi_6ffa45e514d29cd9,test_external_seen_family/aigi/cf_test_external_seen_family_aigi_6ffa45e514d29cd9_000834.png.png,1,test_external_seen_family,community-forensics-eval,kvikontent-midjourney-v6,test,test_external_seen_family,RAISE,kvikontent_midjourney_v6,kvikontent-midjourney-v6,LatDiff,family_seen,6fb5760a73d15183cb5c86775e4671b3b173fa825d3a73f44afa8d7523b9b9d8,d69d551df22d2960,20260828,7d4a74a88d2cac93b513c0853bf92c260eaceea0,data/CompEval-00091-of-00413.parquet,4,2,512,512,PNG,398766
cf_test_external_seen_family_aigi_7032d9e7fe7f8747,test_external_seen_family/aigi/cf_test_external_seen_family_aigi_7032d9e7fe7f8747_000206.png.png,1,test_external_seen_family,community-forensics-eval,galip,test,test_external_seen_family,RAISE,GALIP,galip,GAN,family_seen,d19cfae2127668a84400ff3392263b27803409af05439d14b3d11f7dae833108,f99b6146b44c4d71,20260828,7d4a74a88d2cac93b513c0853bf92c260eaceea0,data/CompEval-00120-of-00413.parquet,0,13,224,224,PNG,50583
cf_test_external_seen_family_aigi_706dc83d36283d46,test_external_seen_family/aigi/cf_test_external_seen_family_aigi_706dc83d36283d46_000146.png.png,1,test_external_seen_family,community-forensics-eval,decidiffusionv2,test,test_external_seen_family,RAISE,DeciDiffusionV2,decidiffusionv2,LatDiff,family_seen,a83e83a87079fb56fa47ace930ee01577e1d48c0622046d52da0ef92bcc1f16b,eb423404bdd36b33,20260828,7d4a74a88d2cac93b513c0853bf92c260eaceea0,data/CompEval-00318-of-00413.parquet,0,23,512,512,PNG,504339
cf_test_external_seen_family_aigi_709d1d51b4080638,test_external_seen_family/aigi/cf_test_external_seen_family_aigi_709d1d51b4080638_000447.png.png,1,test_external_seen_family,community-forensics-eval,kvikontent-midjourney-v6,test,test_external_seen_family,RAISE,kvikontent_midjourney_v6,kvikontent-midjourney-v6,LatDiff,family_seen,b181739c0b4a4eaac137eeeba8814aee4e41d332920be21114ec557b48436e8b,a1c3277f209a2dd5,20260828,7d4a74a88d2cac93b513c0853bf92c260eaceea0,data/CompEval-00092-of-00413.parquet,0,11,512,512,PNG,507193
cf_test_external_seen_family_aigi_70a18f3f3d4be5c1,test_external_seen_family/aigi/cf_test_external_seen_family_aigi_70a18f3f3d4be5c1_000123.png.png,1,test_external_seen_family,community-forensics-eval,galip,test,test_external_seen_family,RAISE,GALIP,galip,GAN,family_seen,73203ee6a72eb5f63e1c856dc3871824cd42840ad1e70d6027839032cec79a00,9bcda4369aa546e2,20260828,7d4a74a88d2cac93b513c0853bf92c260eaceea0,data/CompEval-00122-of-00413.parquet,4,23,224,224,PNG,97641
cf_test_external_seen_family_aigi_70a2771632c4bcdf,test_external_seen_family/aigi/cf_test_external_seen_family_aigi_70a2771632c4bcdf_000232.png.png,1,test_external_seen_family,community-forensics-eval,kvikontent-midjourney-v6,test,test_external_seen_family,RAISE,kvikontent_midjourney_v6,kvikontent-midjourney-v6,LatDiff,family_seen,8d8d925eaedc9bf34ca107e3c2f97e78e37783f5a3f46a91fd1052ac2b289e49,8bc6788975726aa9,20260828,7d4a74a88d2cac93b513c0853bf92c260eaceea0,data/CompEval-00092-of-00413.parquet,3,10,512,512,PNG,559252
cf_test_external_seen_family_aigi_70c8817d144d357b,test_external_seen_family/aigi/cf_test_external_seen_family_aigi_70c8817d144d357b_000761.png.png,1,test_external_seen_family,community-forensics-eval,kvikontent-midjourney-v6,test,test_external_seen_family,RAISE,kvikontent_midjourney_v6,kvikontent-midjourney-v6,LatDiff,family_seen,1431fb65d6cb437208fa1b34d4feebaa93de7f62c3c98e26f29df453a2afc4ba,e0496561d1e079f7,20260828,7d4a74a88d2cac93b513c0853bf92c260eaceea0,data/CompEval-00217-of-00413.parquet,1,13,512,512,PNG,447301
cf_test_external_seen_family_aigi_70df3048d4fd22c0,test_external_seen_family/aigi/cf_test_external_seen_family_aigi_70df3048d4fd22c0_000090.png.png,1,test_external_seen_family,community-forensics-eval,lcm-lora-sdv15,test,test_external_seen_family,RAISE,LCM_lora_sdv15,lcm-lora-sdv15,LatDiff,family_seen,2276b94078eecf655141953ac60d02cced18f700e01db7392b78608fb5bcc2c4,8aa48b6ccfb82d3a,20260828,7d4a74a88d2cac93b513c0853bf92c260eaceea0,data/CompEval-00309-of-00413.parquet,3,4,512,512,PNG,414579
cf_test_external_seen_family_aigi_70fecf46f80a27dd,test_external_seen_family/aigi/cf_test_external_seen_family_aigi_70fecf46f80a27dd_000176.png.png,1,test_external_seen_family,community-forensics-eval,galip,test,test_external_seen_family,RAISE,GALIP,galip,GAN,family_seen,2f4f6d6400ce5af83b4ab9d7ea14e0501285f1708775f7ba953fc2921dca3394,e25bf486a3363463,20260828,7d4a74a88d2cac93b513c0853bf92c260eaceea0,data/CompEval-00123-of-00413.parquet,0,23,224,224,PNG,72167
cf_test_external_seen_family_aigi_7136f761c7770e5f,test_external_seen_family/aigi/cf_test_external_seen_family_aigi_7136f761c7770e5f_000544.png.png,1,test_external_seen_family,community-forensics-eval,hourglass,test,test_external_seen_family,FFHQ,Hourglass,hourglass,PixDiff,family_seen,f0e330c9df8b06c8f15eb0f05ceed41e16f8846121fd75cdf67d994c98cbc1c9,c3f4e0bf810b9e89,20260828,7d4a74a88d2cac93b513c0853bf92c260eaceea0,data/CompEval-00126-of-00413.parquet,3,6,1024,1024,PNG,1135517
cf_test_external_seen_family_aigi_719ce80a971bebd5,test_external_seen_family/aigi/cf_test_external_seen_family_aigi_719ce80a971bebd5_000384.png.png,1,test_external_seen_family,community-forensics-eval,galip,test,test_external_seen_family,RAISE,GALIP,galip,GAN,family_seen,8fef484dcd2b45f0f686766e1ac6bb6eb70d406bdc2f184648515585f665916a,da87203fd3066cd9,20260828,7d4a74a88d2cac93b513c0853bf92c260eaceea0,data/CompEval-00120-of-00413.parquet,2,13,224,224,PNG,49492
cf_test_external_seen_family_aigi_71bbf5f829bb637c,test_external_seen_family/aigi/cf_test_external_seen_family_aigi_71bbf5f829bb637c_000582.png.png,1,test_external_seen_family,community-forensics-eval,lcm-lora-sdv15,test,test_external_seen_family,RAISE,LCM_lora_sdv15,lcm-lora-sdv15,LatDiff,family_seen,ae9d68e2facc25a24e0febc36111b4ad4514de3c54c03aa0206bd8a6ffe2fa33,a49b391d6c619679,20260828,7d4a74a88d2cac93b513c0853bf92c260eaceea0,data/CompEval-00113-of-00413.parquet,3,15,512,512,PNG,378419
cf_test_external_seen_family_aigi_71de4ccb9f92340a,test_external_seen_family/aigi/cf_test_external_seen_family_aigi_71de4ccb9f92340a_000526.png.png,1,test_external_seen_family,community-forensics-eval,lcm-lora-sdxl,test,test_external_seen_family,RAISE,LCM_lora_sdxl,lcm-lora-sdxl,LatDiff,family_seen,4dc01110be39daea2149f57040382cd51a971d0754bff8c060ad5c3fe510b3e0,df83c01ca1c663fc,20260828,7d4a74a88d2cac93b513c0853bf92c260eaceea0,data/CompEval-00060-of-00413.parquet,1,6,1024,1024,PNG,1771647
cf_test_external_seen_family_aigi_71e5ca4bd465fbeb,test_external_seen_family/aigi/cf_test_external_seen_family_aigi_71e5ca4bd465fbeb_000689.png.png,1,test_external_seen_family,community-forensics-eval,lcm-lora-sdxl,test,test_external_seen_family,RAISE,LCM_lora_sdxl,lcm-lora-sdxl,LatDiff,family_seen,a06f939a7e20afeaf9bbbc72f901697d506654155fec3571747c70da2e7731e7,d1c178eebebe4011,20260828,7d4a74a88d2cac93b513c0853bf92c260eaceea0,data/CompEval-00056-of-00413.parquet,2,0,1024,1024,PNG,1352817
cf_test_external_seen_family_aigi_7227ef324a365d5f,test_external_seen_family/aigi/cf_test_external_seen_family_aigi_7227ef324a365d5f_000640.png.png,1,test_external_seen_family,community-forensics-eval,lcm-lora-sdv15,test,test_external_seen_family,RAISE,LCM_lora_sdv15,lcm-lora-sdv15,LatDiff,family_seen,22d5f624d93b714bdac363c1f8660260e1b3a481dd7232b6db663e70cb2fd28f,9cce46eb61678c91,20260828,7d4a74a88d2cac93b513c0853bf92c260eaceea0,data/CompEval-00359-of-00413.parquet,4,8,512,512,PNG,347716
cf_test_external_seen_family_aigi_7262a44a44302bfa,test_external_seen_family/aigi/cf_test_external_seen_family_aigi_7262a44a44302bfa_000364.png.png,1,test_external_seen_family,community-forensics-eval,galip,test,test_external_seen_family,RAISE,GALIP,galip,GAN,family_seen,e835ca4b006a7bc6654560b680aacad930c654c44fddfb576c894e9fcc9bb4b9,c616d809f339cb78,20260828,7d4a74a88d2cac93b513c0853bf92c260eaceea0,data/CompEval-00122-of-00413.parquet,0,6,224,224,PNG,72868
cf_test_external_seen_family_aigi_72e2e4443c5d4dd4,test_external_seen_family/aigi/cf_test_external_seen_family_aigi_72e2e4443c5d4dd4_000681.png.png,1,test_external_seen_family,community-forensics-eval,decidiffusionv2,test,test_external_seen_family,RAISE,DeciDiffusionV2,decidiffusionv2,LatDiff,family_seen,39790bfef2f75cf68285e71cab8c56f8cb3b9601a2abfbef65cc18453c95dd55,a1d1e09c4e6cae37,20260828,7d4a74a88d2cac93b513c0853bf92c260eaceea0,data/CompEval-00313-of-00413.parquet,0,12,512,512,PNG,514718
cf_test_external_seen_family_aigi_72ec2073a32b8eca,test_external_seen_family/aigi/cf_test_external_seen_family_aigi_72ec2073a32b8eca_000782.png.png,1,test_external_seen_family,community-forensics-eval,hourglass,test,test_external_seen_family,FFHQ,Hourglass,hourglass,PixDiff,family_seen,14cf90628828aeb03d4787ea44bebf504191138fb9cb8de14fdfb5f135d0cedb,caed3935311ac2ce,20260828,7d4a74a88d2cac93b513c0853bf92c260eaceea0,data/CompEval-00271-of-00413.parquet,4,16,1024,1024,PNG,1201357
cf_test_external_seen_family_aigi_73ef071b2736f647,test_external_seen_family/aigi/cf_test_external_seen_family_aigi_73ef071b2736f647_000590.png.png,1,test_external_seen_family,community-forensics-eval,hourglass,test,test_external_seen_family,,Hourglass,hourglass,PixDiff,family_seen,ddd60089c8aba3f9117b074172754b6378f65cd926258c865652d96d5d42e393,89a96ab664cf1dc4,20260828,7d4a74a88d2cac93b513c0853bf92c260eaceea0,data/CompEval-00156-of-00413.parquet,0,0,256,256,PNG,141210
cf_test_external_seen_family_aigi_743a77d3ed5f7840,test_external_seen_family/aigi/cf_test_external_seen_family_aigi_743a77d3ed5f7840_000066.png.png,1,test_external_seen_family,community-forensics-eval,dfgan,test,test_external_seen_family,COCO,DFGAN,dfgan,GAN,family_seen,9d37208c06e766ff3b8e814523072e601909f39f417e7620176eb5d0996b79b2,ae1d1378ce247bc2,20260828,7d4a74a88d2cac93b513c0853bf92c260eaceea0,data/CompEval-00004-of-00413.parquet,3,14,256,256,PNG,155065
cf_test_external_seen_family_aigi_745d70376249a0f2,test_external_seen_family/aigi/cf_test_external_seen_family_aigi_745d70376249a0f2_000751.png.png,1,test_external_seen_family,community-forensics-eval,hourglass,test,test_external_seen_family,FFHQ,Hourglass,hourglass,PixDiff,family_seen,3bbde7908212ce7cc8f4281adf135a0154f22eeb2c69e5a26d7a9651e5cde3b0,c92d32367b01c9dd,20260828,7d4a74a88d2cac93b513c0853bf92c260eaceea0,data/CompEval-00272-of-00413.parquet,0,4,1024,1024,PNG,1254237
cf_test_external_seen_family_aigi_748dd45728b5c8b5,test_external_seen_family/aigi/cf_test_external_seen_family_aigi_748dd45728b5c8b5_000464.png.png,1,test_external_seen_family,community-forensics-eval,lcm-lora-sdv15,test,test_external_seen_family,RAISE,LCM_lora_sdv15,lcm-lora-sdv15,LatDiff,family_seen,688d20fc555548b0e6783203a5eece08f6aab1ee967bfaf8752dc146077407cb,9922b399b5993437,20260828,7d4a74a88d2cac93b513c0853bf92c260eaceea0,data/CompEval-00360-of-00413.parquet,4,17,512,512,PNG,420164
cf_test_external_seen_family_aigi_74a0d3ad36c8196f,test_external_seen_family/aigi/cf_test_external_seen_family_aigi_74a0d3ad36c8196f_000752.png.png,1,test_external_seen_family,community-forensics-eval,kvikontent-midjourney-v6,test,test_external_seen_family,RAISE,kvikontent_midjourney_v6,kvikontent-midjourney-v6,LatDiff,family_seen,0142954a390c2a2ea59606394ceecba00782f839e7eb20b9ea065efc8881d2b8,c642c04f7db4267b,20260828,7d4a74a88d2cac93b513c0853bf92c260eaceea0,data/CompEval-00216-of-00413.parquet,4,3,512,512,PNG,452950
cf_test_external_seen_family_aigi_7545327bdec08edf,test_external_seen_family/aigi/cf_test_external_seen_family_aigi_7545327bdec08edf_000080.png.png,1,test_external_seen_family,community-forensics-eval,hourglass,test,test_external_seen_family,FFHQ,Hourglass,hourglass,PixDiff,family_seen,e719cc25f582ff115fecd7ae31561f0f8ee04926928fcaf241079b7e09c5bae9,c194d1af2b4817f5,20260828,7d4a74a88d2cac93b513c0853bf92c260eaceea0,data/CompEval-00126-of-00413.parquet,2,6,1024,1024,PNG,1360885
cf_test_external_seen_family_aigi_75a5ec4093f20693,test_external_seen_family/aigi/cf_test_external_seen_family_aigi_75a5ec4093f20693_000832.png.png,1,test_external_seen_family,community-forensics-eval,decidiffusionv2,test,test_external_seen_family,RAISE,DeciDiffusionV2,decidiffusionv2,LatDiff,family_seen,34b4498f42c4b5606bbe9edf59c867f1ce83fa4aea099c0bd2dc253d50062c7e,8266976f87774381,20260828,7d4a74a88d2cac93b513c0853bf92c260eaceea0,data/CompEval-00310-of-00413.parquet,4,1,512,512,PNG,527414
cf_test_external_seen_family_aigi_75c9c7a06f1bc4fa,test_external_seen_family/aigi/cf_test_external_seen_family_aigi_75c9c7a06f1bc4fa_000613.png.png,1,test_external_seen_family,community-forensics-eval,lcm-lora-sdv15,test,test_external_seen_family,RAISE,LCM_lora_sdv15,lcm-lora-sdv15,LatDiff,family_seen,3b982770228ddb74ccaaa74c0606d5ad83149f5181e70fe8f26e4f38aec5bf5d,e6991964f44f13b4,20260828,7d4a74a88d2cac93b513c0853bf92c260eaceea0,data/CompEval-00358-of-00413.parquet,4,0,512,512,PNG,297248
cf_test_external_seen_family_aigi_75d2497d83158065,test_external_seen_family/aigi/cf_test_external_seen_family_aigi_75d2497d83158065_000920.png.png,1,test_external_seen_family,community-forensics-eval,decidiffusionv2,test,test_external_seen_family,RAISE,DeciDiffusionV2,decidiffusionv2,LatDiff,family_seen,d98a53e3ec78168951e377a6b50db53b6e864be97211f3d180b55e4937bd0123,88326b8b6c2f873d,20260828,7d4a74a88d2cac93b513c0853bf92c260eaceea0,data/CompEval-00312-of-00413.parquet,0,23,512,512,PNG,565239
cf_test_external_seen_family_aigi_7607eaaf8a92b0f0,test_external_seen_family/aigi/cf_test_external_seen_family_aigi_7607eaaf8a92b0f0_000403.png.png,1,test_external_seen_family,community-forensics-eval,lcm-lora-ssd1b,test,test_external_seen_family,RAISE,LCM_lora_ssd1b,lcm-lora-ssd1b,LatDiff,family_seen,7a1fa95a8f10f7e08e682c5ed5aa98cee9ac5504037df28e85c8c42cc76c2dbd,e8ace1b397551c07,20260828,7d4a74a88d2cac93b513c0853bf92c260eaceea0,data/CompEval-00196-of-00413.parquet,2,0,1024,1024,PNG,1803114
cf_test_external_seen_family_aigi_762dbc8dae53b9a8,test_external_seen_family/aigi/cf_test_external_seen_family_aigi_762dbc8dae53b9a8_000416.png.png,1,test_external_seen_family,community-forensics-eval,kandinsky-2-2,test,test_external_seen_family,RAISE,kandinsky_2_2,kandinsky-2-2,LatDiff,family_seen,8d0a37a4e6021ab5d2a81fbb5c373480337a75c1f021c2430497623bb8832cc9,a1295ecad278847f,20260828,7d4a74a88d2cac93b513c0853bf92c260eaceea0,data/CompEval-00238-of-00413.parquet,3,16,768,768,PNG,1187123
cf_test_external_seen_family_aigi_767de12fb6813897,test_external_seen_family/aigi/cf_test_external_seen_family_aigi_767de12fb6813897_000559.png.png,1,test_external_seen_family,community-forensics-eval,hourglass,test,test_external_seen_family,,Hourglass,hourglass,PixDiff,family_seen,ee36ef1f892a94270ad339eef1ac038d60d11204e27a78361bf9f12636850b1a,ebb18bb580ec1e4c,20260828,7d4a74a88d2cac93b513c0853bf92c260eaceea0,data/CompEval-00153-of-00413.parquet,2,21,256,256,PNG,102376
cf_test_external_seen_family_aigi_76e65277598a690f,test_external_seen_family/aigi/cf_test_external_seen_family_aigi_76e65277598a690f_000365.png.png,1,test_external_seen_family,community-forensics-eval,decidiffusionv2,test,test_external_seen_family,RAISE,DeciDiffusionV2,decidiffusionv2,LatDiff,family_seen,27e51813b5baeacfb077c5258b7d3e2629541ec7e65f0a52dce426446af0b527,f17955585b1d2b09,20260828,7d4a74a88d2cac93b513c0853bf92c260eaceea0,data/CompEval-00317-of-00413.parquet,1,21,512,512,PNG,416650
cf_test_external_seen_family_aigi_7748e7b0caa70646,test_external_seen_family/aigi/cf_test_external_seen_family_aigi_7748e7b0caa70646_000900.png.png,1,test_external_seen_family,community-forensics-eval,kvikontent-midjourney-v6,test,test_external_seen_family,RAISE,kvikontent_midjourney_v6,kvikontent-midjourney-v6,LatDiff,family_seen,f019c1bfb1b49dc71c6960ddc62e11f30e16ad7ebbcd42b2c8652efa31dafba7,e19e5a633450cfd1,20260828,7d4a74a88d2cac93b513c0853bf92c260eaceea0,data/CompEval-00091-of-00413.parquet,0,21,512,512,PNG,546825
cf_test_external_seen_family_aigi_7844a10b99880116,test_external_seen_family/aigi/cf_test_external_seen_family_aigi_7844a10b99880116_000830.png.png,1,test_external_seen_family,community-forensics-eval,lcm-lora-sdv15,test,test_external_seen_family,RAISE,LCM_lora_sdv15,lcm-lora-sdv15,LatDiff,family_seen,b6de0d58614889bad0e315f1c95af051e89c7eb7c1b9a54e65c25250bf4a37ac,8747e77b18946271,20260828,7d4a74a88d2cac93b513c0853bf92c260eaceea0,data/CompEval-00358-of-00413.parquet,2,17,512,512,PNG,385123
cf_test_external_seen_family_aigi_789093b807be46d2,test_external_seen_family/aigi/cf_test_external_seen_family_aigi_789093b807be46d2_000392.png.png,1,test_external_seen_family,community-forensics-eval,hourglass,test,test_external_seen_family,,Hourglass,hourglass,PixDiff,family_seen,c83b7bc6393f893f4de0f56e615b71dcd8eeb0ce6ce5c967ef429d7da13e3452,ca969d0cb6e27187,20260828,7d4a74a88d2cac93b513c0853bf92c260eaceea0,data/CompEval-00084-of-00413.parquet,0,6,256,256,PNG,134508
cf_test_external_seen_family_aigi_78feaf203ca3f82f,test_external_seen_family/aigi/cf_test_external_seen_family_aigi_78feaf203ca3f82f_000294.png.png,1,test_external_seen_family,community-forensics-eval,hourglass,test,test_external_seen_family,FFHQ,Hourglass,hourglass,PixDiff,family_seen,005014bf47a109129c9c358a30b358fa657b0e41f7b81793b4980af4c6cf957d,8b542c3336a3d78b,20260828,7d4a74a88d2cac93b513c0853bf92c260eaceea0,data/CompEval-00275-of-00413.parquet,4,20,1024,1024,PNG,1295626
cf_test_external_seen_family_aigi_790ec1ce8ed6a183,test_external_seen_family/aigi/cf_test_external_seen_family_aigi_790ec1ce8ed6a183_000763.png.png,1,test_external_seen_family,community-forensics-eval,lcm-lora-ssd1b,test,test_external_seen_family,RAISE,LCM_lora_ssd1b,lcm-lora-ssd1b,LatDiff,family_seen,10c6ac33a3d6ce3bbad3e7d84170404d3e981a2d9118071351c3b44d7b7b4765,b9d9ce3c331bcc04,20260828,7d4a74a88d2cac93b513c0853bf92c260eaceea0,data/CompEval-00192-of-00413.parquet,3,21,1024,1024,PNG,1308578
cf_test_external_seen_family_aigi_795789b3c6da2076,test_external_seen_family/aigi/cf_test_external_seen_family_aigi_795789b3c6da2076_000038.png.png,1,test_external_seen_family,community-forensics-eval,lcm-lora-sdxl,test,test_external_seen_family,RAISE,LCM_lora_sdxl,lcm-lora-sdxl,LatDiff,family_seen,05ffc219570a600e374d20ed4877a05de593b9cefb5663db38972265342e8d03,a94e25303a87f7c9,20260828,7d4a74a88d2cac93b513c0853bf92c260eaceea0,data/CompEval-00056-of-00413.parquet,0,7,1024,1024,PNG,2117134
cf_test_external_seen_family_aigi_79d6f4cb1ea6e5c2,test_external_seen_family/aigi/cf_test_external_seen_family_aigi_79d6f4cb1ea6e5c2_000781.png.png,1,test_external_seen_family,community-forensics-eval,lcm-lora-sdxl,test,test_external_seen_family,RAISE,LCM_lora_sdxl,lcm-lora-sdxl,LatDiff,family_seen,3b6ebd6384fd5fb05315f7c6c661fb0a0216e5bf9faeb1e4199928d639fc679d,f14c588f9be48687,20260828,7d4a74a88d2cac93b513c0853bf92c260eaceea0,data/CompEval-00056-of-00413.parquet,3,10,1024,1024,PNG,1524405
cf_test_external_seen_family_aigi_79eba649924d793a,test_external_seen_family/aigi/cf_test_external_seen_family_aigi_79eba649924d793a_000089.png.png,1,test_external_seen_family,community-forensics-eval,lcm-lora-ssd1b,test,test_external_seen_family,RAISE,LCM_lora_ssd1b,lcm-lora-ssd1b,LatDiff,family_seen,850fba954403284f9e5420272c4784c37cc944c5c4732850907a9ddf0ff2c3c9,dda3b3348cce8127,20260828,7d4a74a88d2cac93b513c0853bf92c260eaceea0,data/CompEval-00194-of-00413.parquet,2,1,1024,1024,PNG,1361727
cf_test_external_seen_family_aigi_7a603220b6d9b0b4,test_external_seen_family/aigi/cf_test_external_seen_family_aigi_7a603220b6d9b0b4_000908.png.png,1,test_external_seen_family,community-forensics-eval,kvikontent-midjourney-v6,test,test_external_seen_family,RAISE,kvikontent_midjourney_v6,kvikontent-midjourney-v6,LatDiff,family_seen,52e61e98d6ee815ccc5895e47e01cbbb94ed0bf0b20c82c08e5ac44495b1251f,e617784523e0ff44,20260828,7d4a74a88d2cac93b513c0853bf92c260eaceea0,data/CompEval-00090-of-00413.parquet,3,17,512,512,PNG,583706
cf_test_external_seen_family_aigi_7a843e2fa68fd2ae,test_external_seen_family/aigi/cf_test_external_seen_family_aigi_7a843e2fa68fd2ae_000747.png.png,1,test_external_seen_family,community-forensics-eval,lcm-lora-sdxl,test,test_external_seen_family,RAISE,LCM_lora_sdxl,lcm-lora-sdxl,LatDiff,family_seen,8c0bef4b132ce81d824c73273673b64f7b6baa438473c88905b00379e6b233f9,a49899e5664e71e3,20260828,7d4a74a88d2cac93b513c0853bf92c260eaceea0,data/CompEval-00059-of-00413.parquet,2,19,1024,1024,PNG,1602717
cf_test_external_seen_family_aigi_7a904dd943252c10,test_external_seen_family/aigi/cf_test_external_seen_family_aigi_7a904dd943252c10_000783.png.png,1,test_external_seen_family,community-forensics-eval,dfgan,test,test_external_seen_family,COCO,DFGAN,dfgan,GAN,family_seen,e875a415fe2243fc02fa60d9a91c5401bc603680875088d024e5663ed7620a7e,f2a61f981e64654b,20260828,7d4a74a88d2cac93b513c0853bf92c260eaceea0,data/CompEval-00007-of-00413.parquet,3,15,256,256,PNG,120012
cf_test_external_seen_family_aigi_7ab73b469d44c0ca,test_external_seen_family/aigi/cf_test_external_seen_family_aigi_7ab73b469d44c0ca_000867.png.png,1,test_external_seen_family,community-forensics-eval,dfgan,test,test_external_seen_family,COCO,DFGAN,dfgan,GAN,family_seen,43b79f65f882d8a39ede96524baca3c29d0cb80c2b66fc0d1424331fe480e839,8367b6121393b36d,20260828,7d4a74a88d2cac93b513c0853bf92c260eaceea0,data/CompEval-00002-of-00413.parquet,0,23,256,256,PNG,124887
cf_test_external_seen_family_aigi_7b0e3be294876b44,test_external_seen_family/aigi/cf_test_external_seen_family_aigi_7b0e3be294876b44_000980.png.png,1,test_external_seen_family,community-forensics-eval,lcm-lora-sdxl,test,test_external_seen_family,RAISE,LCM_lora_sdxl,lcm-lora-sdxl,LatDiff,family_seen,7216dfee0600837e3277ad97da82b8acd0043c776dfd52411e6d2e045fa3d3a9,d9dad910a9e9c345,20260828,7d4a74a88d2cac93b513c0853bf92c260eaceea0,data/CompEval-00062-of-00413.parquet,4,1,1024,1024,PNG,1629295
cf_test_external_seen_family_aigi_7b2bb05d12989bbe,test_external_seen_family/aigi/cf_test_external_seen_family_aigi_7b2bb05d12989bbe_000350.png.png,1,test_external_seen_family,community-forensics-eval,kandinsky-2-2,test,test_external_seen_family,RAISE,kandinsky_2_2,kandinsky-2-2,LatDiff,family_seen,fb3ae1f9e4587cacd6bdb1ac50f08280b07afc2fe54b64fa71fda6c6b378e8a2,91cdc2f2bb85652a,20260828,7d4a74a88d2cac93b513c0853bf92c260eaceea0,data/CompEval-00161-of-00413.parquet,4,0,768,768,PNG,857129
cf_test_external_seen_family_aigi_7c075b5946e32948,test_external_seen_family/aigi/cf_test_external_seen_family_aigi_7c075b5946e32948_000088.png.png,1,test_external_seen_family,community-forensics-eval,hourglass,test,test_external_seen_family,,Hourglass,hourglass,PixDiff,family_seen,aeeb56bf79851dc9a09cae36b1e80513dfbfbd10654efdbfd3066a9638a5d7c4,d81f256a67b1664c,20260828,7d4a74a88d2cac93b513c0853bf92c260eaceea0,data/CompEval-00087-of-00413.parquet,4,7,256,256,PNG,98733
cf_test_external_seen_family_aigi_7c0fee633255646b,test_external_seen_family/aigi/cf_test_external_seen_family_aigi_7c0fee633255646b_000787.png.png,1,test_external_seen_family,community-forensics-eval,lcm-lora-sdxl,test,test_external_seen_family,RAISE,LCM_lora_sdxl,lcm-lora-sdxl,LatDiff,family_seen,3e042e0598bf90a2dc1f8ccc85715ce2c98878e49d5d05e2e376913bbf1dd484,caea663409b5999d,20260828,7d4a74a88d2cac93b513c0853bf92c260eaceea0,data/CompEval-00060-of-00413.parquet,3,20,1024,1024,PNG,1951673
cf_test_external_seen_family_aigi_7c33ccf4cad182e0,test_external_seen_family/aigi/cf_test_external_seen_family_aigi_7c33ccf4cad182e0_000754.png.png,1,test_external_seen_family,community-forensics-eval,hourglass,test,test_external_seen_family,,Hourglass,hourglass,PixDiff,family_seen,4088aa6cac76503f06802c56576dafa30dada72605222c8e22c7a702cb9e8f20,b2e88d1772e03cb6,20260828,7d4a74a88d2cac93b513c0853bf92c260eaceea0,data/CompEval-00155-of-00413.parquet,4,24,256,256,PNG,96820
cf_test_external_seen_family_aigi_7c4834f77a674165,test_external_seen_family/aigi/cf_test_external_seen_family_aigi_7c4834f77a674165_000721.png.png,1,test_external_seen_family,community-forensics-eval,dfgan,test,test_external_seen_family,COCO,DFGAN,dfgan,GAN,family_seen,8a87abe2b1862d3b573fe17053d6c3d0e62f214f1eef41df9aaa950b24c67e63,d0d0c12f2e3e3f38,20260828,7d4a74a88d2cac93b513c0853bf92c260eaceea0,data/CompEval-00004-of-00413.parquet,4,9,256,256,PNG,108680
cf_test_external_seen_family_aigi_7c825c79dcfcba84,test_external_seen_family/aigi/cf_test_external_seen_family_aigi_7c825c79dcfcba84_000285.png.png,1,test_external_seen_family,community-forensics-eval,decidiffusionv2,test,test_external_seen_family,RAISE,DeciDiffusionV2,decidiffusionv2,LatDiff,family_seen,98d018679430fa50cfda717fd740378dc4029f46657ec91cc565acc1022e53e0,8169c7176bc8b1f2,20260828,7d4a74a88d2cac93b513c0853bf92c260eaceea0,data/CompEval-00314-of-00413.parquet,0,3,512,512,PNG,578796
cf_test_external_seen_family_aigi_7cab36c7a51367fa,test_external_seen_family/aigi/cf_test_external_seen_family_aigi_7cab36c7a51367fa_000618.png.png,1,test_external_seen_family,community-forensics-eval,dfgan,test,test_external_seen_family,COCO,DFGAN,dfgan,GAN,family_seen,722e9637841a4a07e0616846b465ac7d3ece1bacaf9c4f513d283a3185eb44ab,e18f527587623327,20260828,7d4a74a88d2cac93b513c0853bf92c260eaceea0,data/CompEval-00005-of-00413.parquet,4,2,256,256,PNG,120161
cf_test_external_seen_family_aigi_7cd35c75988ffc20,test_external_seen_family/aigi/cf_test_external_seen_family_aigi_7cd35c75988ffc20_000821.png.png,1,test_external_seen_family,community-forensics-eval,decidiffusionv2,test,test_external_seen_family,RAISE,DeciDiffusionV2,decidiffusionv2,LatDiff,family_seen,a47597b49a87f627facc8a9cbd0808397e5410c47d34fa0582d63380b42d2b96,fcec001a5b83b7f0,20260828,7d4a74a88d2cac93b513c0853bf92c260eaceea0,data/CompEval-00313-of-00413.parquet,0,1,512,512,PNG,471713
cf_test_external_seen_family_aigi_7d0b15e9d056d1d6,test_external_seen_family/aigi/cf_test_external_seen_family_aigi_7d0b15e9d056d1d6_000809.png.png,1,test_external_seen_family,community-forensics-eval,lcm-lora-sdv15,test,test_external_seen_family,RAISE,LCM_lora_sdv15,lcm-lora-sdv15,LatDiff,family_seen,f11e02a23540ce9fdca443a86927ddb75a740fbd653feae67286d465fa43814a,e6cc383b4fc3b218,20260828,7d4a74a88d2cac93b513c0853bf92c260eaceea0,data/CompEval-00362-of-00413.parquet,0,12,512,512,PNG,250355
cf_test_external_seen_family_aigi_7d6f67e2f3d1dc7c,test_external_seen_family/aigi/cf_test_external_seen_family_aigi_7d6f67e2f3d1dc7c_000957.png.png,1,test_external_seen_family,community-forensics-eval,galip,test,test_external_seen_family,RAISE,GALIP,galip,GAN,family_seen,fba5d68ad02e3e8cebc5503e6a353d8da50a6cc434a567c1ff358b5d2baf771c,f7255a2563524de2,20260828,7d4a74a88d2cac93b513c0853bf92c260eaceea0,data/CompEval-00120-of-00413.parquet,0,5,224,224,PNG,82604
cf_test_external_seen_family_aigi_7d94beffa03888e3,test_external_seen_family/aigi/cf_test_external_seen_family_aigi_7d94beffa03888e3_000010.png.png,1,test_external_seen_family,community-forensics-eval,kvikontent-midjourney-v6,test,test_external_seen_family,RAISE,kvikontent_midjourney_v6,kvikontent-midjourney-v6,LatDiff,family_seen,2ab024479fb19984ca05de22ced74942bbff2d9bcede371dc072628e43c2314d,8dcd4f470f63c322,20260828,7d4a74a88d2cac93b513c0853bf92c260eaceea0,data/CompEval-00216-of-00413.parquet,0,3,512,512,PNG,489469
cf_test_external_seen_family_aigi_7e1634042f949b94,test_external_seen_family/aigi/cf_test_external_seen_family_aigi_7e1634042f949b94_000345.png.png,1,test_external_seen_family,community-forensics-eval,dfgan,test,test_external_seen_family,COCO,DFGAN,dfgan,GAN,family_seen,3f9ef5e0ed3433681ca7fc9b7f30fd1c414aa7021740700028cd6cdc9f08e76a,9b1b64e4a692476d,20260828,7d4a74a88d2cac93b513c0853bf92c260eaceea0,data/CompEval-00002-of-00413.parquet,4,24,256,256,PNG,124942
cf_test_external_seen_family_aigi_7e4a0800bb1ddeff,test_external_seen_family/aigi/cf_test_external_seen_family_aigi_7e4a0800bb1ddeff_000563.png.png,1,test_external_seen_family,community-forensics-eval,lcm-lora-sdv15,test,test_external_seen_family,RAISE,LCM_lora_sdv15,lcm-lora-sdv15,LatDiff,family_seen,ce5dd0f73143194d31d043011a2728f2ae01f13538c3eba240b39214affff727,99828e999ac665de,20260828,7d4a74a88d2cac93b513c0853bf92c260eaceea0,data/CompEval-00364-of-00413.parquet,1,4,512,512,PNG,379334
cf_test_external_seen_family_aigi_7e5c4557caeeb569,test_external_seen_family/aigi/cf_test_external_seen_family_aigi_7e5c4557caeeb569_000436.png.png,1,test_external_seen_family,community-forensics-eval,galip,test,test_external_seen_family,RAISE,GALIP,galip,GAN,family_seen,ad6a0a2f03c1159b2ebb7806939acc55bbdb356cf3995b17331b2ca55c16d1eb,ada22f32e868e9cc,20260828,7d4a74a88d2cac93b513c0853bf92c260eaceea0,data/CompEval-00121-of-00413.parquet,4,24,224,224,PNG,105355
cf_test_external_seen_family_aigi_7e8d54a4e98feb13,test_external_seen_family/aigi/cf_test_external_seen_family_aigi_7e8d54a4e98feb13_000558.png.png,1,test_external_seen_family,community-forensics-eval,galip,test,test_external_seen_family,RAISE,GALIP,galip,GAN,family_seen,8c6f1abbf5c3671e45afc72aea1fc8cbf56dc6614e36b55242fcd4843d7e3992,ffc180b3385f06d1,20260828,7d4a74a88d2cac93b513c0853bf92c260eaceea0,data/CompEval-00125-of-00413.parquet,1,1,224,224,PNG,42284
cf_test_external_seen_family_aigi_7e90cc0e4352a026,test_external_seen_family/aigi/cf_test_external_seen_family_aigi_7e90cc0e4352a026_000148.png.png,1,test_external_seen_family,community-forensics-eval,lcm-lora-sdxl,test,test_external_seen_family,RAISE,LCM_lora_sdxl,lcm-lora-sdxl,LatDiff,family_seen,e1f0ddad05a3fe9108db442620ae6f48658b82c76a787a8d1a466350c077bcff,e4981bcd5427f60b,20260828,7d4a74a88d2cac93b513c0853bf92c260eaceea0,data/CompEval-00057-of-00413.parquet,3,9,1024,1024,PNG,1511182
cf_test_external_seen_family_aigi_7e9742ff1beb0b22,test_external_seen_family/aigi/cf_test_external_seen_family_aigi_7e9742ff1beb0b22_000908.png.png,1,test_external_seen_family,community-forensics-eval,lcm-lora-sdv15,test,test_external_seen_family,RAISE,LCM_lora_sdv15,lcm-lora-sdv15,LatDiff,family_seen,ff1a6c21523144bb56f28a54caca7d3a92d79c4ededf21caa38d8b65dbf63210,c90ab63605e67b1d,20260828,7d4a74a88d2cac93b513c0853bf92c260eaceea0,data/CompEval-00113-of-00413.parquet,3,9,512,512,PNG,322415
cf_test_external_seen_family_aigi_7ec18b53daa15338,test_external_seen_family/aigi/cf_test_external_seen_family_aigi_7ec18b53daa15338_000105.png.png,1,test_external_seen_family,community-forensics-eval,lcm-lora-ssd1b,test,test_external_seen_family,RAISE,LCM_lora_ssd1b,lcm-lora-ssd1b,LatDiff,family_seen,011bb98bc6a81335790bc8b69c8e5eaf247529db4ce62de2f8409b2766bf58fc,b28609493ca7f35b,20260828,7d4a74a88d2cac93b513c0853bf92c260eaceea0,data/CompEval-00196-of-00413.parquet,1,7,1024,1024,PNG,1476951
cf_test_external_seen_family_aigi_7f213ee4ef8375ba,test_external_seen_family/aigi/cf_test_external_seen_family_aigi_7f213ee4ef8375ba_000745.png.png,1,test_external_seen_family,community-forensics-eval,lcm-lora-sdv15,test,test_external_seen_family,RAISE,LCM_lora_sdv15,lcm-lora-sdv15,LatDiff,family_seen,ab00894212784290f30ffd88f5352a658e67997943483bdcbb78126f95579a37,c0c2c232db335f3d,20260828,7d4a74a88d2cac93b513c0853bf92c260eaceea0,data/CompEval-00358-of-00413.parquet,0,1,512,512,PNG,359136
cf_test_external_seen_family_aigi_7f429d26137ce6b2,test_external_seen_family/aigi/cf_test_external_seen_family_aigi_7f429d26137ce6b2_000226.png.png,1,test_external_seen_family,community-forensics-eval,lcm-lora-sdxl,test,test_external_seen_family,RAISE,LCM_lora_sdxl,lcm-lora-sdxl,LatDiff,family_seen,fd1af930e1a74b8cc63eee67fbffc13be671c79121b798fcf1e5fc68e95d9c94,a07d4b2b4cd570d5,20260828,7d4a74a88d2cac93b513c0853bf92c260eaceea0,data/CompEval-00056-of-00413.parquet,0,17,1024,1024,PNG,2137719
cf_test_external_seen_family_aigi_7fc87740d6bd31b5,test_external_seen_family/aigi/cf_test_external_seen_family_aigi_7fc87740d6bd31b5_000757.png.png,1,test_external_seen_family,community-forensics-eval,hourglass,test,test_external_seen_family,,Hourglass,hourglass,PixDiff,family_seen,c8257e1fd00a649063c21953de6ff0a6dd691e6b6612c1a3c8c3215fd56036f1,c03c37680fcb4e5d,20260828,7d4a74a88d2cac93b513c0853bf92c260eaceea0,data/CompEval-00081-of-00413.parquet,1,10,256,256,PNG,108422
cf_test_external_seen_family_aigi_7fec16aee70d6beb,test_external_seen_family/aigi/cf_test_external_seen_family_aigi_7fec16aee70d6beb_000698.png.png,1,test_external_seen_family,community-forensics-eval,galip,test,test_external_seen_family,RAISE,GALIP,galip,GAN,family_seen,4928438172178d1c7fec28ba0c21ba6968ba5888452e57827829a7d093775497,87b3f1c92ce69198,20260828,7d4a74a88d2cac93b513c0853bf92c260eaceea0,data/CompEval-00123-of-00413.parquet,3,24,224,224,PNG,90807
cf_test_external_seen_family_aigi_8010380cc8af4000,test_external_seen_family/aigi/cf_test_external_seen_family_aigi_8010380cc8af4000_000126.png.png,1,test_external_seen_family,community-forensics-eval,kvikontent-midjourney-v6,test,test_external_seen_family,RAISE,kvikontent_midjourney_v6,kvikontent-midjourney-v6,LatDiff,family_seen,b4b19603bcecb460cd3c4ba75c3d0d6d59a8987f13895a4e13a00956c4a2b58d,9b9b9b9a1aab2243,20260828,7d4a74a88d2cac93b513c0853bf92c260eaceea0,data/CompEval-00218-of-00413.parquet,1,9,512,512,PNG,520418
cf_test_external_seen_family_aigi_801dbc1fa8b833a5,test_external_seen_family/aigi/cf_test_external_seen_family_aigi_801dbc1fa8b833a5_000748.png.png,1,test_external_seen_family,community-forensics-eval,lcm-lora-sdv15,test,test_external_seen_family,RAISE,LCM_lora_sdv15,lcm-lora-sdv15,LatDiff,family_seen,c5c057c67ef234391d9e565dd53da1fc37a21a89390412fdc74a3317b25e8a6b,99cd8cc2c7676299,20260828,7d4a74a88d2cac93b513c0853bf92c260eaceea0,data/CompEval-00358-of-00413.parquet,2,1,512,512,PNG,424708
cf_test_external_seen_family_aigi_803c5edd50642fe1,test_external_seen_family/aigi/cf_test_external_seen_family_aigi_803c5edd50642fe1_000707.png.png,1,test_external_seen_family,community-forensics-eval,lcm-lora-ssd1b,test,test_external_seen_family,RAISE,LCM_lora_ssd1b,lcm-lora-ssd1b,LatDiff,family_seen,c6d3cef789488102fec59977288869a9d6cdf4877bf08e3c79f09432e5769179,fe40b84b906fd970,20260828,7d4a74a88d2cac93b513c0853bf92c260eaceea0,data/CompEval-00197-of-00413.parquet,4,4,1024,1024,PNG,1336013
cf_test_external_seen_family_aigi_8067dc9c357cdce8,test_external_seen_family/aigi/cf_test_external_seen_family_aigi_8067dc9c357cdce8_000958.png.png,1,test_external_seen_family,community-forensics-eval,lcm-lora-sdv15,test,test_external_seen_family,RAISE,LCM_lora_sdv15,lcm-lora-sdv15,LatDiff,family_seen,cfeaa2d36f68d94b04cd4c3008e1ced8a59b87f5072c90548248a32615566504,c1c15e6e0f2f2e2c,20260828,7d4a74a88d2cac93b513c0853bf92c260eaceea0,data/CompEval-00357-of-00413.parquet,4,4,512,512,PNG,357876
cf_test_external_seen_family_aigi_8078f165da3e06a9,test_external_seen_family/aigi/cf_test_external_seen_family_aigi_8078f165da3e06a9_000030.png.png,1,test_external_seen_family,community-forensics-eval,kandinsky-2-2,test,test_external_seen_family,RAISE,kandinsky_2_2,kandinsky-2-2,LatDiff,family_seen,ebc0ec6d4adda978fa345f5b67e8ca4d1addaef97e69cb8b17855a929eecf229,9d8343ce23b0fa4e,20260828,7d4a74a88d2cac93b513c0853bf92c260eaceea0,data/CompEval-00239-of-00413.parquet,0,21,768,768,PNG,693836
cf_test_external_seen_family_aigi_80ad9d921b58b2b4,test_external_seen_family/aigi/cf_test_external_seen_family_aigi_80ad9d921b58b2b4_000195.png.png,1,test_external_seen_family,community-forensics-eval,dfgan,test,test_external_seen_family,COCO,DFGAN,dfgan,GAN,family_seen,52ae126e24e951041360090b768f2b01c186a431e697192703520b005f6bba2e,e0d00f6dcc8774b6,20260828,7d4a74a88d2cac93b513c0853bf92c260eaceea0,data/CompEval-00003-of-00413.parquet,3,9,256,256,PNG,116880
cf_test_external_seen_family_aigi_80c3bd0beb7ae560,test_external_seen_family/aigi/cf_test_external_seen_family_aigi_80c3bd0beb7ae560_000158.png.png,1,test_external_seen_family,community-forensics-eval,lcm-lora-sdxl,test,test_external_seen_family,RAISE,LCM_lora_sdxl,lcm-lora-sdxl,LatDiff,family_seen,d9899ef9148b17f6efc955b4a593b0b1d82467ec0462a1747b234ae216c0e205,e915a24010bff5f3,20260828,7d4a74a88d2cac93b513c0853bf92c260eaceea0,data/CompEval-00058-of-00413.parquet,4,21,1024,1024,PNG,2093816
cf_test_external_seen_family_aigi_80fb4643b7f4d900,test_external_seen_family/aigi/cf_test_external_seen_family_aigi_80fb4643b7f4d900_000584.png.png,1,test_external_seen_family,community-forensics-eval,lcm-lora-ssd1b,test,test_external_seen_family,RAISE,LCM_lora_ssd1b,lcm-lora-ssd1b,LatDiff,family_seen,b8e28a980fc97cdd969c4ad113df71e4e1afa3d188912447b5e56bb62d41a9e2,f994a14ec0739f49,20260828,7d4a74a88d2cac93b513c0853bf92c260eaceea0,data/CompEval-00196-of-00413.parquet,2,22,1024,1024,PNG,1358870
cf_test_external_seen_family_aigi_80fbc1609d0978fb,test_external_seen_family/aigi/cf_test_external_seen_family_aigi_80fbc1609d0978fb_000326.png.png,1,test_external_seen_family,community-forensics-eval,hourglass,test,test_external_seen_family,FFHQ,Hourglass,hourglass,PixDiff,family_seen,25eb98e79e7c786e05034e3661a0706053dd83e630796daa87503d82dd2909ca,e96b8499303dc69e,20260828,7d4a74a88d2cac93b513c0853bf92c260eaceea0,data/CompEval-00273-of-00413.parquet,3,10,1024,1024,PNG,1132089
cf_test_external_seen_family_aigi_813184abdce5fcc0,test_external_seen_family/aigi/cf_test_external_seen_family_aigi_813184abdce5fcc0_000539.png.png,1,test_external_seen_family,community-forensics-eval,decidiffusionv2,test,test_external_seen_family,RAISE,DeciDiffusionV2,decidiffusionv2,LatDiff,family_seen,719f4463ac7c29890f3b726a7de73abdddcbffe0a4874aff5215be83e6c5de43,f9e945c626903dd8,20260828,7d4a74a88d2cac93b513c0853bf92c260eaceea0,data/CompEval-00310-of-00413.parquet,3,10,512,512,PNG,530179
cf_test_external_seen_family_aigi_81d091d6a0698aac,test_external_seen_family/aigi/cf_test_external_seen_family_aigi_81d091d6a0698aac_000519.png.png,1,test_external_seen_family,community-forensics-eval,decidiffusionv2,test,test_external_seen_family,RAISE,DeciDiffusionV2,decidiffusionv2,LatDiff,family_seen,f631d6fb4cc98af25fa7de72244f33fa171769e19d7f00dc9735fc75b8147ab8,848e1b5b6cec1b1b,20260828,7d4a74a88d2cac93b513c0853bf92c260eaceea0,data/CompEval-00317-of-00413.parquet,4,7,512,512,PNG,430618
cf_test_external_seen_family_aigi_824c2cda146bdd0d,test_external_seen_family/aigi/cf_test_external_seen_family_aigi_824c2cda146bdd0d_000592.png.png,1,test_external_seen_family,community-forensics-eval,kandinsky-2-2,test,test_external_seen_family,RAISE,kandinsky_2_2,kandinsky-2-2,LatDiff,family_seen,d4f0d55ba5908993e9324434c44798751939cfb2e55cc9ceececcec9437a61ce,902b4fc4d336cb2d,20260828,7d4a74a88d2cac93b513c0853bf92c260eaceea0,data/CompEval-00245-of-00413.parquet,0,11,768,768,PNG,720753
cf_test_external_seen_family_aigi_826821360e2e2de9,test_external_seen_family/aigi/cf_test_external_seen_family_aigi_826821360e2e2de9_000236.png.png,1,test_external_seen_family,community-forensics-eval,kandinsky-2-2,test,test_external_seen_family,RAISE,kandinsky_2_2,kandinsky-2-2,LatDiff,family_seen,6fe29b169abafed1c1d7c21362a1aa73c715b6c3fc5d8bd7f04d0c3827a16239,d6fd2d4250cd0fe0,20260828,7d4a74a88d2cac93b513c0853bf92c260eaceea0,data/CompEval-00242-of-00413.parquet,3,20,768,768,PNG,808403
cf_test_external_seen_family_aigi_84b658a74dc7e432,test_external_seen_family/aigi/cf_test_external_seen_family_aigi_84b658a74dc7e432_000604.png.png,1,test_external_seen_family,community-forensics-eval,dfgan,test,test_external_seen_family,COCO,DFGAN,dfgan,GAN,family_seen,498ca1803cba46705fd3d357b7fafdf20340da6796fc6071959dd15bf736ac30,f7c7d19892926b82,20260828,7d4a74a88d2cac93b513c0853bf92c260eaceea0,data/CompEval-00004-of-00413.parquet,4,21,256,256,PNG,141250
cf_test_external_seen_family_aigi_84bebaa682b9248d,test_external_seen_family/aigi/cf_test_external_seen_family_aigi_84bebaa682b9248d_000509.png.png,1,test_external_seen_family,community-forensics-eval,kvikontent-midjourney-v6,test,test_external_seen_family,RAISE,kvikontent_midjourney_v6,kvikontent-midjourney-v6,LatDiff,family_seen,0faa7706a6abd1955307e0a822426b7a9627892eaf56910028bc7c939efedd06,ed5aa2aad10dda34,20260828,7d4a74a88d2cac93b513c0853bf92c260eaceea0,data/CompEval-00216-of-00413.parquet,1,23,512,512,PNG,578074
cf_test_external_seen_family_aigi_84e9201cdd5f1a80,test_external_seen_family/aigi/cf_test_external_seen_family_aigi_84e9201cdd5f1a80_000942.png.png,1,test_external_seen_family,community-forensics-eval,lcm-lora-ssd1b,test,test_external_seen_family,RAISE,LCM_lora_ssd1b,lcm-lora-ssd1b,LatDiff,family_seen,15283d6e4c0d1405688bb51ade178ca9b510b5f4411465e2b11ca165dad91b8e,f269c1a2c6f2c2ce,20260828,7d4a74a88d2cac93b513c0853bf92c260eaceea0,data/CompEval-00196-of-00413.parquet,3,17,1024,1024,PNG,1721156
cf_test_external_seen_family_aigi_850b4b97f334fc18,test_external_seen_family/aigi/cf_test_external_seen_family_aigi_850b4b97f334fc18_000606.png.png,1,test_external_seen_family,community-forensics-eval,lcm-lora-ssd1b,test,test_external_seen_family,RAISE,LCM_lora_ssd1b,lcm-lora-ssd1b,LatDiff,family_seen,970ec39ccafc6760b0e3deeb6d37371c25a650a6e6b81fb42333a8cff29587b2,b90ee6c491e1e07e,20260828,7d4a74a88d2cac93b513c0853bf92c260eaceea0,data/CompEval-00197-of-00413.parquet,3,20,1024,1024,PNG,1547655
cf_test_external_seen_family_aigi_850f6bd37edeeb93,test_external_seen_family/aigi/cf_test_external_seen_family_aigi_850f6bd37edeeb93_000136.png.png,1,test_external_seen_family,community-forensics-eval,lcm-lora-ssd1b,test,test_external_seen_family,RAISE,LCM_lora_ssd1b,lcm-lora-ssd1b,LatDiff,family_seen,d80c2cdbccbe62d27065bab12d2c33dabd75eca64a1429ab8a8cdb59cd81e2a9,f3b4cb0ce917da04,20260828,7d4a74a88d2cac93b513c0853bf92c260eaceea0,data/CompEval-00194-of-00413.parquet,0,3,1024,1024,PNG,1642251
cf_test_external_seen_family_aigi_8538bbfcf16d2577,test_external_seen_family/aigi/cf_test_external_seen_family_aigi_8538bbfcf16d2577_000107.png.png,1,test_external_seen_family,community-forensics-eval,decidiffusionv2,test,test_external_seen_family,RAISE,DeciDiffusionV2,decidiffusionv2,LatDiff,family_seen,616ed8019e5ee91dbd8a989fd7c45832872dca290bb271c0ab407727ae8fb31c,bfd2e00f61181ea7,20260828,7d4a74a88d2cac93b513c0853bf92c260eaceea0,data/CompEval-00316-of-00413.parquet,2,14,512,512,PNG,399357
cf_test_external_seen_family_aigi_854e096d173afcdc,test_external_seen_family/aigi/cf_test_external_seen_family_aigi_854e096d173afcdc_000572.png.png,1,test_external_seen_family,community-forensics-eval,decidiffusionv2,test,test_external_seen_family,RAISE,DeciDiffusionV2,decidiffusionv2,LatDiff,family_seen,01d404a792117ece29f7a0dbdba56e48a32607d5ab8a2131afbe82ceb908d169,f1a98e433a3c6b91,20260828,7d4a74a88d2cac93b513c0853bf92c260eaceea0,data/CompEval-00312-of-00413.parquet,4,17,512,512,PNG,416488
cf_test_external_seen_family_aigi_8557d5e652264abd,test_external_seen_family/aigi/cf_test_external_seen_family_aigi_8557d5e652264abd_000939.png.png,1,test_external_seen_family,community-forensics-eval,lcm-lora-sdv15,test,test_external_seen_family,RAISE,LCM_lora_sdv15,lcm-lora-sdv15,LatDiff,family_seen,00d0f14933cb693355b66a59ced3dca931957c12ffeb3ca5ab8d43005fd7dc47,bce1434efc884c7c,20260828,7d4a74a88d2cac93b513c0853bf92c260eaceea0,data/CompEval-00358-of-00413.parquet,1,4,512,512,PNG,364173
cf_test_external_seen_family_aigi_855c974abdbe738a,test_external_seen_family/aigi/cf_test_external_seen_family_aigi_855c974abdbe738a_000657.png.png,1,test_external_seen_family,community-forensics-eval,lcm-lora-ssd1b,test,test_external_seen_family,RAISE,LCM_lora_ssd1b,lcm-lora-ssd1b,LatDiff,family_seen,644d6477bf633b2dccac7de6b20946a6dc26982db905af46c6e847d625b88f08,c4dca1cd3b703738,20260828,7d4a74a88d2cac93b513c0853bf92c260eaceea0,data/CompEval-00191-of-00413.parquet,4,18,1024,1024,PNG,2130112
cf_test_external_seen_family_aigi_85b97ca2808589d9,test_external_seen_family/aigi/cf_test_external_seen_family_aigi_85b97ca2808589d9_000581.png.png,1,test_external_seen_family,community-forensics-eval,lcm-lora-sdv15,test,test_external_seen_family,RAISE,LCM_lora_sdv15,lcm-lora-sdv15,LatDiff,family_seen,6832c0561d8f8a5f76d2926877d0dc17128b6b8c370e2c3415e9d8fe2a269f88,b83ee087c7e0383e,20260828,7d4a74a88d2cac93b513c0853bf92c260eaceea0,data/CompEval-00360-of-00413.parquet,0,15,512,512,PNG,271117
cf_test_external_seen_family_aigi_85f552c3f4fd0432,test_external_seen_family/aigi/cf_test_external_seen_family_aigi_85f552c3f4fd0432_000134.png.png,1,test_external_seen_family,community-forensics-eval,lcm-lora-sdv15,test,test_external_seen_family,RAISE,LCM_lora_sdv15,lcm-lora-sdv15,LatDiff,family_seen,c3aa4fdb8ff24844b7483da64151bee3acca188de80f5538a1a02139f06483c8,c89c939b30f29d4b,20260828,7d4a74a88d2cac93b513c0853bf92c260eaceea0,data/CompEval-00358-of-00413.parquet,1,8,512,512,PNG,348089
cf_test_external_seen_family_aigi_85ff5951c149ca7b,test_external_seen_family/aigi/cf_test_external_seen_family_aigi_85ff5951c149ca7b_000884.png.png,1,test_external_seen_family,community-forensics-eval,dfgan,test,test_external_seen_family,COCO,DFGAN,dfgan,GAN,family_seen,e1b8833cb1738e13bea03b011c92d2249bd1f5094cd86f8a095691ce41f387e1,861c66e047deed2c,20260828,7d4a74a88d2cac93b513c0853bf92c260eaceea0,data/CompEval-00002-of-00413.parquet,0,4,256,256,PNG,124958
cf_test_external_seen_family_aigi_86c659d1a084bd07,test_external_seen_family/aigi/cf_test_external_seen_family_aigi_86c659d1a084bd07_000527.png.png,1,test_external_seen_family,community-forensics-eval,lcm-lora-ssd1b,test,test_external_seen_family,RAISE,LCM_lora_ssd1b,lcm-lora-ssd1b,LatDiff,family_seen,37975b0e4277584ce897c61e8f4a4ee87d23160a37fd77dade9c1fa122fc613e,b7a6d059291698f9,20260828,7d4a74a88d2cac93b513c0853bf92c260eaceea0,data/CompEval-00194-of-00413.parquet,4,9,1024,1024,PNG,1337041
cf_test_external_seen_family_aigi_86edd390e196df1b,test_external_seen_family/aigi/cf_test_external_seen_family_aigi_86edd390e196df1b_000328.png.png,1,test_external_seen_family,community-forensics-eval,lcm-lora-sdxl,test,test_external_seen_family,RAISE,LCM_lora_sdxl,lcm-lora-sdxl,LatDiff,family_seen,31a3ea30c4a2f598b8c58509abc30d0e3700b89168c20337202edab280636624,b9f944c62e38f8e0,20260828,7d4a74a88d2cac93b513c0853bf92c260eaceea0,data/CompEval-00057-of-00413.parquet,1,15,1024,1024,PNG,1238697
cf_test_external_seen_family_aigi_86fda63c52183dd3,test_external_seen_family/aigi/cf_test_external_seen_family_aigi_86fda63c52183dd3_000690.png.png,1,test_external_seen_family,community-forensics-eval,lcm-lora-sdv15,test,test_external_seen_family,RAISE,LCM_lora_sdv15,lcm-lora-sdv15,LatDiff,family_seen,5ee9a74121904f7410e79bc6f884172a8ad51ef5a69a4044a5042093cb10957c,9de22799663d5823,20260828,7d4a74a88d2cac93b513c0853bf92c260eaceea0,data/CompEval-00357-of-00413.parquet,4,19,512,512,PNG,298773
cf_test_external_seen_family_aigi_87b07c94aef77d1c,test_external_seen_family/aigi/cf_test_external_seen_family_aigi_87b07c94aef77d1c_000369.png.png,1,test_external_seen_family,community-forensics-eval,decidiffusionv2,test,test_external_seen_family,RAISE,DeciDiffusionV2,decidiffusionv2,LatDiff,family_seen,01476b23354d79e57923480e166fc5ab65718beae52c2be820efd689761c497e,950cb628c72bf857,20260828,7d4a74a88d2cac93b513c0853bf92c260eaceea0,data/CompEval-00317-of-00413.parquet,1,18,512,512,PNG,502375
cf_test_external_seen_family_aigi_8817c9a2586ec141,test_external_seen_family/aigi/cf_test_external_seen_family_aigi_8817c9a2586ec141_000818.png.png,1,test_external_seen_family,community-forensics-eval,lcm-lora-sdv15,test,test_external_seen_family,RAISE,LCM_lora_sdv15,lcm-lora-sdv15,LatDiff,family_seen,14f9034947d53fa6ac1e37ca988c6ab0cb6527afbfe7fd2a181441a9fb009853,c5ecfc1240783dcd,20260828,7d4a74a88d2cac93b513c0853bf92c260eaceea0,data/CompEval-00361-of-00413.parquet,4,10,512,512,PNG,353446
cf_test_external_seen_family_aigi_88bea7ea611c69db,test_external_seen_family/aigi/cf_test_external_seen_family_aigi_88bea7ea611c69db_000832.png.png,1,test_external_seen_family,community-forensics-eval,kvikontent-midjourney-v6,test,test_external_seen_family,RAISE,kvikontent_midjourney_v6,kvikontent-midjourney-v6,LatDiff,family_seen,d7eae020cbc252e000f57ecde1526e58d6e2477eb0ed715bb19ce3118b55adb8,d3f39c25d2a5611c,20260828,7d4a74a88d2cac93b513c0853bf92c260eaceea0,data/CompEval-00091-of-00413.parquet,4,23,512,512,PNG,622227
cf_test_external_seen_family_aigi_88fe326a9a9b7044,test_external_seen_family/aigi/cf_test_external_seen_family_aigi_88fe326a9a9b7044_000352.png.png,1,test_external_seen_family,community-forensics-eval,lcm-lora-sdxl,test,test_external_seen_family,RAISE,LCM_lora_sdxl,lcm-lora-sdxl,LatDiff,family_seen,89fd2b76277deb4ea58421068170673c2a009dee5ce2adc6684ca716ff97f301,93529afb169e8954,20260828,7d4a74a88d2cac93b513c0853bf92c260eaceea0,data/CompEval-00056-of-00413.parquet,1,18,1024,1024,PNG,1896753
cf_test_external_seen_family_aigi_892296934e76bbf8,test_external_seen_family/aigi/cf_test_external_seen_family_aigi_892296934e76bbf8_000354.png.png,1,test_external_seen_family,community-forensics-eval,hourglass,test,test_external_seen_family,,Hourglass,hourglass,PixDiff,family_seen,2c99d6580c0f552c4c6f1f4ceaf6e1f37f5c45047bcb0dade3cbf63be7096eae,c73ee94306967949,20260828,7d4a74a88d2cac93b513c0853bf92c260eaceea0,data/CompEval-00153-of-00413.parquet,4,9,256,256,PNG,118617
cf_test_external_seen_family_aigi_894a3f7792f79a3f,test_external_seen_family/aigi/cf_test_external_seen_family_aigi_894a3f7792f79a3f_000217.png.png,1,test_external_seen_family,community-forensics-eval,kandinsky-2-2,test,test_external_seen_family,RAISE,kandinsky_2_2,kandinsky-2-2,LatDiff,family_seen,40b572ccea30f3909ff1a3e9d306b2eaaac275de86a1d2a2b0c9185cf2936463,a5b2d29789685dcc,20260828,7d4a74a88d2cac93b513c0853bf92c260eaceea0,data/CompEval-00242-of-00413.parquet,4,5,768,768,PNG,823719
cf_test_external_seen_family_aigi_895960178827fb30,test_external_seen_family/aigi/cf_test_external_seen_family_aigi_895960178827fb30_000709.png.png,1,test_external_seen_family,community-forensics-eval,dfgan,test,test_external_seen_family,COCO,DFGAN,dfgan,GAN,family_seen,a5714ee10bdfc4a6e95ad2507b861cab73a89ad2a43f77bde38117805c7cd033,9ebf047c863cbc03,20260828,7d4a74a88d2cac93b513c0853bf92c260eaceea0,data/CompEval-00002-of-00413.parquet,2,12,256,256,PNG,147173
cf_test_external_seen_family_aigi_89914d9378bbf378,test_external_seen_family/aigi/cf_test_external_seen_family_aigi_89914d9378bbf378_000106.png.png,1,test_external_seen_family,community-forensics-eval,lcm-lora-sdxl,test,test_external_seen_family,RAISE,LCM_lora_sdxl,lcm-lora-sdxl,LatDiff,family_seen,d8a830bafb8b26a0a5f9b1c9d63e3900cb11b18b8fb1244bd3f65fae47926668,e6d3d98c4996e948,20260828,7d4a74a88d2cac93b513c0853bf92c260eaceea0,data/CompEval-00056-of-00413.parquet,4,17,1024,1024,PNG,1661646
cf_test_external_seen_family_aigi_89aca235fa78c33c,test_external_seen_family/aigi/cf_test_external_seen_family_aigi_89aca235fa78c33c_000813.png.png,1,test_external_seen_family,community-forensics-eval,dfgan,test,test_external_seen_family,COCO,DFGAN,dfgan,GAN,family_seen,10a36a01e7947d244e808cba327c27c619c096a4353e6aed0c497139415d3781,ecdde86324c03de8,20260828,7d4a74a88d2cac93b513c0853bf92c260eaceea0,data/CompEval-00004-of-00413.parquet,0,0,256,256,PNG,114595
cf_test_external_seen_family_aigi_8a6a2c4b99118f51,test_external_seen_family/aigi/cf_test_external_seen_family_aigi_8a6a2c4b99118f51_000391.png.png,1,test_external_seen_family,community-forensics-eval,dfgan,test,test_external_seen_family,COCO,DFGAN,dfgan,GAN,family_seen,b1cd143bf996b93f1fe33bce31947a25b7f55c32c6f6064534e2e3091b4d0f1f,a7a1e5d60e0a2fd1,20260828,7d4a74a88d2cac93b513c0853bf92c260eaceea0,data/CompEval-00001-of-00413.parquet,1,13,256,256,PNG,117556
cf_test_external_seen_family_aigi_8b1646d2fe35b212,test_external_seen_family/aigi/cf_test_external_seen_family_aigi_8b1646d2fe35b212_000336.png.png,1,test_external_seen_family,community-forensics-eval,dfgan,test,test_external_seen_family,COCO,DFGAN,dfgan,GAN,family_seen,33c5ba8be350f66a03a45d500f79c1f9ca9b4b54034151b2465f28096347b1db,ef6bc38498423337,20260828,7d4a74a88d2cac93b513c0853bf92c260eaceea0,data/CompEval-00007-of-00413.parquet,0,24,256,256,PNG,143958
cf_test_external_seen_family_aigi_8b3e854e1e1b1f6e,test_external_seen_family/aigi/cf_test_external_seen_family_aigi_8b3e854e1e1b1f6e_000054.png.png,1,test_external_seen_family,community-forensics-eval,hourglass,test,test_external_seen_family,FFHQ,Hourglass,hourglass,PixDiff,family_seen,4a6eab2cc6aca220604c70f1b57fcf29456a2ca9667baab12cc9bef97f634a43,9f2494d2d65da42d,20260828,7d4a74a88d2cac93b513c0853bf92c260eaceea0,data/CompEval-00274-of-00413.parquet,2,1,1024,1024,PNG,1139732
cf_test_external_seen_family_aigi_8b9c70cfc4c2f9f7,test_external_seen_family/aigi/cf_test_external_seen_family_aigi_8b9c70cfc4c2f9f7_000298.png.png,1,test_external_seen_family,community-forensics-eval,galip,test,test_external_seen_family,RAISE,GALIP,galip,GAN,family_seen,0a5e8789143a7f7701779f917d0b164abace76a1569c5f1e56a76f6ae58df045,f333cc8c4ccc8eb2,20260828,7d4a74a88d2cac93b513c0853bf92c260eaceea0,data/CompEval-00120-of-00413.parquet,0,15,224,224,PNG,61490
cf_test_external_seen_family_aigi_8ba41da8b0219aa8,test_external_seen_family/aigi/cf_test_external_seen_family_aigi_8ba41da8b0219aa8_000291.png.png,1,test_external_seen_family,community-forensics-eval,hourglass,test,test_external_seen_family,,Hourglass,hourglass,PixDiff,family_seen,1c4d883af3aeec61b8a466436400a267c9854c8bbef56e4c482c380a27f430f3,95b4c4c9cd74333a,20260828,7d4a74a88d2cac93b513c0853bf92c260eaceea0,data/CompEval-00087-of-00413.parquet,3,24,256,256,PNG,72101
cf_test_external_seen_family_aigi_8be2d15e62786fc0,test_external_seen_family/aigi/cf_test_external_seen_family_aigi_8be2d15e62786fc0_000171.png.png,1,test_external_seen_family,community-forensics-eval,kvikontent-midjourney-v6,test,test_external_seen_family,RAISE,kvikontent_midjourney_v6,kvikontent-midjourney-v6,LatDiff,family_seen,cd08aa340f553f9db5b74af19022c4e513b52045bf3616c31e168de4ddaf4da3,a0d55f40d7c0d5d5,20260828,7d4a74a88d2cac93b513c0853bf92c260eaceea0,data/CompEval-00216-of-00413.parquet,2,6,512,512,PNG,474609
cf_test_external_seen_family_aigi_8c80494fb2c20e85,test_external_seen_family/aigi/cf_test_external_seen_family_aigi_8c80494fb2c20e85_000651.png.png,1,test_external_seen_family,community-forensics-eval,lcm-lora-ssd1b,test,test_external_seen_family,RAISE,LCM_lora_ssd1b,lcm-lora-ssd1b,LatDiff,family_seen,9eace59fc85ce12e847c5945f87659a68a1672b489ab7d00c1e80290a18f4abb,8529567a659aed94,20260828,7d4a74a88d2cac93b513c0853bf92c260eaceea0,data/CompEval-00192-of-00413.parquet,0,2,1024,1024,PNG,1644746
cf_test_external_seen_family_aigi_8c8b916146825452,test_external_seen_family/aigi/cf_test_external_seen_family_aigi_8c8b916146825452_000319.png.png,1,test_external_seen_family,community-forensics-eval,kandinsky-2-2,test,test_external_seen_family,RAISE,kandinsky_2_2,kandinsky-2-2,LatDiff,family_seen,41c816d619b132aa7f319123948bdca605f09049e1eb6719d3c6c3c11a71dd32,9585878a6a3e0fb3,20260828,7d4a74a88d2cac93b513c0853bf92c260eaceea0,data/CompEval-00240-of-00413.parquet,4,18,768,768,PNG,918188
cf_test_external_seen_family_aigi_8cc1faa5c47bd629,test_external_seen_family/aigi/cf_test_external_seen_family_aigi_8cc1faa5c47bd629_000318.png.png,1,test_external_seen_family,community-forensics-eval,hourglass,test,test_external_seen_family,FFHQ,Hourglass,hourglass,PixDiff,family_seen,6398100630967f38126601774a072450e2287b39d5499c06efca3f417e8eb3c6,ea94e85283b9c2dd,20260828,7d4a74a88d2cac93b513c0853bf92c260eaceea0,data/CompEval-00272-of-00413.parquet,2,17,1024,1024,PNG,1234601
cf_test_external_seen_family_aigi_8d4ea71ebbb38e38,test_external_seen_family/aigi/cf_test_external_seen_family_aigi_8d4ea71ebbb38e38_000966.png.png,1,test_external_seen_family,community-forensics-eval,galip,test,test_external_seen_family,RAISE,GALIP,galip,GAN,family_seen,90f9d0e6aa2064f20269dd29b19cbd58f4b3faa4c6ba407ae8fee26d74aaa7d9,d1d63749de3a5848,20260828,7d4a74a88d2cac93b513c0853bf92c260eaceea0,data/CompEval-00046-of-00413.parquet,1,1,224,224,PNG,61567
cf_test_external_seen_family_aigi_8db94641e31cd6db,test_external_seen_family/aigi/cf_test_external_seen_family_aigi_8db94641e31cd6db_000697.png.png,1,test_external_seen_family,community-forensics-eval,dfgan,test,test_external_seen_family,COCO,DFGAN,dfgan,GAN,family_seen,9a6666a08b9f50ed2bc0de6dc45034742120c138034046dc16d0c6983bbc190c,e8e89d1b12f0dbc8,20260828,7d4a74a88d2cac93b513c0853bf92c260eaceea0,data/CompEval-00007-of-00413.parquet,3,19,256,256,PNG,109060
cf_test_external_seen_family_aigi_8dccfeda6a57cd8e,test_external_seen_family/aigi/cf_test_external_seen_family_aigi_8dccfeda6a57cd8e_000638.png.png,1,test_external_seen_family,community-forensics-eval,dfgan,test,test_external_seen_family,COCO,DFGAN,dfgan,GAN,family_seen,9d6d460876de952a7752fb8fdfb250087d217ed779b29cc818bb9d572d78b709,e0e3cfe4e48c1317,20260828,7d4a74a88d2cac93b513c0853bf92c260eaceea0,data/CompEval-00007-of-00413.parquet,4,20,256,256,PNG,141843
cf_test_external_seen_family_aigi_8dd99aa3ae038647,test_external_seen_family/aigi/cf_test_external_seen_family_aigi_8dd99aa3ae038647_000796.png.png,1,test_external_seen_family,community-forensics-eval,kvikontent-midjourney-v6,test,test_external_seen_family,RAISE,kvikontent_midjourney_v6,kvikontent-midjourney-v6,LatDiff,family_seen,63a7edd59b5441b35924c56fc9aa3b68c0c03b9bf5485f56233e441ee30b8338,d5bb84bb684a4d70,20260828,7d4a74a88d2cac93b513c0853bf92c260eaceea0,data/CompEval-00218-of-00413.parquet,3,14,512,512,PNG,534094
cf_test_external_seen_family_aigi_8dfbe8cf311b5829,test_external_seen_family/aigi/cf_test_external_seen_family_aigi_8dfbe8cf311b5829_000187.png.png,1,test_external_seen_family,community-forensics-eval,hourglass,test,test_external_seen_family,FFHQ,Hourglass,hourglass,PixDiff,family_seen,9d6a784e5ef0c062c76bcbff095283674f55675bba3b8982681f56c23e07775a,8db65291a9c9c7c6,20260828,7d4a74a88d2cac93b513c0853bf92c260eaceea0,data/CompEval-00105-of-00413.parquet,0,10,1024,1024,PNG,1089016
cf_test_external_seen_family_aigi_8e233a858e32a74e,test_external_seen_family/aigi/cf_test_external_seen_family_aigi_8e233a858e32a74e_000641.png.png,1,test_external_seen_family,community-forensics-eval,lcm-lora-ssd1b,test,test_external_seen_family,RAISE,LCM_lora_ssd1b,lcm-lora-ssd1b,LatDiff,family_seen,67c90e919dcd1a4dc806bd6f1e530ccd8cab0af898cb17b806b659c4d4c5b18a,845da8dfc0a32c7b,20260828,7d4a74a88d2cac93b513c0853bf92c260eaceea0,data/CompEval-00195-of-00413.parquet,3,1,1024,1024,PNG,1520676
cf_test_external_seen_family_aigi_8e62296279128e3c,test_external_seen_family/aigi/cf_test_external_seen_family_aigi_8e62296279128e3c_000214.png.png,1,test_external_seen_family,community-forensics-eval,lcm-lora-ssd1b,test,test_external_seen_family,RAISE,LCM_lora_ssd1b,lcm-lora-ssd1b,LatDiff,family_seen,f9122433031346a2ffb59164e9b5f00adf43b86cd231c293e601b624ba4f4b8b,ecb6965b59e50246,20260828,7d4a74a88d2cac93b513c0853bf92c260eaceea0,data/CompEval-00198-of-00413.parquet,0,19,1024,1024,PNG,1634297
cf_test_external_seen_family_aigi_8ed55355cde75201,test_external_seen_family/aigi/cf_test_external_seen_family_aigi_8ed55355cde75201_000423.png.png,1,test_external_seen_family,community-forensics-eval,kandinsky-2-2,test,test_external_seen_family,RAISE,kandinsky_2_2,kandinsky-2-2,LatDiff,family_seen,3701e02c37f6837fa345bcc65c788ddd1e384a254d3190b923a0287763473cb2,c49346780f2b3cf9,20260828,7d4a74a88d2cac93b513c0853bf92c260eaceea0,data/CompEval-00167-of-00413.parquet,1,5,768,768,PNG,973245
cf_test_external_seen_family_aigi_8fa1a58d8d3f186b,test_external_seen_family/aigi/cf_test_external_seen_family_aigi_8fa1a58d8d3f186b_000012.png.png,1,test_external_seen_family,community-forensics-eval,lcm-lora-sdxl,test,test_external_seen_family,RAISE,LCM_lora_sdxl,lcm-lora-sdxl,LatDiff,family_seen,bede7586f215e3c0a1be9c7356325e6f695ef4aaa0e1baf4ef2b30d2c74ab21e,d79ec12540e89fd2,20260828,7d4a74a88d2cac93b513c0853bf92c260eaceea0,data/CompEval-00055-of-00413.parquet,4,15,1024,1024,PNG,1546715
cf_test_external_seen_family_aigi_8fabfee6b2e45a40,test_external_seen_family/aigi/cf_test_external_seen_family_aigi_8fabfee6b2e45a40_000509.png.png,1,test_external_seen_family,community-forensics-eval,galip,test,test_external_seen_family,RAISE,GALIP,galip,GAN,family_seen,2c185ed5a76830895b4c78cf0a5a3eb20aa50b633011dd48a635dcec705c26f5,ad36c45a2dc9f0b4,20260828,7d4a74a88d2cac93b513c0853bf92c260eaceea0,data/CompEval-00124-of-00413.parquet,4,14,224,224,PNG,114432
cf_test_external_seen_family_aigi_8fca129de8c3a042,test_external_seen_family/aigi/cf_test_external_seen_family_aigi_8fca129de8c3a042_000365.png.png,1,test_external_seen_family,community-forensics-eval,galip,test,test_external_seen_family,RAISE,GALIP,galip,GAN,family_seen,a0d8dd8aff4d240c010927d8674ebb99b8b0b46f8c198dc645c1bc9c924ea849,b1d31c146f9633e1,20260828,7d4a74a88d2cac93b513c0853bf92c260eaceea0,data/CompEval-00122-of-00413.parquet,3,5,224,224,PNG,94924
cf_test_external_seen_family_aigi_909fe921e5ebba38,test_external_seen_family/aigi/cf_test_external_seen_family_aigi_909fe921e5ebba38_000016.png.png,1,test_external_seen_family,community-forensics-eval,decidiffusionv2,test,test_external_seen_family,RAISE,DeciDiffusionV2,decidiffusionv2,LatDiff,family_seen,454f0f2a9d81f154a50d696b2640574a9e772f8aba733d1d3a2e8ada06041157,d4d2b592273cc969,20260828,7d4a74a88d2cac93b513c0853bf92c260eaceea0,data/CompEval-00318-of-00413.parquet,4,0,512,512,PNG,511357
cf_test_external_seen_family_aigi_90cf0ab5e1d5434c,test_external_seen_family/aigi/cf_test_external_seen_family_aigi_90cf0ab5e1d5434c_000300.png.png,1,test_external_seen_family,community-forensics-eval,kvikontent-midjourney-v6,test,test_external_seen_family,RAISE,kvikontent_midjourney_v6,kvikontent-midjourney-v6,LatDiff,family_seen,c357b19e182679f3b3188e43df7ecaf2cd3fc66751b9976909737e5d74ec1ff0,c1e84e73e2c46637,20260828,7d4a74a88d2cac93b513c0853bf92c260eaceea0,data/CompEval-00091-of-00413.parquet,4,19,512,512,PNG,439046
cf_test_external_seen_family_aigi_9110bdbfaaf911a8,test_external_seen_family/aigi/cf_test_external_seen_family_aigi_9110bdbfaaf911a8_000255.png.png,1,test_external_seen_family,community-forensics-eval,decidiffusionv2,test,test_external_seen_family,RAISE,DeciDiffusionV2,decidiffusionv2,LatDiff,family_seen,3d63db5181a61a465b994d1444d2c35e112b6bc85730eae6100ae72edaf2e280,8aaa7d92638437d3,20260828,7d4a74a88d2cac93b513c0853bf92c260eaceea0,data/CompEval-00312-of-00413.parquet,2,4,512,512,PNG,485405
cf_test_external_seen_family_aigi_9192afa55d6ee797,test_external_seen_family/aigi/cf_test_external_seen_family_aigi_9192afa55d6ee797_000008.png.png,1,test_external_seen_family,community-forensics-eval,lcm-lora-sdv15,test,test_external_seen_family,RAISE,LCM_lora_sdv15,lcm-lora-sdv15,LatDiff,family_seen,d083a7d97825ec03a8253f551f093b520b31035ad2276e0bf0d2df2ca1550511,8c48846e9e3ed63b,20260828,7d4a74a88d2cac93b513c0853bf92c260eaceea0,data/CompEval-00113-of-00413.parquet,1,24,512,512,PNG,396379
cf_test_external_seen_family_aigi_92c31a4c785c4df0,test_external_seen_family/aigi/cf_test_external_seen_family_aigi_92c31a4c785c4df0_000192.png.png,1,test_external_seen_family,community-forensics-eval,dfgan,test,test_external_seen_family,COCO,DFGAN,dfgan,GAN,family_seen,934b3de66114ed6948852c6eaa73a2d61cb4da16f6905b05924472acd4c06138,997ba766843095bc,20260828,7d4a74a88d2cac93b513c0853bf92c260eaceea0,data/CompEval-00005-of-00413.parquet,4,7,256,256,PNG,109050
cf_test_external_seen_family_aigi_931c68d27a5b6916,test_external_seen_family/aigi/cf_test_external_seen_family_aigi_931c68d27a5b6916_000766.png.png,1,test_external_seen_family,community-forensics-eval,lcm-lora-sdxl,test,test_external_seen_family,RAISE,LCM_lora_sdxl,lcm-lora-sdxl,LatDiff,family_seen,ead1565b203a4394b77f8d53fe5729df89cdd8172356a98ce28f916b644f4988,82a9693ff612c8cb,20260828,7d4a74a88d2cac93b513c0853bf92c260eaceea0,data/CompEval-00059-of-00413.parquet,0,21,1024,1024,PNG,1046012
cf_test_external_seen_family_aigi_944c984889117ede,test_external_seen_family/aigi/cf_test_external_seen_family_aigi_944c984889117ede_000475.png.png,1,test_external_seen_family,community-forensics-eval,dfgan,test,test_external_seen_family,COCO,DFGAN,dfgan,GAN,family_seen,d8faf65eafa1b606a979cd5b15cf8ecdc75f7e6fbf5a55c2e2de28f201541592,e4eded24525a998c,20260828,7d4a74a88d2cac93b513c0853bf92c260eaceea0,data/CompEval-00006-of-00413.parquet,4,9,256,256,PNG,109099
cf_test_external_seen_family_aigi_9485e01de8956b2f,test_external_seen_family/aigi/cf_test_external_seen_family_aigi_9485e01de8956b2f_000659.png.png,1,test_external_seen_family,community-forensics-eval,decidiffusionv2,test,test_external_seen_family,RAISE,DeciDiffusionV2,decidiffusionv2,LatDiff,family_seen,2214048a39efac4de61d16bba0a2cbd280470ef8c7fc06b71832b3126c676961,ffff9cd040400c3d,20260828,7d4a74a88d2cac93b513c0853bf92c260eaceea0,data/CompEval-00318-of-00413.parquet,4,22,512,512,PNG,471396
cf_test_external_seen_family_aigi_94aed6e2f400dd92,test_external_seen_family/aigi/cf_test_external_seen_family_aigi_94aed6e2f400dd92_000104.png.png,1,test_external_seen_family,community-forensics-eval,lcm-lora-ssd1b,test,test_external_seen_family,RAISE,LCM_lora_ssd1b,lcm-lora-ssd1b,LatDiff,family_seen,26bc2d9658ccf1d543290c32bd16fbd10b0f15b28f6d389e175cdd23a11d2523,af8dc19896729e70,20260828,7d4a74a88d2cac93b513c0853bf92c260eaceea0,data/CompEval-00195-of-00413.parquet,1,3,1024,1024,PNG,1344319
cf_test_external_seen_family_aigi_94d99e5afd312d74,test_external_seen_family/aigi/cf_test_external_seen_family_aigi_94d99e5afd312d74_000873.png.png,1,test_external_seen_family,community-forensics-eval,kvikontent-midjourney-v6,test,test_external_seen_family,RAISE,kvikontent_midjourney_v6,kvikontent-midjourney-v6,LatDiff,family_seen,9757f11551b29ab847a23d4331617d4a8f2b148e78558fd865f81f20bfe234d9,c1615e94cb56ec9a,20260828,7d4a74a88d2cac93b513c0853bf92c260eaceea0,data/CompEval-00090-of-00413.parquet,3,20,512,512,PNG,541967
cf_test_external_seen_family_aigi_94ed5cba02448a31,test_external_seen_family/aigi/cf_test_external_seen_family_aigi_94ed5cba02448a31_000681.png.png,1,test_external_seen_family,community-forensics-eval,lcm-lora-sdxl,test,test_external_seen_family,RAISE,LCM_lora_sdxl,lcm-lora-sdxl,LatDiff,family_seen,e3e7f489b260155d98a134c5aab6007366105b90933887eeea404d6c175dcc58,b287e99872af14cc,20260828,7d4a74a88d2cac93b513c0853bf92c260eaceea0,data/CompEval-00057-of-00413.parquet,3,18,1024,1024,PNG,2482135
cf_test_external_seen_family_aigi_9504344082c04f3a,test_external_seen_family/aigi/cf_test_external_seen_family_aigi_9504344082c04f3a_000650.png.png,1,test_external_seen_family,community-forensics-eval,galip,test,test_external_seen_family,RAISE,GALIP,galip,GAN,family_seen,bc7b618ae51c17e23bffdfd669c7db96c59f3b37305408f6f01dbdaca9324adb,916cd41ff45863a5,20260828,7d4a74a88d2cac93b513c0853bf92c260eaceea0,data/CompEval-00126-of-00413.parquet,0,2,224,224,PNG,93860
cf_test_external_seen_family_aigi_955c36d4f265cd0f,test_external_seen_family/aigi/cf_test_external_seen_family_aigi_955c36d4f265cd0f_000590.png.png,1,test_external_seen_family,community-forensics-eval,lcm-lora-sdxl,test,test_external_seen_family,RAISE,LCM_lora_sdxl,lcm-lora-sdxl,LatDiff,family_seen,16fa5c4bff8001c58efd6d1ecacabaa34544c3894e9eb05f79f7de06ee697dd8,859a35720d973a75,20260828,7d4a74a88d2cac93b513c0853bf92c260eaceea0,data/CompEval-00056-of-00413.parquet,1,9,1024,1024,PNG,1483399
cf_test_external_seen_family_aigi_963219eeec907406,test_external_seen_family/aigi/cf_test_external_seen_family_aigi_963219eeec907406_000156.png.png,1,test_external_seen_family,community-forensics-eval,lcm-lora-sdxl,test,test_external_seen_family,RAISE,LCM_lora_sdxl,lcm-lora-sdxl,LatDiff,family_seen,54b6c86c90ff2c29afc48d08e02343afd348155cb90ee97c68a1828d5cdfd66c,9587106a7a3f5a6c,20260828,7d4a74a88d2cac93b513c0853bf92c260eaceea0,data/CompEval-00056-of-00413.parquet,3,13,1024,1024,PNG,1648643
cf_test_external_seen_family_aigi_9664663856e624b6,test_external_seen_family/aigi/cf_test_external_seen_family_aigi_9664663856e624b6_000715.png.png,1,test_external_seen_family,community-forensics-eval,lcm-lora-sdxl,test,test_external_seen_family,RAISE,LCM_lora_sdxl,lcm-lora-sdxl,LatDiff,family_seen,549204f6e75f727930228a2fff604a2add61c9de040654f14927b987d8945a87,a1590f6f399f070c,20260828,7d4a74a88d2cac93b513c0853bf92c260eaceea0,data/CompEval-00063-of-00413.parquet,0,0,1024,1024,PNG,1387598
cf_test_external_seen_family_aigi_973f5d04442d988b,test_external_seen_family/aigi/cf_test_external_seen_family_aigi_973f5d04442d988b_000083.png.png,1,test_external_seen_family,community-forensics-eval,lcm-lora-sdxl,test,test_external_seen_family,RAISE,LCM_lora_sdxl,lcm-lora-sdxl,LatDiff,family_seen,77cc6a2fb333a7486901b33f2664a9eb47caf72bbfc968ee1411141c2fcb3c18,8de24213f8cd855f,20260828,7d4a74a88d2cac93b513c0853bf92c260eaceea0,data/CompEval-00061-of-00413.parquet,1,6,1024,1024,PNG,2047230
cf_test_external_seen_family_aigi_9746526c9c66db86,test_external_seen_family/aigi/cf_test_external_seen_family_aigi_9746526c9c66db86_000916.png.png,1,test_external_seen_family,community-forensics-eval,lcm-lora-ssd1b,test,test_external_seen_family,RAISE,LCM_lora_ssd1b,lcm-lora-ssd1b,LatDiff,family_seen,7b5a1b4dfffd8c75a36caa0671d26fdcebbfcc9fc5217c3af1b4036a429d1f94,a36ac4a6d6d71931,20260828,7d4a74a88d2cac93b513c0853bf92c260eaceea0,data/CompEval-00196-of-00413.parquet,1,11,1024,1024,PNG,1364894
cf_test_external_seen_family_aigi_9751b23ed9103c44,test_external_seen_family/aigi/cf_test_external_seen_family_aigi_9751b23ed9103c44_000836.png.png,1,test_external_seen_family,community-forensics-eval,decidiffusionv2,test,test_external_seen_family,RAISE,DeciDiffusionV2,decidiffusionv2,LatDiff,family_seen,d511ffc60fc4337c787353233281f16dd91179343d9fc2e97be21b8a915de499,c10ebf4ab929dc4c,20260828,7d4a74a88d2cac93b513c0853bf92c260eaceea0,data/CompEval-00310-of-00413.parquet,4,5,512,512,PNG,508536
cf_test_external_seen_family_aigi_97614083c16d946d,test_external_seen_family/aigi/cf_test_external_seen_family_aigi_97614083c16d946d_000730.png.png,1,test_external_seen_family,community-forensics-eval,lcm-lora-sdxl,test,test_external_seen_family,RAISE,LCM_lora_sdxl,lcm-lora-sdxl,LatDiff,family_seen,e09c3c3f5c6fe8da10b075d4ac7c60b2b0bf51c3f411da6a02cc31c6f8d39ee0,e0e79f59492d7062,20260828,7d4a74a88d2cac93b513c0853bf92c260eaceea0,data/CompEval-00056-of-00413.parquet,3,1,1024,1024,PNG,1493567
cf_test_external_seen_family_aigi_976c9b327ac58e6a,test_external_seen_family/aigi/cf_test_external_seen_family_aigi_976c9b327ac58e6a_000860.png.png,1,test_external_seen_family,community-forensics-eval,decidiffusionv2,test,test_external_seen_family,RAISE,DeciDiffusionV2,decidiffusionv2,LatDiff,family_seen,963c7b30fd88a9c2136b354a19de573bc0c0d848a0114446bfc344b454245a42,d5d0d0d59472b578,20260828,7d4a74a88d2cac93b513c0853bf92c260eaceea0,data/CompEval-00314-of-00413.parquet,2,14,512,512,PNG,543264
cf_test_external_seen_family_aigi_977d88c0acd9d0a2,test_external_seen_family/aigi/cf_test_external_seen_family_aigi_977d88c0acd9d0a2_000268.png.png,1,test_external_seen_family,community-forensics-eval,galip,test,test_external_seen_family,RAISE,GALIP,galip,GAN,family_seen,22777e944dbf056f3a5ea322a3a9afe8e04a99dd11ae2e966fe9159fdc423d41,c363639c9c8d6363,20260828,7d4a74a88d2cac93b513c0853bf92c260eaceea0,data/CompEval-00121-of-00413.parquet,4,16,224,224,PNG,87008
cf_test_external_seen_family_aigi_9796abece95f318f,test_external_seen_family/aigi/cf_test_external_seen_family_aigi_9796abece95f318f_000062.png.png,1,test_external_seen_family,community-forensics-eval,lcm-lora-sdv15,test,test_external_seen_family,RAISE,LCM_lora_sdv15,lcm-lora-sdv15,LatDiff,family_seen,dd110f2126a375a7cf7b1b06cdae819960afce4b83893d1f1d696dbe2483418b,fd580bce4ed22591,20260828,7d4a74a88d2cac93b513c0853bf92c260eaceea0,data/CompEval-00357-of-00413.parquet,3,11,512,512,PNG,300011
cf_test_external_seen_family_aigi_97d4a26dd2885886,test_external_seen_family/aigi/cf_test_external_seen_family_aigi_97d4a26dd2885886_000041.png.png,1,test_external_seen_family,community-forensics-eval,lcm-lora-ssd1b,test,test_external_seen_family,RAISE,LCM_lora_ssd1b,lcm-lora-ssd1b,LatDiff,family_seen,6a1c0304e8d38dcd9b3b0cca3d0b76b80156caceba916ee2e11b5fceca9820ec,ffd87276d1880f20,20260828,7d4a74a88d2cac93b513c0853bf92c260eaceea0,data/CompEval-00194-of-00413.parquet,4,2,1024,1024,PNG,1593607
cf_test_external_seen_family_aigi_9832b87214e3f6de,test_external_seen_family/aigi/cf_test_external_seen_family_aigi_9832b87214e3f6de_000381.png.png,1,test_external_seen_family,community-forensics-eval,decidiffusionv2,test,test_external_seen_family,RAISE,DeciDiffusionV2,decidiffusionv2,LatDiff,family_seen,36fd5c47a9f1421a008a0b0d307b6ded5a2de3b11e276e0f698899f8e6e8ecb7,93dd997818acce58,20260828,7d4a74a88d2cac93b513c0853bf92c260eaceea0,data/CompEval-00316-of-00413.parquet,3,20,512,512,PNG,502627
cf_test_external_seen_family_aigi_988edd4d802c5922,test_external_seen_family/aigi/cf_test_external_seen_family_aigi_988edd4d802c5922_000843.png.png,1,test_external_seen_family,community-forensics-eval,kandinsky-2-2,test,test_external_seen_family,RAISE,kandinsky_2_2,kandinsky-2-2,LatDiff,family_seen,d15461e3f29e7a7f95ce94f060bf38078e86a1a0272eeaf9daf070efad80f881,e456d0e1ce9135e9,20260828,7d4a74a88d2cac93b513c0853bf92c260eaceea0,data/CompEval-00162-of-00413.parquet,0,18,768,768,PNG,731128
cf_test_external_seen_family_aigi_989712749ed096ba,test_external_seen_family/aigi/cf_test_external_seen_family_aigi_989712749ed096ba_000435.png.png,1,test_external_seen_family,community-forensics-eval,dfgan,test,test_external_seen_family,COCO,DFGAN,dfgan,GAN,family_seen,cd4c18699a34540786b61b06cd89bb3bac188ac9fd013bb1f32bc64620cc46b2,fbf9688623e11472,20260828,7d4a74a88d2cac93b513c0853bf92c260eaceea0,data/CompEval-00006-of-00413.parquet,3,16,256,256,PNG,116971
cf_test_external_seen_family_aigi_98b3f6b3fb873fab,test_external_seen_family/aigi/cf_test_external_seen_family_aigi_98b3f6b3fb873fab_000559.png.png,1,test_external_seen_family,community-forensics-eval,decidiffusionv2,test,test_external_seen_family,RAISE,DeciDiffusionV2,decidiffusionv2,LatDiff,family_seen,4a26eb21321b5cfc06261246a0d8df4fd4e0ea7dfcbf63e24f364e61415afc24,9257953783b43f82,20260828,7d4a74a88d2cac93b513c0853bf92c260eaceea0,data/CompEval-00315-of-00413.parquet,1,11,512,512,PNG,524577
cf_test_external_seen_family_aigi_98f10f037d1d0907,test_external_seen_family/aigi/cf_test_external_seen_family_aigi_98f10f037d1d0907_000862.png.png,1,test_external_seen_family,community-forensics-eval,decidiffusionv2,test,test_external_seen_family,RAISE,DeciDiffusionV2,decidiffusionv2,LatDiff,family_seen,771bca990ff8e3ef143492763a96ccd55f17c8e8b0162f4ce91898f9fdbeb604,888f9f702ecb4077,20260828,7d4a74a88d2cac93b513c0853bf92c260eaceea0,data/CompEval-00314-of-00413.parquet,1,2,512,512,PNG,551607
cf_test_external_seen_family_aigi_9907d265aa595d7d,test_external_seen_family/aigi/cf_test_external_seen_family_aigi_9907d265aa595d7d_001000.png.png,1,test_external_seen_family,community-forensics-eval,dfgan,test,test_external_seen_family,COCO,DFGAN,dfgan,GAN,family_seen,fc0ec4c8e1853d1f5d9c98ce13284f8c9800a5ecb92e4e4ecfacebbd95a9e825,fc841a7b121c7b66,20260828,7d4a74a88d2cac93b513c0853bf92c260eaceea0,data/CompEval-00007-of-00413.parquet,0,18,256,256,PNG,130702
cf_test_external_seen_family_aigi_992814852f00c19e,test_external_seen_family/aigi/cf_test_external_seen_family_aigi_992814852f00c19e_000458.png.png,1,test_external_seen_family,community-forensics-eval,galip,test,test_external_seen_family,RAISE,GALIP,galip,GAN,family_seen,f1c93e46930484dca2ab5b19335c727191df0c795fb6b005a02622ab1d52e64f,86f97acc238d9724,20260828,7d4a74a88d2cac93b513c0853bf92c260eaceea0,data/CompEval-00121-of-00413.parquet,2,22,224,224,PNG,72723
cf_test_external_seen_family_aigi_99a8fd10ca94cee9,test_external_seen_family/aigi/cf_test_external_seen_family_aigi_99a8fd10ca94cee9_000995.png.png,1,test_external_seen_family,community-forensics-eval,kvikontent-midjourney-v6,test,test_external_seen_family,RAISE,kvikontent_midjourney_v6,kvikontent-midjourney-v6,LatDiff,family_seen,97f5979f2209924deafcc1a5abf08fd54d6f3cd8331cfab7b42f80a65e1ad5e3,f882871ea730e6b5,20260828,7d4a74a88d2cac93b513c0853bf92c260eaceea0,data/CompEval-00091-of-00413.parquet,2,18,512,512,PNG,512166
cf_test_external_seen_family_aigi_9a369f4bfedc7483,test_external_seen_family/aigi/cf_test_external_seen_family_aigi_9a369f4bfedc7483_000610.png.png,1,test_external_seen_family,community-forensics-eval,galip,test,test_external_seen_family,RAISE,GALIP,galip,GAN,family_seen,683f3266ffede01e2356caa2e6a6aa524847c17315291fba47d90a9347aad18e,89876f3e48b1d866,20260828,7d4a74a88d2cac93b513c0853bf92c260eaceea0,data/CompEval-00125-of-00413.parquet,0,3,224,224,PNG,84021
cf_test_external_seen_family_aigi_9a45c2503fd8ba49,test_external_seen_family/aigi/cf_test_external_seen_family_aigi_9a45c2503fd8ba49_000023.png.png,1,test_external_seen_family,community-forensics-eval,lcm-lora-ssd1b,test,test_external_seen_family,RAISE,LCM_lora_ssd1b,lcm-lora-ssd1b,LatDiff,family_seen,d3303ddcdbd8c4ce62893d8b00ac96d06a7ea97953de3e36866c077ce8dc47d7,ff768910f00b8567,20260828,7d4a74a88d2cac93b513c0853bf92c260eaceea0,data/CompEval-00192-of-00413.parquet,2,20,1024,1024,PNG,1368735
cf_test_external_seen_family_aigi_9a92c0e5f8fe420a,test_external_seen_family/aigi/cf_test_external_seen_family_aigi_9a92c0e5f8fe420a_000428.png.png,1,test_external_seen_family,community-forensics-eval,hourglass,test,test_external_seen_family,,Hourglass,hourglass,PixDiff,family_seen,e64c5d7c6a3c6a7130ad4c0d5e2ba5d24f2397371a8f8a073d3945702eece462,998ce403f3ce4baa,20260828,7d4a74a88d2cac93b513c0853bf92c260eaceea0,data/CompEval-00081-of-00413.parquet,1,21,256,256,PNG,127956
cf_test_external_seen_family_aigi_9ac971e96e7bbf6f,test_external_seen_family/aigi/cf_test_external_seen_family_aigi_9ac971e96e7bbf6f_000703.png.png,1,test_external_seen_family,community-forensics-eval,kandinsky-2-2,test,test_external_seen_family,RAISE,kandinsky_2_2,kandinsky-2-2,LatDiff,family_seen,74b7776bd406197d48066232bdce7ebf50d1e3b7f54599d68edb8a7f4fdd60fd,dd9595c9a1ec0d1a,20260828,7d4a74a88d2cac93b513c0853bf92c260eaceea0,data/CompEval-00246-of-00413.parquet,1,17,768,768,PNG,1090792
cf_test_external_seen_family_aigi_9ae0a2ef98030b71,test_external_seen_family/aigi/cf_test_external_seen_family_aigi_9ae0a2ef98030b71_000088.png.png,1,test_external_seen_family,community-forensics-eval,galip,test,test_external_seen_family,RAISE,GALIP,galip,GAN,family_seen,ba43dd8c32c2d60b8a5a40d19b65754b13d48220f75fc9a3d122db0a22b23fa4,90d2caca69f4b71c,20260828,7d4a74a88d2cac93b513c0853bf92c260eaceea0,data/CompEval-00124-of-00413.parquet,2,21,224,224,PNG,96238
cf_test_external_seen_family_aigi_9ae8196278e777b9,test_external_seen_family/aigi/cf_test_external_seen_family_aigi_9ae8196278e777b9_000686.png.png,1,test_external_seen_family,community-forensics-eval,lcm-lora-sdv15,test,test_external_seen_family,RAISE,LCM_lora_sdv15,lcm-lora-sdv15,LatDiff,family_seen,671cade22154e8fa3c9b4a5ae4d600d97d033cf08bd7cdca16e77d229c39d5c8,e6991996da66b249,20260828,7d4a74a88d2cac93b513c0853bf92c260eaceea0,data/CompEval-00357-of-00413.parquet,4,15,512,512,PNG,318389
cf_test_external_seen_family_aigi_9b0336c2f99e8a45,test_external_seen_family/aigi/cf_test_external_seen_family_aigi_9b0336c2f99e8a45_000160.png.png,1,test_external_seen_family,community-forensics-eval,kandinsky-2-2,test,test_external_seen_family,RAISE,kandinsky_2_2,kandinsky-2-2,LatDiff,family_seen,94cae85087652dc71696a1a0dfd85d00ee0d1952377ee930125051393f6f1f7c,995224539bdd6a2d,20260828,7d4a74a88d2cac93b513c0853bf92c260eaceea0,data/CompEval-00244-of-00413.parquet,2,17,768,768,PNG,607223
cf_test_external_seen_family_aigi_9b12eb375ab3f60b,test_external_seen_family/aigi/cf_test_external_seen_family_aigi_9b12eb375ab3f60b_000104.png.png,1,test_external_seen_family,community-forensics-eval,galip,test,test_external_seen_family,RAISE,GALIP,galip,GAN,family_seen,4eedacd3875275fc46dcb59032a1593565b6caa732aa0d28b02363421973c01c,b89687327839964f,20260828,7d4a74a88d2cac93b513c0853bf92c260eaceea0,data/CompEval-00122-of-00413.parquet,3,19,224,224,PNG,107988
cf_test_external_seen_family_aigi_9b4d762fbdbf0193,test_external_seen_family/aigi/cf_test_external_seen_family_aigi_9b4d762fbdbf0193_000858.png.png,1,test_external_seen_family,community-forensics-eval,galip,test,test_external_seen_family,RAISE,GALIP,galip,GAN,family_seen,1be6469151a6cb7c45a939ffe2e3e67c98bd6731b3a84dbbd69bc637fc93d6a6,cfd450562ea9aaaa,20260828,7d4a74a88d2cac93b513c0853bf92c260eaceea0,data/CompEval-00125-of-00413.parquet,1,16,224,224,PNG,44090
cf_test_external_seen_family_aigi_9b559ee7db3ed614,test_external_seen_family/aigi/cf_test_external_seen_family_aigi_9b559ee7db3ed614_000642.png.png,1,test_external_seen_family,community-forensics-eval,dfgan,test,test_external_seen_family,COCO,DFGAN,dfgan,GAN,family_seen,d97afe2f1925fe9c1235ceb86fd12aa03f55d204af4f7a95bc1e3a73d7dc57f5,d6c5c9c99a963625,20260828,7d4a74a88d2cac93b513c0853bf92c260eaceea0,data/CompEval-00001-of-00413.parquet,2,22,256,256,PNG,111424
cf_test_external_seen_family_aigi_9b89c9cf64a1ec21,test_external_seen_family/aigi/cf_test_external_seen_family_aigi_9b89c9cf64a1ec21_000816.png.png,1,test_external_seen_family,community-forensics-eval,dfgan,test,test_external_seen_family,COCO,DFGAN,dfgan,GAN,family_seen,981a95e75ae41b7e9942bc9820d25c12fe61d5c432a76f6c79a1efc37c579d06,e4e41b939a179a95,20260828,7d4a74a88d2cac93b513c0853bf92c260eaceea0,data/CompEval-00004-of-00413.parquet,4,24,256,256,PNG,117045
cf_test_external_seen_family_aigi_9b8f8e5bfb930a8d,test_external_seen_family/aigi/cf_test_external_seen_family_aigi_9b8f8e5bfb930a8d_000297.png.png,1,test_external_seen_family,community-forensics-eval,galip,test,test_external_seen_family,RAISE,GALIP,galip,GAN,family_seen,1699fe25a6880283f02178ffd8282bf8b48da405957ddbe859d52d0032ca10ae,c4eb7a00ece803fe,20260828,7d4a74a88d2cac93b513c0853bf92c260eaceea0,data/CompEval-00126-of-00413.parquet,0,1,224,224,PNG,97178
cf_test_external_seen_family_aigi_9c58eb678545e7d6,test_external_seen_family/aigi/cf_test_external_seen_family_aigi_9c58eb678545e7d6_000056.png.png,1,test_external_seen_family,community-forensics-eval,decidiffusionv2,test,test_external_seen_family,RAISE,DeciDiffusionV2,decidiffusionv2,LatDiff,family_seen,6d1ab14225f7d7ddd2be3678a6b0faf92a759c9877f01c944ed3f2919a07a8e3,e4db2cd869e20d96,20260828,7d4a74a88d2cac93b513c0853bf92c260eaceea0,data/CompEval-00313-of-00413.parquet,0,6,512,512,PNG,562611
cf_test_external_seen_family_aigi_9c8f6a44d429d961,test_external_seen_family/aigi/cf_test_external_seen_family_aigi_9c8f6a44d429d961_000869.png.png,1,test_external_seen_family,community-forensics-eval,lcm-lora-sdxl,test,test_external_seen_family,RAISE,LCM_lora_sdxl,lcm-lora-sdxl,LatDiff,family_seen,da08cab0caa2f387b88efb9802feaafa3cb0c6cbfb7c317c94ce3b0afd671e7d,a63e0341fdd714e2,20260828,7d4a74a88d2cac93b513c0853bf92c260eaceea0,data/CompEval-00061-of-00413.parquet,4,7,1024,1024,PNG,1795757
cf_test_external_seen_family_aigi_9cd7585e59f7b8a3,test_external_seen_family/aigi/cf_test_external_seen_family_aigi_9cd7585e59f7b8a3_000975.png.png,1,test_external_seen_family,community-forensics-eval,lcm-lora-sdv15,test,test_external_seen_family,RAISE,LCM_lora_sdv15,lcm-lora-sdv15,LatDiff,family_seen,0d40ec396561753549d0d01181f34119657858e1b62c560b27b15cf41f1f8b7f,b81ce6e3d94c8663,20260828,7d4a74a88d2cac93b513c0853bf92c260eaceea0,data/CompEval-00359-of-00413.parquet,0,0,512,512,PNG,343460
cf_test_external_seen_family_aigi_9ce26b736854f045,test_external_seen_family/aigi/cf_test_external_seen_family_aigi_9ce26b736854f045_000693.png.png,1,test_external_seen_family,community-forensics-eval,kvikontent-midjourney-v6,test,test_external_seen_family,RAISE,kvikontent_midjourney_v6,kvikontent-midjourney-v6,LatDiff,family_seen,d8bf43d74dc7b7a74b83f29a8d089af3c4aea151e7ce30daed811b615739815c,b6f93609879883bc,20260828,7d4a74a88d2cac93b513c0853bf92c260eaceea0,data/CompEval-00092-of-00413.parquet,3,4,512,512,PNG,510847
cf_test_external_seen_family_aigi_9d383c536bb25843,test_external_seen_family/aigi/cf_test_external_seen_family_aigi_9d383c536bb25843_000887.png.png,1,test_external_seen_family,community-forensics-eval,kandinsky-2-2,test,test_external_seen_family,RAISE,kandinsky_2_2,kandinsky-2-2,LatDiff,family_seen,af92832d57e4d3d44ed860eb3ceca537b218057f37b9373a6cd834230bfff625,80b73f68439d9627,20260828,7d4a74a88d2cac93b513c0853bf92c260eaceea0,data/CompEval-00242-of-00413.parquet,3,4,768,768,PNG,1238311
cf_test_external_seen_family_aigi_9dfef3a0c9a463f7,test_external_seen_family/aigi/cf_test_external_seen_family_aigi_9dfef3a0c9a463f7_000505.png.png,1,test_external_seen_family,community-forensics-eval,kvikontent-midjourney-v6,test,test_external_seen_family,RAISE,kvikontent_midjourney_v6,kvikontent-midjourney-v6,LatDiff,family_seen,c8a3a6bdf54f3db41b2cc105f89f8c304f7ff3eefa4ab10dcc6c6c68014d36f3,b4155272b659ed52,20260828,7d4a74a88d2cac93b513c0853bf92c260eaceea0,data/CompEval-00216-of-00413.parquet,0,23,512,512,PNG,547137
cf_test_external_seen_family_aigi_9e439109d6a6ce42,test_external_seen_family/aigi/cf_test_external_seen_family_aigi_9e439109d6a6ce42_000152.png.png,1,test_external_seen_family,community-forensics-eval,lcm-lora-sdv15,test,test_external_seen_family,RAISE,LCM_lora_sdv15,lcm-lora-sdv15,LatDiff,family_seen,ea76362a410eaa3abe1b7baf405861c2d0a92adfe3c38f78c6c5bfc46c431757,c6f0c6bc923f9a82,20260828,7d4a74a88d2cac93b513c0853bf92c260eaceea0,data/CompEval-00363-of-00413.parquet,1,18,512,512,PNG,417231
cf_test_external_seen_family_aigi_9f2cd562e64fe8d6,test_external_seen_family/aigi/cf_test_external_seen_family_aigi_9f2cd562e64fe8d6_000905.png.png,1,test_external_seen_family,community-forensics-eval,kvikontent-midjourney-v6,test,test_external_seen_family,RAISE,kvikontent_midjourney_v6,kvikontent-midjourney-v6,LatDiff,family_seen,5313741a8a2375e438a962a405e05386a879dbb88692fa4f899dcc2d10b0eefa,a3da68f0cbcd1a38,20260828,7d4a74a88d2cac93b513c0853bf92c260eaceea0,data/CompEval-00090-of-00413.parquet,1,20,512,512,PNG,470928
cf_test_external_seen_family_aigi_9f3f2cd7317c8e3b,test_external_seen_family/aigi/cf_test_external_seen_family_aigi_9f3f2cd7317c8e3b_000771.png.png,1,test_external_seen_family,community-forensics-eval,kvikontent-midjourney-v6,test,test_external_seen_family,RAISE,kvikontent_midjourney_v6,kvikontent-midjourney-v6,LatDiff,family_seen,b67bc0be3a46a912328ecd01dc9e310a4c4d478b9ea1d5a8823fd703c8355d8b,eeee78115091171f,20260828,7d4a74a88d2cac93b513c0853bf92c260eaceea0,data/CompEval-00091-of-00413.parquet,2,3,512,512,PNG,490467
cf_test_external_seen_family_aigi_9f61ce890659d703,test_external_seen_family/aigi/cf_test_external_seen_family_aigi_9f61ce890659d703_000859.png.png,1,test_external_seen_family,community-forensics-eval,lcm-lora-sdxl,test,test_external_seen_family,RAISE,LCM_lora_sdxl,lcm-lora-sdxl,LatDiff,family_seen,63cf17d3c35aadab71e47513726ea6a2153292e4f3297e85a579b372d130a2af,b8a3474f3870c3bc,20260828,7d4a74a88d2cac93b513c0853bf92c260eaceea0,data/CompEval-00062-of-00413.parquet,0,2,1024,1024,PNG,1656276
cf_test_external_seen_family_aigi_9f75b304c35aa019,test_external_seen_family/aigi/cf_test_external_seen_family_aigi_9f75b304c35aa019_000606.png.png,1,test_external_seen_family,community-forensics-eval,decidiffusionv2,test,test_external_seen_family,RAISE,DeciDiffusionV2,decidiffusionv2,LatDiff,family_seen,1b82f148afe0cac522b04fb225515314e95a913335d44eceb34ef24ab177fab8,8acb99d9111ab6b6,20260828,7d4a74a88d2cac93b513c0853bf92c260eaceea0,data/CompEval-00316-of-00413.parquet,3,7,512,512,PNG,499757
cf_test_external_seen_family_aigi_9fa1508b641df9a9,test_external_seen_family/aigi/cf_test_external_seen_family_aigi_9fa1508b641df9a9_000206.png.png,1,test_external_seen_family,community-forensics-eval,kvikontent-midjourney-v6,test,test_external_seen_family,RAISE,kvikontent_midjourney_v6,kvikontent-midjourney-v6,LatDiff,family_seen,ada934c81eec3fdc1776b4bd833a2e9ffbf23376c020b308e80457957e4456d1,879846ce4731798f,20260828,7d4a74a88d2cac93b513c0853bf92c260eaceea0,data/CompEval-00094-of-00413.parquet,4,7,512,512,PNG,481311
cf_test_external_seen_family_aigi_a0469e605fc1bf71,test_external_seen_family/aigi/cf_test_external_seen_family_aigi_a0469e605fc1bf71_000788.png.png,1,test_external_seen_family,community-forensics-eval,dfgan,test,test_external_seen_family,COCO,DFGAN,dfgan,GAN,family_seen,74568b91bebc05dfe6cbc108820cfdb587a51b84249d43b2074593161a8f900c,cd8d49c12ade1f49,20260828,7d4a74a88d2cac93b513c0853bf92c260eaceea0,data/CompEval-00005-of-00413.parquet,4,22,256,256,PNG,105973
cf_test_external_seen_family_aigi_a141e52a348410c5,test_external_seen_family/aigi/cf_test_external_seen_family_aigi_a141e52a348410c5_000355.png.png,1,test_external_seen_family,community-forensics-eval,lcm-lora-ssd1b,test,test_external_seen_family,RAISE,LCM_lora_ssd1b,lcm-lora-ssd1b,LatDiff,family_seen,ead6bb2085f1fe38f08a05da8058f844e53bffefd68627d5a7f2da2c1c86f10b,efd0cb150a6dd489,20260828,7d4a74a88d2cac93b513c0853bf92c260eaceea0,data/CompEval-00198-of-00413.parquet,2,11,1024,1024,PNG,1522534
cf_test_external_seen_family_aigi_a1a9b78a789a34d5,test_external_seen_family/aigi/cf_test_external_seen_family_aigi_a1a9b78a789a34d5_000374.png.png,1,test_external_seen_family,community-forensics-eval,hourglass,test,test_external_seen_family,,Hourglass,hourglass,PixDiff,family_seen,26d0b86d1c8ef5f5ecdeb9bbc3c71bfd50720fd5868c5468df69ff18dd25fce6,b596ca7a1f8d6061,20260828,7d4a74a88d2cac93b513c0853bf92c260eaceea0,data/CompEval-00155-of-00413.parquet,0,1,256,256,PNG,77652
cf_test_external_seen_family_aigi_a1bf3502228a6d3a,test_external_seen_family/aigi/cf_test_external_seen_family_aigi_a1bf3502228a6d3a_000839.png.png,1,test_external_seen_family,community-forensics-eval,lcm-lora-sdv15,test,test_external_seen_family,RAISE,LCM_lora_sdv15,lcm-lora-sdv15,LatDiff,family_seen,1e6a7ff52fe5078ddc995229a54c1f6b094d4c5c8ff189c4d193ee5002800c3a,cd2ec24b73f20cd4,20260828,7d4a74a88d2cac93b513c0853bf92c260eaceea0,data/CompEval-00363-of-00413.parquet,1,10,512,512,PNG,290642
cf_test_external_seen_family_aigi_a1d1125f4bb494df,test_external_seen_family/aigi/cf_test_external_seen_family_aigi_a1d1125f4bb494df_000241.png.png,1,test_external_seen_family,community-forensics-eval,lcm-lora-ssd1b,test,test_external_seen_family,RAISE,LCM_lora_ssd1b,lcm-lora-ssd1b,LatDiff,family_seen,ba4280fd93fc464f7e5b7550426d216ea7cfe47e0e3ee5dea2377c81380fd480,f594caa2b2eba688,20260828,7d4a74a88d2cac93b513c0853bf92c260eaceea0,data/CompEval-00193-of-00413.parquet,3,13,1024,1024,PNG,1530288
cf_test_external_seen_family_aigi_a210c57f9bba8b99,test_external_seen_family/aigi/cf_test_external_seen_family_aigi_a210c57f9bba8b99_000201.png.png,1,test_external_seen_family,community-forensics-eval,dfgan,test,test_external_seen_family,COCO,DFGAN,dfgan,GAN,family_seen,d9c0835cca7e828df4e9208bda68b247bda1c349342a742f4836c1627e6ecc26,93926c65631ccbd3,20260828,7d4a74a88d2cac93b513c0853bf92c260eaceea0,data/CompEval-00001-of-00413.parquet,0,13,256,256,PNG,146070
cf_test_external_seen_family_aigi_a2a3da7290ce7a1d,test_external_seen_family/aigi/cf_test_external_seen_family_aigi_a2a3da7290ce7a1d_000557.png.png,1,test_external_seen_family,community-forensics-eval,lcm-lora-sdxl,test,test_external_seen_family,RAISE,LCM_lora_sdxl,lcm-lora-sdxl,LatDiff,family_seen,1cebf6f1c69705d90839eb0731e5cb459861ae80f97f658e0825e5ebd5020d48,fab2054d286347ee,20260828,7d4a74a88d2cac93b513c0853bf92c260eaceea0,data/CompEval-00063-of-00413.parquet,0,7,1024,1024,PNG,1644558
cf_test_external_seen_family_aigi_a2d540b44f3bd9f9,test_external_seen_family/aigi/cf_test_external_seen_family_aigi_a2d540b44f3bd9f9_000504.png.png,1,test_external_seen_family,community-forensics-eval,kvikontent-midjourney-v6,test,test_external_seen_family,RAISE,kvikontent_midjourney_v6,kvikontent-midjourney-v6,LatDiff,family_seen,181b30c10fd6941cb76d994c5e62c4b42198e2434a34d3f4c76019dd89aa7454,9535e15d3ba348b8,20260828,7d4a74a88d2cac93b513c0853bf92c260eaceea0,data/CompEval-00216-of-00413.parquet,1,1,512,512,PNG,441599
cf_test_external_seen_family_aigi_a32a0028228dcd70,test_external_seen_family/aigi/cf_test_external_seen_family_aigi_a32a0028228dcd70_000483.png.png,1,test_external_seen_family,community-forensics-eval,lcm-lora-sdxl,test,test_external_seen_family,RAISE,LCM_lora_sdxl,lcm-lora-sdxl,LatDiff,family_seen,4cbc0db29a52c02eb6fca7322e8e64ffcfa5566a6ddc7dfadb2ae88847cc41c4,d8e587f960788b38,20260828,7d4a74a88d2cac93b513c0853bf92c260eaceea0,data/CompEval-00378-of-00413.parquet,0,21,1024,1024,PNG,1671834
cf_test_external_seen_family_aigi_a348f629a65cdad9,test_external_seen_family/aigi/cf_test_external_seen_family_aigi_a348f629a65cdad9_000805.png.png,1,test_external_seen_family,community-forensics-eval,lcm-lora-sdv15,test,test_external_seen_family,RAISE,LCM_lora_sdv15,lcm-lora-sdv15,LatDiff,family_seen,7e4ed7f03154573008e4631b2e3208a6669747fda50adfe7a3fc05d40e54a0fe,e6ffffe4c200c018,20260828,7d4a74a88d2cac93b513c0853bf92c260eaceea0,data/CompEval-00362-of-00413.parquet,4,8,512,512,PNG,346182
cf_test_external_seen_family_aigi_a357b939d82ce930,test_external_seen_family/aigi/cf_test_external_seen_family_aigi_a357b939d82ce930_000324.png.png,1,test_external_seen_family,community-forensics-eval,lcm-lora-ssd1b,test,test_external_seen_family,RAISE,LCM_lora_ssd1b,lcm-lora-ssd1b,LatDiff,family_seen,a000d153399775bfbaba4541768e3ec3834a63cdfb0008dc77663c7a55377a42,c58716ef60b83d2c,20260828,7d4a74a88d2cac93b513c0853bf92c260eaceea0,data/CompEval-00195-of-00413.parquet,3,7,1024,1024,PNG,1766835
cf_test_external_seen_family_aigi_a40d1dc4c8ff0171,test_external_seen_family/aigi/cf_test_external_seen_family_aigi_a40d1dc4c8ff0171_000437.png.png,1,test_external_seen_family,community-forensics-eval,dfgan,test,test_external_seen_family,COCO,DFGAN,dfgan,GAN,family_seen,81b260fe6635bb28333b016703b8ff6dc88eb87ad4eae5f24a01c0ec4851102b,e3d3d8af2ca8a898,20260828,7d4a74a88d2cac93b513c0853bf92c260eaceea0,data/CompEval-00001-of-00413.parquet,3,0,256,256,PNG,118383
cf_test_external_seen_family_aigi_a5927b1f1a9d5338,test_external_seen_family/aigi/cf_test_external_seen_family_aigi_a5927b1f1a9d5338_000988.png.png,1,test_external_seen_family,community-forensics-eval,lcm-lora-ssd1b,test,test_external_seen_family,RAISE,LCM_lora_ssd1b,lcm-lora-ssd1b,LatDiff,family_seen,82dac4e20ea740f6f1e796adab5d466eb9de4143145cffdee89ea477f0edd432,998658a197d3bf41,20260828,7d4a74a88d2cac93b513c0853bf92c260eaceea0,data/CompEval-00197-of-00413.parquet,3,5,1024,1024,PNG,1964169
cf_test_external_seen_family_aigi_a5d565405828b478,test_external_seen_family/aigi/cf_test_external_seen_family_aigi_a5d565405828b478_000046.png.png,1,test_external_seen_family,community-forensics-eval,lcm-lora-sdxl,test,test_external_seen_family,RAISE,LCM_lora_sdxl,lcm-lora-sdxl,LatDiff,family_seen,2e6fd3e7cce88897aa2c4cdde6433a639939562fa49bed2527cab7eef3528c83,95af30da4a3595c3,20260828,7d4a74a88d2cac93b513c0853bf92c260eaceea0,data/CompEval-00056-of-00413.parquet,4,20,1024,1024,PNG,1322149
cf_test_external_seen_family_aigi_a5f2f19c923a6005,test_external_seen_family/aigi/cf_test_external_seen_family_aigi_a5f2f19c923a6005_000596.png.png,1,test_external_seen_family,community-forensics-eval,galip,test,test_external_seen_family,RAISE,GALIP,galip,GAN,family_seen,201f0d0af2b8de6b387b236b6c39247c22bb3ecf651708dab7f0cbdb4b35af69,c3f1d3a06ca6d586,20260828,7d4a74a88d2cac93b513c0853bf92c260eaceea0,data/CompEval-00120-of-00413.parquet,3,21,224,224,PNG,123949
cf_test_external_seen_family_aigi_a60a1ecdd38f0616,test_external_seen_family/aigi/cf_test_external_seen_family_aigi_a60a1ecdd38f0616_000540.png.png,1,test_external_seen_family,community-forensics-eval,decidiffusionv2,test,test_external_seen_family,RAISE,DeciDiffusionV2,decidiffusionv2,LatDiff,family_seen,5d850e553eddcf0538492bb4def070a6f83eff91f4b7f0939e3e75b6bb6948f9,f3f2882e3d304b2d,20260828,7d4a74a88d2cac93b513c0853bf92c260eaceea0,data/CompEval-00313-of-00413.parquet,4,1,512,512,PNG,389162
cf_test_external_seen_family_aigi_a62f6f93670be1ad,test_external_seen_family/aigi/cf_test_external_seen_family_aigi_a62f6f93670be1ad_000668.png.png,1,test_external_seen_family,community-forensics-eval,dfgan,test,test_external_seen_family,COCO,DFGAN,dfgan,GAN,family_seen,669a71883b795dd3c6d4d8df0d313fbf95a07a242f85a1427d0ce3c903af6dac,ffc37203810f0fac,20260828,7d4a74a88d2cac93b513c0853bf92c260eaceea0,data/CompEval-00000-of-00413.parquet,4,0,256,256,PNG,99366
cf_test_external_seen_family_aigi_a67c3f85db691af0,test_external_seen_family/aigi/cf_test_external_seen_family_aigi_a67c3f85db691af0_000406.png.png,1,test_external_seen_family,community-forensics-eval,kandinsky-2-2,test,test_external_seen_family,RAISE,kandinsky_2_2,kandinsky-2-2,LatDiff,family_seen,9f5139177e1e6404443ff2b7bde838ccb74432f5d7725b87584b34ef946f060d,cd1b02963bc53979,20260828,7d4a74a88d2cac93b513c0853bf92c260eaceea0,data/CompEval-00245-of-00413.parquet,2,23,768,768,PNG,716734
cf_test_external_seen_family_aigi_a7036bdd34860d77,test_external_seen_family/aigi/cf_test_external_seen_family_aigi_a7036bdd34860d77_000119.png.png,1,test_external_seen_family,community-forensics-eval,hourglass,test,test_external_seen_family,,Hourglass,hourglass,PixDiff,family_seen,258a23d2808280aff50c3de9407e8b274c834a630cb885da6ecf71b2a5cd09c4,feb8b085918755d2,20260828,7d4a74a88d2cac93b513c0853bf92c260eaceea0,data/CompEval-00156-of-00413.parquet,2,17,256,256,PNG,131115
cf_test_external_seen_family_aigi_a733455d7f677e7d,test_external_seen_family/aigi/cf_test_external_seen_family_aigi_a733455d7f677e7d_000715.png.png,1,test_external_seen_family,community-forensics-eval,kandinsky-2-2,test,test_external_seen_family,RAISE,kandinsky_2_2,kandinsky-2-2,LatDiff,family_seen,87f542fd661983baf46ea9074355fb6d3d1f49657f4a07b8c93f4a8e29584624,ddc5073092975b99,20260828,7d4a74a88d2cac93b513c0853bf92c260eaceea0,data/CompEval-00239-of-00413.parquet,0,6,768,768,PNG,807420
cf_test_external_seen_family_aigi_a741bd27083696ed,test_external_seen_family/aigi/cf_test_external_seen_family_aigi_a741bd27083696ed_000191.png.png,1,test_external_seen_family,community-forensics-eval,lcm-lora-ssd1b,test,test_external_seen_family,RAISE,LCM_lora_ssd1b,lcm-lora-ssd1b,LatDiff,family_seen,60b769555d35a39529b250143e7ea3c58654abf3db822ec7ae195150538321fb,c943f7a50c12dbb1,20260828,7d4a74a88d2cac93b513c0853bf92c260eaceea0,data/CompEval-00196-of-00413.parquet,1,6,1024,1024,PNG,1549425
cf_test_external_seen_family_aigi_a76532b432532561,test_external_seen_family/aigi/cf_test_external_seen_family_aigi_a76532b432532561_000275.png.png,1,test_external_seen_family,community-forensics-eval,galip,test,test_external_seen_family,RAISE,GALIP,galip,GAN,family_seen,a548dbcfa94d7ca3a4dbd347d2e6091fc901eb3e243c0a062dd75032b819827e,fdd00b38878a2ed5,20260828,7d4a74a88d2cac93b513c0853bf92c260eaceea0,data/CompEval-00046-of-00413.parquet,4,18,224,224,PNG,81943
cf_test_external_seen_family_aigi_a78da01de14b16c8,test_external_seen_family/aigi/cf_test_external_seen_family_aigi_a78da01de14b16c8_000885.png.png,1,test_external_seen_family,community-forensics-eval,decidiffusionv2,test,test_external_seen_family,RAISE,DeciDiffusionV2,decidiffusionv2,LatDiff,family_seen,39ef91feeff01f3f34185ca3165ea9d4a184a40d29c5fd13cf0db28ee201b167,d33e2c3537d54cc0,20260828,7d4a74a88d2cac93b513c0853bf92c260eaceea0,data/CompEval-00315-of-00413.parquet,4,19,512,512,PNG,627357
cf_test_external_seen_family_aigi_a7a2ca40aa83faed,test_external_seen_family/aigi/cf_test_external_seen_family_aigi_a7a2ca40aa83faed_000002.png.png,1,test_external_seen_family,community-forensics-eval,lcm-lora-sdxl,test,test_external_seen_family,RAISE,LCM_lora_sdxl,lcm-lora-sdxl,LatDiff,family_seen,9620867950a6068b91e17abe510d62e462d01619c4c004b674c2a49764e6956e,8cb0cafc763b640b,20260828,7d4a74a88d2cac93b513c0853bf92c260eaceea0,data/CompEval-00061-of-00413.parquet,4,16,1024,1024,PNG,1795793
cf_test_external_seen_family_aigi_a82565b39a76530a,test_external_seen_family/aigi/cf_test_external_seen_family_aigi_a82565b39a76530a_000617.png.png,1,test_external_seen_family,community-forensics-eval,hourglass,test,test_external_seen_family,,Hourglass,hourglass,PixDiff,family_seen,1a1f1c274613e7c96645460b7e69109c6be01e150a717298cd2a6948a87ecca5,fc98c3649e73982c,20260828,7d4a74a88d2cac93b513c0853bf92c260eaceea0,data/CompEval-00152-of-00413.parquet,0,20,256,256,PNG,69489
cf_test_external_seen_family_aigi_a8a549ece588ffa3,test_external_seen_family/aigi/cf_test_external_seen_family_aigi_a8a549ece588ffa3_000765.png.png,1,test_external_seen_family,community-forensics-eval,kvikontent-midjourney-v6,test,test_external_seen_family,RAISE,kvikontent_midjourney_v6,kvikontent-midjourney-v6,LatDiff,family_seen,0c7c5638efb49205cfaf10c126de189fa93e67b98884c5c1f659d878131f71cf,85cc5254e5ed6993,20260828,7d4a74a88d2cac93b513c0853bf92c260eaceea0,data/CompEval-00218-of-00413.parquet,3,19,512,512,PNG,501467
cf_test_external_seen_family_aigi_a8d2a021d98c71f6,test_external_seen_family/aigi/cf_test_external_seen_family_aigi_a8d2a021d98c71f6_000710.png.png,1,test_external_seen_family,community-forensics-eval,kandinsky-2-2,test,test_external_seen_family,RAISE,kandinsky_2_2,kandinsky-2-2,LatDiff,family_seen,f40a948813ec96e57ab0e73dd5a39764fe61e0fc601c1fa4490f05f83efc2c0c,c0ded2e4d5b2ee80,20260828,7d4a74a88d2cac93b513c0853bf92c260eaceea0,data/CompEval-00241-of-00413.parquet,4,12,768,768,PNG,746756
cf_test_external_seen_family_aigi_a96842d78d45abab,test_external_seen_family/aigi/cf_test_external_seen_family_aigi_a96842d78d45abab_000909.png.png,1,test_external_seen_family,community-forensics-eval,decidiffusionv2,test,test_external_seen_family,RAISE,DeciDiffusionV2,decidiffusionv2,LatDiff,family_seen,096369aab5ad2bc656932c811f3a7c42cf5d653aa6f4753e57c05779fe7e8db1,8fb198e431dc678c,20260828,7d4a74a88d2cac93b513c0853bf92c260eaceea0,data/CompEval-00312-of-00413.parquet,1,2,512,512,PNG,505890
cf_test_external_seen_family_aigi_a9a7a044a07df190,test_external_seen_family/aigi/cf_test_external_seen_family_aigi_a9a7a044a07df190_000580.png.png,1,test_external_seen_family,community-forensics-eval,kandinsky-2-2,test,test_external_seen_family,RAISE,kandinsky_2_2,kandinsky-2-2,LatDiff,family_seen,3135da78a59c54513fd30b52c43343fc555a9e04bcbb12c0426e5ee91e79656f,da9bd22665cc2d61,20260828,7d4a74a88d2cac93b513c0853bf92c260eaceea0,data/CompEval-00244-of-00413.parquet,2,15,768,768,PNG,1131983
cf_test_external_seen_family_aigi_aa0c3012d2e91d1b,test_external_seen_family/aigi/cf_test_external_seen_family_aigi_aa0c3012d2e91d1b_000637.png.png,1,test_external_seen_family,community-forensics-eval,dfgan,test,test_external_seen_family,COCO,DFGAN,dfgan,GAN,family_seen,c94622b286578d6344743a6198defba841b9892533e7b3d38447b5786da440f4,93916c6466a6db99,20260828,7d4a74a88d2cac93b513c0853bf92c260eaceea0,data/CompEval-00003-of-00413.parquet,0,2,256,256,PNG,58224
cf_test_external_seen_family_aigi_aa3404a11b018f58,test_external_seen_family/aigi/cf_test_external_seen_family_aigi_aa3404a11b018f58_000736.png.png,1,test_external_seen_family,community-forensics-eval,lcm-lora-sdxl,test,test_external_seen_family,RAISE,LCM_lora_sdxl,lcm-lora-sdxl,LatDiff,family_seen,b841cc0c42e6f2383020fa39c7171964b1fe586986c9503cd8359a555ff0df41,9dc591fc6223531b,20260828,7d4a74a88d2cac93b513c0853bf92c260eaceea0,data/CompEval-00058-of-00413.parquet,3,11,1024,1024,PNG,2143286
cf_test_external_seen_family_aigi_aa58c71cb0d8cbda,test_external_seen_family/aigi/cf_test_external_seen_family_aigi_aa58c71cb0d8cbda_000589.png.png,1,test_external_seen_family,community-forensics-eval,hourglass,test,test_external_seen_family,FFHQ,Hourglass,hourglass,PixDiff,family_seen,e4e41478862eb29cd33855d84bd9550a92950fe8bf9245143214527abadb217e,adb45ebb74282552,20260828,7d4a74a88d2cac93b513c0853bf92c260eaceea0,data/CompEval-00274-of-00413.parquet,1,24,1024,1024,PNG,1139538
cf_test_external_seen_family_aigi_aa5d3483a622b654,test_external_seen_family/aigi/cf_test_external_seen_family_aigi_aa5d3483a622b654_000587.png.png,1,test_external_seen_family,community-forensics-eval,galip,test,test_external_seen_family,RAISE,GALIP,galip,GAN,family_seen,7ca2968a92dbc1ef25308eaa123013cf280753766100eb16e6619950c68bd4dd,cc0d6da33775841d,20260828,7d4a74a88d2cac93b513c0853bf92c260eaceea0,data/CompEval-00121-of-00413.parquet,4,3,224,224,PNG,100414
cf_test_external_seen_family_aigi_aa85f9f4f0e931ef,test_external_seen_family/aigi/cf_test_external_seen_family_aigi_aa85f9f4f0e931ef_000986.png.png,1,test_external_seen_family,community-forensics-eval,lcm-lora-sdxl,test,test_external_seen_family,RAISE,LCM_lora_sdxl,lcm-lora-sdxl,LatDiff,family_seen,b65afe2767141e46001210c6b6733b9f8c70ea821e973920c37f86a8abb9d444,980447973c5bae6e,20260828,7d4a74a88d2cac93b513c0853bf92c260eaceea0,data/CompEval-00062-of-00413.parquet,3,9,1024,1024,PNG,1679161
cf_test_external_seen_family_aigi_aa8c641a8a628142,test_external_seen_family/aigi/cf_test_external_seen_family_aigi_aa8c641a8a628142_000314.png.png,1,test_external_seen_family,community-forensics-eval,kvikontent-midjourney-v6,test,test_external_seen_family,RAISE,kvikontent_midjourney_v6,kvikontent-midjourney-v6,LatDiff,family_seen,4975b0f5249397253393c16a1ee8bca8ca5c0fd15d2587f5d1fd3bf1cf9cd75b,9519684aedad3137,20260828,7d4a74a88d2cac93b513c0853bf92c260eaceea0,data/CompEval-00092-of-00413.parquet,1,9,512,512,PNG,618902
cf_test_external_seen_family_aigi_aade2101c0ecc5be,test_external_seen_family/aigi/cf_test_external_seen_family_aigi_aade2101c0ecc5be_000155.png.png,1,test_external_seen_family,community-forensics-eval,lcm-lora-ssd1b,test,test_external_seen_family,RAISE,LCM_lora_ssd1b,lcm-lora-ssd1b,LatDiff,family_seen,927cb19a4855e8753c94d3b3815cb03e9e63a1c61e37ce1f9f2cd8e983eb5f0e,8641b99cc99396ee,20260828,7d4a74a88d2cac93b513c0853bf92c260eaceea0,data/CompEval-00196-of-00413.parquet,0,5,1024,1024,PNG,1491060
cf_test_external_seen_family_aigi_ab9cdf3d7c9a6678,test_external_seen_family/aigi/cf_test_external_seen_family_aigi_ab9cdf3d7c9a6678_000773.png.png,1,test_external_seen_family,community-forensics-eval,kvikontent-midjourney-v6,test,test_external_seen_family,RAISE,kvikontent_midjourney_v6,kvikontent-midjourney-v6,LatDiff,family_seen,a691d0968dad9417ac5c550b7ba9ffcef06a5c0fc6e5e155814fe73b130cdb3f,d48473db0fe2d2c8,20260828,7d4a74a88d2cac93b513c0853bf92c260eaceea0,data/CompEval-00216-of-00413.parquet,0,18,512,512,PNG,364317
cf_test_external_seen_family_aigi_abb8dd53a92cbd50,test_external_seen_family/aigi/cf_test_external_seen_family_aigi_abb8dd53a92cbd50_000153.png.png,1,test_external_seen_family,community-forensics-eval,lcm-lora-ssd1b,test,test_external_seen_family,RAISE,LCM_lora_ssd1b,lcm-lora-ssd1b,LatDiff,family_seen,20628a8dadae0c2260d40e7ce5702e10b26bfef85ebecfb164d9e7c5e6384143,82adff37272d0a21,20260828,7d4a74a88d2cac93b513c0853bf92c260eaceea0,data/CompEval-00198-of-00413.parquet,2,1,1024,1024,PNG,1381744
cf_test_external_seen_family_aigi_ac1aa734f9442f8b,test_external_seen_family/aigi/cf_test_external_seen_family_aigi_ac1aa734f9442f8b_000856.png.png,1,test_external_seen_family,community-forensics-eval,lcm-lora-sdxl,test,test_external_seen_family,RAISE,LCM_lora_sdxl,lcm-lora-sdxl,LatDiff,family_seen,cd9f49899959ea0d66247d9ad1024103a69e81ea83229941bd63743c43d50d4b,90e1c3fce7a13d0a,20260828,7d4a74a88d2cac93b513c0853bf92c260eaceea0,data/CompEval-00061-of-00413.parquet,1,1,1024,1024,PNG,1628879
cf_test_external_seen_family_aigi_ac2369c07de91ca2,test_external_seen_family/aigi/cf_test_external_seen_family_aigi_ac2369c07de91ca2_000964.png.png,1,test_external_seen_family,community-forensics-eval,dfgan,test,test_external_seen_family,COCO,DFGAN,dfgan,GAN,family_seen,b24a40f8e835c5477e72102e8a8f076238419435c5436dc62b12d630b40d1c84,8b74953ac43dc23d,20260828,7d4a74a88d2cac93b513c0853bf92c260eaceea0,data/CompEval-00001-of-00413.parquet,2,6,256,256,PNG,112689
cf_test_external_seen_family_aigi_ac409b035c789e5e,test_external_seen_family/aigi/cf_test_external_seen_family_aigi_ac409b035c789e5e_000257.png.png,1,test_external_seen_family,community-forensics-eval,kandinsky-2-2,test,test_external_seen_family,RAISE,kandinsky_2_2,kandinsky-2-2,LatDiff,family_seen,d1b40befe8f079fc90f3f9bef60938c0a6ea8f9b436087225582f6590ddf91b3,c7cd88e0ef1b2c23,20260828,7d4a74a88d2cac93b513c0853bf92c260eaceea0,data/CompEval-00239-of-00413.parquet,0,15,768,768,PNG,1001113
cf_test_external_seen_family_aigi_ac682c3ee0e999d1,test_external_seen_family/aigi/cf_test_external_seen_family_aigi_ac682c3ee0e999d1_000240.png.png,1,test_external_seen_family,community-forensics-eval,lcm-lora-sdv15,test,test_external_seen_family,RAISE,LCM_lora_sdv15,lcm-lora-sdv15,LatDiff,family_seen,8a7bde92923a1ad58a1f525a823d349a8f8281aeca451a3e13beb6819d79cffb,c84c8ccc3f1b3e33,20260828,7d4a74a88d2cac93b513c0853bf92c260eaceea0,data/CompEval-00363-of-00413.parquet,1,8,512,512,PNG,457723
cf_test_external_seen_family_aigi_ac6972615d742679,test_external_seen_family/aigi/cf_test_external_seen_family_aigi_ac6972615d742679_000019.png.png,1,test_external_seen_family,community-forensics-eval,lcm-lora-sdv15,test,test_external_seen_family,RAISE,LCM_lora_sdv15,lcm-lora-sdv15,LatDiff,family_seen,25de7564a542fc5113f66d5c0a0e47c37ec038324d438e17f861dffff0be4313,a3971c4931e6ea35,20260828,7d4a74a88d2cac93b513c0853bf92c260eaceea0,data/CompEval-00357-of-00413.parquet,4,13,512,512,PNG,310182
cf_test_external_seen_family_aigi_ad0b34712951faba,test_external_seen_family/aigi/cf_test_external_seen_family_aigi_ad0b34712951faba_000220.png.png,1,test_external_seen_family,community-forensics-eval,lcm-lora-sdv15,test,test_external_seen_family,RAISE,LCM_lora_sdv15,lcm-lora-sdv15,LatDiff,family_seen,431993a7c6aa343cbaee4240c98dd7293cf95f61376cfd91c0fc43c840c44a96,97815bc79187d13a,20260828,7d4a74a88d2cac93b513c0853bf92c260eaceea0,data/CompEval-00362-of-00413.parquet,0,19,512,512,PNG,389066
cf_test_external_seen_family_aigi_ad1baf162ab37492,test_external_seen_family/aigi/cf_test_external_seen_family_aigi_ad1baf162ab37492_000475.png.png,1,test_external_seen_family,community-forensics-eval,lcm-lora-ssd1b,test,test_external_seen_family,RAISE,LCM_lora_ssd1b,lcm-lora-ssd1b,LatDiff,family_seen,1edf0165603198d6dd68d00b63a0e3b67e663d573c25e8501e5f16a968c9479d,c54e4b91119d6e37,20260828,7d4a74a88d2cac93b513c0853bf92c260eaceea0,data/CompEval-00196-of-00413.parquet,4,11,1024,1024,PNG,1120728
cf_test_external_seen_family_aigi_ad2f87d38d46291d,test_external_seen_family/aigi/cf_test_external_seen_family_aigi_ad2f87d38d46291d_000140.png.png,1,test_external_seen_family,community-forensics-eval,dfgan,test,test_external_seen_family,COCO,DFGAN,dfgan,GAN,family_seen,e7f2e5ee13625c75c809a03e9062715545d266205cd924f650aa304fcea9b2a7,f6a2f2b2e2a2e2a2,20260828,7d4a74a88d2cac93b513c0853bf92c260eaceea0,data/CompEval-00001-of-00413.parquet,2,1,256,256,PNG,123041
cf_test_external_seen_family_aigi_ad6856101e4394a3,test_external_seen_family/aigi/cf_test_external_seen_family_aigi_ad6856101e4394a3_000522.png.png,1,test_external_seen_family,community-forensics-eval,lcm-lora-sdxl,test,test_external_seen_family,RAISE,LCM_lora_sdxl,lcm-lora-sdxl,LatDiff,family_seen,7484700e4df2e689f05aeed998d703ffb4bf1be12171be16d0366e15f82ab2a5,cad293a42695edf0,20260828,7d4a74a88d2cac93b513c0853bf92c260eaceea0,data/CompEval-00056-of-00413.parquet,4,5,1024,1024,PNG,1597645
cf_test_external_seen_family_aigi_aec7e499b6247972,test_external_seen_family/aigi/cf_test_external_seen_family_aigi_aec7e499b6247972_000713.png.png,1,test_external_seen_family,community-forensics-eval,galip,test,test_external_seen_family,RAISE,GALIP,galip,GAN,family_seen,c2112ee107332605a523ee12aa18fbb79dd9de92f6a38b6d0513c250d9aa5a3a,ce36c1a69a4f14f8,20260828,7d4a74a88d2cac93b513c0853bf92c260eaceea0,data/CompEval-00122-of-00413.parquet,4,17,224,224,PNG,104797
cf_test_external_seen_family_aigi_aee509bc4faeb99e,test_external_seen_family/aigi/cf_test_external_seen_family_aigi_aee509bc4faeb99e_000075.png.png,1,test_external_seen_family,community-forensics-eval,dfgan,test,test_external_seen_family,COCO,DFGAN,dfgan,GAN,family_seen,cf00e1788311e38496cf012f7de186cdd9d5d11abbd41ae6f5266c73e190530e,e5c59712742c2fa6,20260828,7d4a74a88d2cac93b513c0853bf92c260eaceea0,data/CompEval-00004-of-00413.parquet,3,2,256,256,PNG,133985
cf_test_external_seen_family_aigi_aee5edd3e2366232,test_external_seen_family/aigi/cf_test_external_seen_family_aigi_aee5edd3e2366232_000815.png.png,1,test_external_seen_family,community-forensics-eval,lcm-lora-sdxl,test,test_external_seen_family,RAISE,LCM_lora_sdxl,lcm-lora-sdxl,LatDiff,family_seen,4672e05242b477b014f5f306f051a79478922618e7e0e51a9e01a47d67ef10ef,d1e3888347b8f0ed,20260828,7d4a74a88d2cac93b513c0853bf92c260eaceea0,data/CompEval-00063-of-00413.parquet,0,2,1024,1024,PNG,1318321
cf_test_external_seen_family_aigi_af02e8f74551ea98,test_external_seen_family/aigi/cf_test_external_seen_family_aigi_af02e8f74551ea98_000977.png.png,1,test_external_seen_family,community-forensics-eval,lcm-lora-ssd1b,test,test_external_seen_family,RAISE,LCM_lora_ssd1b,lcm-lora-ssd1b,LatDiff,family_seen,f30f07eaf14d1024c5466d312c9fb3bfafefb25bc6fa468dc1866bbd622d1eb1,b2bfc0d00fcb4ec4,20260828,7d4a74a88d2cac93b513c0853bf92c260eaceea0,data/CompEval-00196-of-00413.parquet,1,24,1024,1024,PNG,1533896
cf_test_external_seen_family_aigi_af0422e79ed228f2,test_external_seen_family/aigi/cf_test_external_seen_family_aigi_af0422e79ed228f2_000123.png.png,1,test_external_seen_family,community-forensics-eval,lcm-lora-ssd1b,test,test_external_seen_family,RAISE,LCM_lora_ssd1b,lcm-lora-ssd1b,LatDiff,family_seen,240b1f3eea177c6ad35ad6c2ae3ffd357fab46d0eeec51fdac358e32f81464d2,a5d09e4ff02fc134,20260828,7d4a74a88d2cac93b513c0853bf92c260eaceea0,data/CompEval-00195-of-00413.parquet,0,23,1024,1024,PNG,1279986
cf_test_external_seen_family_aigi_af076e02da90f26f,test_external_seen_family/aigi/cf_test_external_seen_family_aigi_af076e02da90f26f_000871.png.png,1,test_external_seen_family,community-forensics-eval,lcm-lora-sdxl,test,test_external_seen_family,RAISE,LCM_lora_sdxl,lcm-lora-sdxl,LatDiff,family_seen,4aca92ee8f68c32747420e082922ee322943e7a4f1e0e24c6a7dfcb1c45e12a8,ecb05ef8e30e8b0c,20260828,7d4a74a88d2cac93b513c0853bf92c260eaceea0,data/CompEval-00059-of-00413.parquet,3,2,1024,1024,PNG,1857127
cf_test_external_seen_family_aigi_af45e08c317894b4,test_external_seen_family/aigi/cf_test_external_seen_family_aigi_af45e08c317894b4_000599.png.png,1,test_external_seen_family,community-forensics-eval,dfgan,test,test_external_seen_family,COCO,DFGAN,dfgan,GAN,family_seen,be8b0f6cc86f708729bcd24a1be588ef9b8e16d7a6ba348182bb98b67c9a3861,d353a8ac995b2e64,20260828,7d4a74a88d2cac93b513c0853bf92c260eaceea0,data/CompEval-00002-of-00413.parquet,2,16,256,256,PNG,133424
cf_test_external_seen_family_aigi_af5ce8c45f133874,test_external_seen_family/aigi/cf_test_external_seen_family_aigi_af5ce8c45f133874_000706.png.png,1,test_external_seen_family,community-forensics-eval,kandinsky-2-2,test,test_external_seen_family,RAISE,kandinsky_2_2,kandinsky-2-2,LatDiff,family_seen,09887d80664f55a567a561300a2ba2b315fc1b271a1a1838d6f8683f7334a723,b7323256cd9948cd,20260828,7d4a74a88d2cac93b513c0853bf92c260eaceea0,data/CompEval-00240-of-00413.parquet,2,23,768,768,PNG,895078
cf_test_external_seen_family_aigi_af6eda1d3a61f6e3,test_external_seen_family/aigi/cf_test_external_seen_family_aigi_af6eda1d3a61f6e3_000376.png.png,1,test_external_seen_family,community-forensics-eval,dfgan,test,test_external_seen_family,COCO,DFGAN,dfgan,GAN,family_seen,cb85517e1880c17e716e80856015d81fdd514760d44c93b1c494c52992ccffab,f5d7d0888c8a3b63,20260828,7d4a74a88d2cac93b513c0853bf92c260eaceea0,data/CompEval-00007-of-00413.parquet,0,2,256,256,PNG,112729
cf_test_external_seen_family_aigi_af908d4810ffe1fa,test_external_seen_family/aigi/cf_test_external_seen_family_aigi_af908d4810ffe1fa_000699.png.png,1,test_external_seen_family,community-forensics-eval,decidiffusionv2,test,test_external_seen_family,RAISE,DeciDiffusionV2,decidiffusionv2,LatDiff,family_seen,ff49044bab6b349bf83b4301134198b27858419a266469753bf62a8d7f044545,f37909c666b1591c,20260828,7d4a74a88d2cac93b513c0853bf92c260eaceea0,data/CompEval-00311-of-00413.parquet,1,20,512,512,PNG,292390
cf_test_external_seen_family_aigi_afd2722af820fa2a,test_external_seen_family/aigi/cf_test_external_seen_family_aigi_afd2722af820fa2a_000196.png.png,1,test_external_seen_family,community-forensics-eval,lcm-lora-sdv15,test,test_external_seen_family,RAISE,LCM_lora_sdv15,lcm-lora-sdv15,LatDiff,family_seen,dd6f1928df618f39937785803b5a1f613a0557dacf241ea1b163632954d68d5e,f6fa0007af82da78,20260828,7d4a74a88d2cac93b513c0853bf92c260eaceea0,data/CompEval-00360-of-00413.parquet,0,17,512,512,PNG,318455
cf_test_external_seen_family_aigi_afe42bc060328f4c,test_external_seen_family/aigi/cf_test_external_seen_family_aigi_afe42bc060328f4c_000958.png.png,1,test_external_seen_family,community-forensics-eval,hourglass,test,test_external_seen_family,FFHQ,Hourglass,hourglass,PixDiff,family_seen,671c9797be4511a18ed1b7e5c147f1b460357246d7ec7ca689b3f3bcd4b37eb0,d055040317fa1fdf,20260828,7d4a74a88d2cac93b513c0853bf92c260eaceea0,data/CompEval-00276-of-00413.parquet,0,14,1024,1024,PNG,1259259
cf_test_external_seen_family_aigi_b023cead783c559b,test_external_seen_family/aigi/cf_test_external_seen_family_aigi_b023cead783c559b_000133.png.png,1,test_external_seen_family,community-forensics-eval,dfgan,test,test_external_seen_family,COCO,DFGAN,dfgan,GAN,family_seen,f36294b8ed0260066b8da33070bbed91731b480ef6befe3e1da7a20480dee0b0,c2c1d1d1d38f9c9c,20260828,7d4a74a88d2cac93b513c0853bf92c260eaceea0,data/CompEval-00007-of-00413.parquet,3,18,256,256,PNG,134917
cf_test_external_seen_family_aigi_b05a0b609a648f1d,test_external_seen_family/aigi/cf_test_external_seen_family_aigi_b05a0b609a648f1d_000068.png.png,1,test_external_seen_family,community-forensics-eval,lcm-lora-sdxl,test,test_external_seen_family,RAISE,LCM_lora_sdxl,lcm-lora-sdxl,LatDiff,family_seen,e5601be742226e4b64b0bc8955f8b9c2104ee8d8c79e5e83e74134b798f5603f,ecb4c1966e3386e1,20260828,7d4a74a88d2cac93b513c0853bf92c260eaceea0,data/CompEval-00061-of-00413.parquet,0,17,1024,1024,PNG,1096475
cf_test_external_seen_family_aigi_b05ea74ed0d11f9a,test_external_seen_family/aigi/cf_test_external_seen_family_aigi_b05ea74ed0d11f9a_000646.png.png,1,test_external_seen_family,community-forensics-eval,decidiffusionv2,test,test_external_seen_family,RAISE,DeciDiffusionV2,decidiffusionv2,LatDiff,family_seen,a795a80aaeae24f003f2cc4c136c883da9bced8de5b87851d5b3928310c354c6,b55f248e2c3b8db0,20260828,7d4a74a88d2cac93b513c0853bf92c260eaceea0,data/CompEval-00317-of-00413.parquet,0,15,512,512,PNG,545616
cf_test_external_seen_family_aigi_b0ab790c417c4cad,test_external_seen_family/aigi/cf_test_external_seen_family_aigi_b0ab790c417c4cad_000685.png.png,1,test_external_seen_family,community-forensics-eval,kvikontent-midjourney-v6,test,test_external_seen_family,RAISE,kvikontent_midjourney_v6,kvikontent-midjourney-v6,LatDiff,family_seen,1caf2d1a153840222d896d7d40f5ab7d3d78f7785521b77731d8ce883c161f5e,f46361fa62392339,20260828,7d4a74a88d2cac93b513c0853bf92c260eaceea0,data/CompEval-00218-of-00413.parquet,0,10,512,512,PNG,510495
cf_test_external_seen_family_aigi_b0cc824094856896,test_external_seen_family/aigi/cf_test_external_seen_family_aigi_b0cc824094856896_000913.png.png,1,test_external_seen_family,community-forensics-eval,lcm-lora-ssd1b,test,test_external_seen_family,RAISE,LCM_lora_ssd1b,lcm-lora-ssd1b,LatDiff,family_seen,c774271144d70f5370b1dce943bb741b55d23d14626a7756f9a2973a728e270b,e9ed94126be9a514,20260828,7d4a74a88d2cac93b513c0853bf92c260eaceea0,data/CompEval-00198-of-00413.parquet,2,4,1024,1024,PNG,1574759
cf_test_external_seen_family_aigi_b16386a237ae914c,test_external_seen_family/aigi/cf_test_external_seen_family_aigi_b16386a237ae914c_000059.png.png,1,test_external_seen_family,community-forensics-eval,dfgan,test,test_external_seen_family,COCO,DFGAN,dfgan,GAN,family_seen,7445e65b145b64adf0b6f4bcdfe714094b8fff928dcaf63f16a0e3c1f6d8bcae,c3c357eec02c2c9e,20260828,7d4a74a88d2cac93b513c0853bf92c260eaceea0,data/CompEval-00002-of-00413.parquet,4,8,256,256,PNG,122255
cf_test_external_seen_family_aigi_b1ad9a9775ba021e,test_external_seen_family/aigi/cf_test_external_seen_family_aigi_b1ad9a9775ba021e_000617.png.png,1,test_external_seen_family,community-forensics-eval,decidiffusionv2,test,test_external_seen_family,RAISE,DeciDiffusionV2,decidiffusionv2,LatDiff,family_seen,41d4e2a146ab2e20b64d4a8ba7231a8bc9d4937efbe6389cd78413e8a250b573,de9ac14c1c3e25f2,20260828,7d4a74a88d2cac93b513c0853bf92c260eaceea0,data/CompEval-00316-of-00413.parquet,3,10,512,512,PNG,479378
cf_test_external_seen_family_aigi_b1bf5b2719222e8f,test_external_seen_family/aigi/cf_test_external_seen_family_aigi_b1bf5b2719222e8f_000425.png.png,1,test_external_seen_family,community-forensics-eval,kandinsky-2-2,test,test_external_seen_family,RAISE,kandinsky_2_2,kandinsky-2-2,LatDiff,family_seen,e0ab2843818e96b368b4906a453f98a7bcb5cb809c17280ac2a7af58bf43e120,cca1fa8cf11aa599,20260828,7d4a74a88d2cac93b513c0853bf92c260eaceea0,data/CompEval-00161-of-00413.parquet,3,17,768,768,PNG,997937
cf_test_external_seen_family_aigi_b1d90e1362dc4a28,test_external_seen_family/aigi/cf_test_external_seen_family_aigi_b1d90e1362dc4a28_000309.png.png,1,test_external_seen_family,community-forensics-eval,hourglass,test,test_external_seen_family,FFHQ,Hourglass,hourglass,PixDiff,family_seen,fb4bb1b3cd241d032e133e0c46c2b65397a60ab6eb5a980b9f6d11bb287dab9c,da6a6021b7f0c29f,20260828,7d4a74a88d2cac93b513c0853bf92c260eaceea0,data/CompEval-00274-of-00413.parquet,2,20,1024,1024,PNG,1278845
cf_test_external_seen_family_aigi_b28081831aed5f78,test_external_seen_family/aigi/cf_test_external_seen_family_aigi_b28081831aed5f78_000041.png.png,1,test_external_seen_family,community-forensics-eval,lcm-lora-sdv15,test,test_external_seen_family,RAISE,LCM_lora_sdv15,lcm-lora-sdv15,LatDiff,family_seen,d7d471eefecf36179c8c40157c898d7ac03db35c9184ef0df36a8ade4c3039c6,b9f043ff2c14072b,20260828,7d4a74a88d2cac93b513c0853bf92c260eaceea0,data/CompEval-00363-of-00413.parquet,4,4,512,512,PNG,356478
cf_test_external_seen_family_aigi_b288af13f3dd36f5,test_external_seen_family/aigi/cf_test_external_seen_family_aigi_b288af13f3dd36f5_000579.png.png,1,test_external_seen_family,community-forensics-eval,lcm-lora-sdv15,test,test_external_seen_family,RAISE,LCM_lora_sdv15,lcm-lora-sdv15,LatDiff,family_seen,b139f2e6ce6108ee7fa81a3aba591c8050df3cd8de85fd66e273e1487df35914,fa7e8118e8399e61,20260828,7d4a74a88d2cac93b513c0853bf92c260eaceea0,data/CompEval-00360-of-00413.parquet,4,4,512,512,PNG,339222
cf_test_external_seen_family_aigi_b29ae2ab406ee0c4,test_external_seen_family/aigi/cf_test_external_seen_family_aigi_b29ae2ab406ee0c4_000086.png.png,1,test_external_seen_family,community-forensics-eval,galip,test,test_external_seen_family,RAISE,GALIP,galip,GAN,family_seen,56871b973a2d82d60e0efdccd89f5d97b49f30cf50a7cf28b8fe4c9bebdf1f05,cc363326f189d966,20260828,7d4a74a88d2cac93b513c0853bf92c260eaceea0,data/CompEval-00122-of-00413.parquet,1,17,224,224,PNG,53075
cf_test_external_seen_family_aigi_b2d82c7da67494b3,test_external_seen_family/aigi/cf_test_external_seen_family_aigi_b2d82c7da67494b3_000649.png.png,1,test_external_seen_family,community-forensics-eval,lcm-lora-sdv15,test,test_external_seen_family,RAISE,LCM_lora_sdv15,lcm-lora-sdv15,LatDiff,family_seen,46758b9f813cd0346b2d2351d21b0686383fe9b5c95d87f74dfec26b371afd63,998669379ee1323c,20260828,7d4a74a88d2cac93b513c0853bf92c260eaceea0,data/CompEval-00358-of-00413.parquet,2,8,512,512,PNG,256614
cf_test_external_seen_family_aigi_b2fcbf71dd1e61ab,test_external_seen_family/aigi/cf_test_external_seen_family_aigi_b2fcbf71dd1e61ab_000211.png.png,1,test_external_seen_family,community-forensics-eval,galip,test,test_external_seen_family,RAISE,GALIP,galip,GAN,family_seen,eb6af127546237ff23cc47b609aebdbbd10a50f904f38e62ea2813d7a2e500c1,e2c66ef12057a4f4,20260828,7d4a74a88d2cac93b513c0853bf92c260eaceea0,data/CompEval-00122-of-00413.parquet,5,0,224,224,PNG,73385
cf_test_external_seen_family_aigi_b32d89fabcedeb2e,test_external_seen_family/aigi/cf_test_external_seen_family_aigi_b32d89fabcedeb2e_000764.png.png,1,test_external_seen_family,community-forensics-eval,lcm-lora-sdv15,test,test_external_seen_family,RAISE,LCM_lora_sdv15,lcm-lora-sdv15,LatDiff,family_seen,7f91ccfcd1071cc1884ce56736157f2b89090eb89fd63cf195b471b3757e75e9,e7b80213f9c7464e,20260828,7d4a74a88d2cac93b513c0853bf92c260eaceea0,data/CompEval-00360-of-00413.parquet,2,6,512,512,PNG,308500
cf_test_external_seen_family_aigi_b32e74ea88378e3d,test_external_seen_family/aigi/cf_test_external_seen_family_aigi_b32e74ea88378e3d_000784.png.png,1,test_external_seen_family,community-forensics-eval,kvikontent-midjourney-v6,test,test_external_seen_family,RAISE,kvikontent_midjourney_v6,kvikontent-midjourney-v6,LatDiff,family_seen,17696f858451a63af524d9b1e94944ca512a3ddd8e31c09073cd731a80dea894,bbc4a3bf5840b19c,20260828,7d4a74a88d2cac93b513c0853bf92c260eaceea0,data/CompEval-00090-of-00413.parquet,2,14,512,512,PNG,388575
cf_test_external_seen_family_aigi_b357963e34886e3c,test_external_seen_family/aigi/cf_test_external_seen_family_aigi_b357963e34886e3c_000044.png.png,1,test_external_seen_family,community-forensics-eval,hourglass,test,test_external_seen_family,FFHQ,Hourglass,hourglass,PixDiff,family_seen,78bc55eea3dc1ae819751347ebe75d54dc45e56da35185abd826495fc6689824,9d42036bea2367c7,20260828,7d4a74a88d2cac93b513c0853bf92c260eaceea0,data/CompEval-00275-of-00413.parquet,0,10,1024,1024,PNG,1182667
cf_test_external_seen_family_aigi_b3605cd2d7d18a30,test_external_seen_family/aigi/cf_test_external_seen_family_aigi_b3605cd2d7d18a30_000524.png.png,1,test_external_seen_family,community-forensics-eval,hourglass,test,test_external_seen_family,FFHQ,Hourglass,hourglass,PixDiff,family_seen,56486ad3372ab410718e6f005a5886947b36ac4550d6ea0510f0887dc6dce3b6,bedaa183d381039f,20260828,7d4a74a88d2cac93b513c0853bf92c260eaceea0,data/CompEval-00104-of-00413.parquet,3,19,1024,1024,PNG,1301042
cf_test_external_seen_family_aigi_b413e1f0c7b19491,test_external_seen_family/aigi/cf_test_external_seen_family_aigi_b413e1f0c7b19491_000215.png.png,1,test_external_seen_family,community-forensics-eval,kandinsky-2-2,test,test_external_seen_family,RAISE,kandinsky_2_2,kandinsky-2-2,LatDiff,family_seen,8452d26b99bfb891a6a661ab084fc169cae120316d9f3a4a39670c2f978c4859,c0919d7f17688fb0,20260828,7d4a74a88d2cac93b513c0853bf92c260eaceea0,data/CompEval-00244-of-00413.parquet,1,22,768,768,PNG,934006
cf_test_external_seen_family_aigi_b43f0777f78e2636,test_external_seen_family/aigi/cf_test_external_seen_family_aigi_b43f0777f78e2636_000616.png.png,1,test_external_seen_family,community-forensics-eval,lcm-lora-ssd1b,test,test_external_seen_family,RAISE,LCM_lora_ssd1b,lcm-lora-ssd1b,LatDiff,family_seen,1a3f7109910be2efe722cf11e0d3f641bb91d4e2cfd23da8275bdc2ac6b9de9c,9616349e1e3078df,20260828,7d4a74a88d2cac93b513c0853bf92c260eaceea0,data/CompEval-00191-of-00413.parquet,3,0,1024,1024,PNG,1794772
cf_test_external_seen_family_aigi_b47033c1fb70902a,test_external_seen_family/aigi/cf_test_external_seen_family_aigi_b47033c1fb70902a_000694.png.png,1,test_external_seen_family,community-forensics-eval,decidiffusionv2,test,test_external_seen_family,RAISE,DeciDiffusionV2,decidiffusionv2,LatDiff,family_seen,6245b8972f1a99cc3e2aa0abb7bb2f3aa6cf1a88363e632c615671ec2940b9ce,9d61e25b58b1b694,20260828,7d4a74a88d2cac93b513c0853bf92c260eaceea0,data/CompEval-00316-of-00413.parquet,3,6,512,512,PNG,571376
cf_test_external_seen_family_aigi_b4d8c09897ab5259,test_external_seen_family/aigi/cf_test_external_seen_family_aigi_b4d8c09897ab5259_000229.png.png,1,test_external_seen_family,community-forensics-eval,kvikontent-midjourney-v6,test,test_external_seen_family,RAISE,kvikontent_midjourney_v6,kvikontent-midjourney-v6,LatDiff,family_seen,8ebd84045c90cb113cc97b0938a3f414fae6baad1c409b5d84fa376d7f1e7af0,94ff396695c25d80,20260828,7d4a74a88d2cac93b513c0853bf92c260eaceea0,data/CompEval-00218-of-00413.parquet,2,7,512,512,PNG,517386
cf_test_external_seen_family_aigi_b5086950b8dbcae4,test_external_seen_family/aigi/cf_test_external_seen_family_aigi_b5086950b8dbcae4_000325.png.png,1,test_external_seen_family,community-forensics-eval,decidiffusionv2,test,test_external_seen_family,RAISE,DeciDiffusionV2,decidiffusionv2,LatDiff,family_seen,9ff6d6058d27a76a526ee9b7b2e47095573d0b1e2bbddc78942e206e4b68c8c2,c49882db7b0a7b6a,20260828,7d4a74a88d2cac93b513c0853bf92c260eaceea0,data/CompEval-00315-of-00413.parquet,3,22,512,512,PNG,477057
cf_test_external_seen_family_aigi_b529ab0a064c1452,test_external_seen_family/aigi/cf_test_external_seen_family_aigi_b529ab0a064c1452_000481.png.png,1,test_external_seen_family,community-forensics-eval,lcm-lora-sdxl,test,test_external_seen_family,RAISE,LCM_lora_sdxl,lcm-lora-sdxl,LatDiff,family_seen,6f0c12ad5aa99033a2028e830de6237d1b680977c47667e1cffc3984de19ff96,c94cdcf3c18ce139,20260828,7d4a74a88d2cac93b513c0853bf92c260eaceea0,data/CompEval-00060-of-00413.parquet,2,20,1024,1024,PNG,1553378
cf_test_external_seen_family_aigi_b5dfc7d7003fbe3f,test_external_seen_family/aigi/cf_test_external_seen_family_aigi_b5dfc7d7003fbe3f_000747.png.png,1,test_external_seen_family,community-forensics-eval,kandinsky-2-2,test,test_external_seen_family,RAISE,kandinsky_2_2,kandinsky-2-2,LatDiff,family_seen,790914ae0de76d24f3a45a6507a8f824ffbe365e8b4bc8793d772849cc39cdfd,e5c6de7b11472486,20260828,7d4a74a88d2cac93b513c0853bf92c260eaceea0,data/CompEval-00240-of-00413.parquet,4,0,768,768,PNG,948520
cf_test_external_seen_family_aigi_b66704be00fd1fc0,test_external_seen_family/aigi/cf_test_external_seen_family_aigi_b66704be00fd1fc0_000875.png.png,1,test_external_seen_family,community-forensics-eval,decidiffusionv2,test,test_external_seen_family,RAISE,DeciDiffusionV2,decidiffusionv2,LatDiff,family_seen,9201f7dfc63c5e61ebd4f4be596d15990084c3f77162a806490f40f856a5b4a7,94969614b3de48af,20260828,7d4a74a88d2cac93b513c0853bf92c260eaceea0,data/CompEval-00316-of-00413.parquet,2,10,512,512,PNG,439809
cf_test_external_seen_family_aigi_b6e60a79e8234226,test_external_seen_family/aigi/cf_test_external_seen_family_aigi_b6e60a79e8234226_000144.png.png,1,test_external_seen_family,community-forensics-eval,lcm-lora-sdv15,test,test_external_seen_family,RAISE,LCM_lora_sdv15,lcm-lora-sdv15,LatDiff,family_seen,b9bab4e2026a3d0c9120f72baa78b05d7ce3c10354c67b6daea7f026c1b5c16d,f68b1d933d0cc638,20260828,7d4a74a88d2cac93b513c0853bf92c260eaceea0,data/CompEval-00362-of-00413.parquet,4,17,512,512,PNG,323117
cf_test_external_seen_family_aigi_b7724e07818ea198,test_external_seen_family/aigi/cf_test_external_seen_family_aigi_b7724e07818ea198_000701.png.png,1,test_external_seen_family,community-forensics-eval,kandinsky-2-2,test,test_external_seen_family,RAISE,kandinsky_2_2,kandinsky-2-2,LatDiff,family_seen,475a94b49cac617262b83340f1ced3b63576384f266d8d6cee4e59853b36668d,cd6c067991c66d87,20260828,7d4a74a88d2cac93b513c0853bf92c260eaceea0,data/CompEval-00239-of-00413.parquet,0,3,768,768,PNG,1205928
cf_test_external_seen_family_aigi_b801b737c5cbf824,test_external_seen_family/aigi/cf_test_external_seen_family_aigi_b801b737c5cbf824_000507.png.png,1,test_external_seen_family,community-forensics-eval,lcm-lora-sdv15,test,test_external_seen_family,RAISE,LCM_lora_sdv15,lcm-lora-sdv15,LatDiff,family_seen,52595c4164caab717ab76d27ed507b18a8e62da6783f4158a9faf212b44a7161,8021f75e6f2fb190,20260828,7d4a74a88d2cac93b513c0853bf92c260eaceea0,data/CompEval-00360-of-00413.parquet,2,13,512,512,PNG,298284
cf_test_external_seen_family_aigi_b81aa0b1960aec75,test_external_seen_family/aigi/cf_test_external_seen_family_aigi_b81aa0b1960aec75_000973.png.png,1,test_external_seen_family,community-forensics-eval,decidiffusionv2,test,test_external_seen_family,RAISE,DeciDiffusionV2,decidiffusionv2,LatDiff,family_seen,9f6b325bfca51ad75cada2be9b0ee7d5c535d3d82b5014ed430004c3adbdd83c,834bc7c29b9b8a66,20260828,7d4a74a88d2cac93b513c0853bf92c260eaceea0,data/CompEval-00314-of-00413.parquet,2,0,512,512,PNG,459136
cf_test_external_seen_family_aigi_b81d7a189543357a,test_external_seen_family/aigi/cf_test_external_seen_family_aigi_b81d7a189543357a_000159.png.png,1,test_external_seen_family,community-forensics-eval,galip,test,test_external_seen_family,RAISE,GALIP,galip,GAN,family_seen,116eb35763f3f261ea5466ad260691b370379401307a496b166204964652f2cd,f0e1c1872fa8e89d,20260828,7d4a74a88d2cac93b513c0853bf92c260eaceea0,data/CompEval-00047-of-00413.parquet,3,21,224,224,PNG,123510
cf_test_external_seen_family_aigi_b94b88726e4706bd,test_external_seen_family/aigi/cf_test_external_seen_family_aigi_b94b88726e4706bd_000921.png.png,1,test_external_seen_family,community-forensics-eval,decidiffusionv2,test,test_external_seen_family,RAISE,DeciDiffusionV2,decidiffusionv2,LatDiff,family_seen,0d947d02355e3d58e918dfff1aa458d8406c3a4d06c3426828c37f08e7c31e5a,c1b0679c33cd38e3,20260828,7d4a74a88d2cac93b513c0853bf92c260eaceea0,data/CompEval-00316-of-00413.parquet,2,9,512,512,PNG,352320
cf_test_external_seen_family_aigi_b94e6f046ef64cf1,test_external_seen_family/aigi/cf_test_external_seen_family_aigi_b94e6f046ef64cf1_000084.png.png,1,test_external_seen_family,community-forensics-eval,hourglass,test,test_external_seen_family,,Hourglass,hourglass,PixDiff,family_seen,f8322524f3fe549d5119f5669b5ff5ea129c407ccbf049b82c2a86a5642b9286,e6da2772c40d4ab5,20260828,7d4a74a88d2cac93b513c0853bf92c260eaceea0,data/CompEval-00083-of-00413.parquet,3,15,256,256,PNG,101932
cf_test_external_seen_family_aigi_b9f729d34e1e1f89,test_external_seen_family/aigi/cf_test_external_seen_family_aigi_b9f729d34e1e1f89_000831.png.png,1,test_external_seen_family,community-forensics-eval,kandinsky-2-2,test,test_external_seen_family,RAISE,kandinsky_2_2,kandinsky-2-2,LatDiff,family_seen,08f96b9a7c0b38dded4417af44183f9ec225f4474198a49df651ccf329fc1448,f3d3ac4c6a525174,20260828,7d4a74a88d2cac93b513c0853bf92c260eaceea0,data/CompEval-00245-of-00413.parquet,4,17,768,768,PNG,972382
cf_test_external_seen_family_aigi_ba07528a34905acc,test_external_seen_family/aigi/cf_test_external_seen_family_aigi_ba07528a34905acc_000206.png.png,1,test_external_seen_family,community-forensics-eval,lcm-lora-ssd1b,test,test_external_seen_family,RAISE,LCM_lora_ssd1b,lcm-lora-ssd1b,LatDiff,family_seen,26c01318c9eaa78ffefdfe1600f4723ed84a13b6fef562bdf302de143d77862c,f6f949da72869a02,20260828,7d4a74a88d2cac93b513c0853bf92c260eaceea0,data/CompEval-00193-of-00413.parquet,0,2,1024,1024,PNG,1878558
cf_test_external_seen_family_aigi_ba1770b50c5a71f7,test_external_seen_family/aigi/cf_test_external_seen_family_aigi_ba1770b50c5a71f7_000421.png.png,1,test_external_seen_family,community-forensics-eval,lcm-lora-ssd1b,test,test_external_seen_family,RAISE,LCM_lora_ssd1b,lcm-lora-ssd1b,LatDiff,family_seen,d10662419b21a36b6a68b3e4def957d13fee4094c122e6bde5bc591fb73a1270,cd8c37d713d111b2,20260828,7d4a74a88d2cac93b513c0853bf92c260eaceea0,data/CompEval-00192-of-00413.parquet,3,14,1024,1024,PNG,1154960
cf_test_external_seen_family_aigi_ba5d0e721e5a732d,test_external_seen_family/aigi/cf_test_external_seen_family_aigi_ba5d0e721e5a732d_000443.png.png,1,test_external_seen_family,community-forensics-eval,dfgan,test,test_external_seen_family,COCO,DFGAN,dfgan,GAN,family_seen,2a1847471b69e6a249887c9a25d5c4d5ae1ae45283b61976c83acca1f4965a01,f7805c9271a75b58,20260828,7d4a74a88d2cac93b513c0853bf92c260eaceea0,data/CompEval-00001-of-00413.parquet,3,7,256,256,PNG,107187
cf_test_external_seen_family_aigi_baec68e6688ccb05,test_external_seen_family/aigi/cf_test_external_seen_family_aigi_baec68e6688ccb05_000925.png.png,1,test_external_seen_family,community-forensics-eval,galip,test,test_external_seen_family,RAISE,GALIP,galip,GAN,family_seen,c9ddafe2cbcac6ae6ef82e4903180cb5ad3a77485091f1884accc47ce340d7e3,e61b2d52b14d926d,20260828,7d4a74a88d2cac93b513c0853bf92c260eaceea0,data/CompEval-00047-of-00413.parquet,0,18,224,224,PNG,67533
cf_test_external_seen_family_aigi_bb80241a48a160d3,test_external_seen_family/aigi/cf_test_external_seen_family_aigi_bb80241a48a160d3_000961.png.png,1,test_external_seen_family,community-forensics-eval,lcm-lora-ssd1b,test,test_external_seen_family,RAISE,LCM_lora_ssd1b,lcm-lora-ssd1b,LatDiff,family_seen,e9071254fbd16d111f67b650dfba3719a152d04b29f38809e0a1c2a32b37ef95,b6e0e1e28f1ec81b,20260828,7d4a74a88d2cac93b513c0853bf92c260eaceea0,data/CompEval-00197-of-00413.parquet,3,7,1024,1024,PNG,1474090
cf_test_external_seen_family_aigi_bbc7bc4931faf6a6,test_external_seen_family/aigi/cf_test_external_seen_family_aigi_bbc7bc4931faf6a6_000782.png.png,1,test_external_seen_family,community-forensics-eval,lcm-lora-sdv15,test,test_external_seen_family,RAISE,LCM_lora_sdv15,lcm-lora-sdv15,LatDiff,family_seen,adc4fcbcf8798a2b5ca44cb433f3ce1f6d5ec9bf352476a98c0ede4f18945c44,8cd9e2c6d8a4d2e3,20260828,7d4a74a88d2cac93b513c0853bf92c260eaceea0,data/CompEval-00360-of-00413.parquet,4,1,512,512,PNG,392174
cf_test_external_seen_family_aigi_bbc7d0fee8839cdb,test_external_seen_family/aigi/cf_test_external_seen_family_aigi_bbc7d0fee8839cdb_000588.png.png,1,test_external_seen_family,community-forensics-eval,hourglass,test,test_external_seen_family,,Hourglass,hourglass,PixDiff,family_seen,3217a0e75b17d48d0b29a7cc5501e52c5061e455957c548651c6b7a5c83b2472,e436eda6a1d61ec0,20260828,7d4a74a88d2cac93b513c0853bf92c260eaceea0,data/CompEval-00151-of-00413.parquet,2,16,256,256,PNG,141262
cf_test_external_seen_family_aigi_bc06485681287335,test_external_seen_family/aigi/cf_test_external_seen_family_aigi_bc06485681287335_000037.png.png,1,test_external_seen_family,community-forensics-eval,lcm-lora-ssd1b,test,test_external_seen_family,RAISE,LCM_lora_ssd1b,lcm-lora-ssd1b,LatDiff,family_seen,b57b53fd8059130e71cbf8ae2accb02055ea4959a2cc78238cc6f8b7745354d3,cf00dbcfc6923171,20260828,7d4a74a88d2cac93b513c0853bf92c260eaceea0,data/CompEval-00197-of-00413.parquet,4,22,1024,1024,PNG,1855715
cf_test_external_seen_family_aigi_bc66bff81af91ecf,test_external_seen_family/aigi/cf_test_external_seen_family_aigi_bc66bff81af91ecf_000654.png.png,1,test_external_seen_family,community-forensics-eval,decidiffusionv2,test,test_external_seen_family,RAISE,DeciDiffusionV2,decidiffusionv2,LatDiff,family_seen,086c42b48c25272d94f5be02429c68bb044aef47fbce43616c908540a528c44d,e55e069ad99b02d6,20260828,7d4a74a88d2cac93b513c0853bf92c260eaceea0,data/CompEval-00316-of-00413.parquet,0,9,512,512,PNG,401929
cf_test_external_seen_family_aigi_bcb93e1b21a10e2d,test_external_seen_family/aigi/cf_test_external_seen_family_aigi_bcb93e1b21a10e2d_000425.png.png,1,test_external_seen_family,community-forensics-eval,galip,test,test_external_seen_family,RAISE,GALIP,galip,GAN,family_seen,23ffd3ee04f7932dc2d179049219f26f1015c911a754e76beac9914433501835,d1514ecb29394dc7,20260828,7d4a74a88d2cac93b513c0853bf92c260eaceea0,data/CompEval-00123-of-00413.parquet,4,11,224,224,PNG,48782
cf_test_external_seen_family_aigi_bd22d3374f279d73,test_external_seen_family/aigi/cf_test_external_seen_family_aigi_bd22d3374f279d73_000766.png.png,1,test_external_seen_family,community-forensics-eval,decidiffusionv2,test,test_external_seen_family,RAISE,DeciDiffusionV2,decidiffusionv2,LatDiff,family_seen,49ee10c42e05c960e618e822f0f6774d07b8cf0ef2fa267461663d3468feef3b,d0aacf5a48945dae,20260828,7d4a74a88d2cac93b513c0853bf92c260eaceea0,data/CompEval-00312-of-00413.parquet,2,19,512,512,PNG,532115
cf_test_external_seen_family_aigi_bd76f1f6dde43082,test_external_seen_family/aigi/cf_test_external_seen_family_aigi_bd76f1f6dde43082_000273.png.png,1,test_external_seen_family,community-forensics-eval,lcm-lora-sdv15,test,test_external_seen_family,RAISE,LCM_lora_sdv15,lcm-lora-sdv15,LatDiff,family_seen,77eb78331f7ec3e11019a7154faacbdbe6c0bf6eb0f945a54755f3c756015b9a,c429e6f817766117,20260828,7d4a74a88d2cac93b513c0853bf92c260eaceea0,data/CompEval-00114-of-00413.parquet,3,6,512,512,PNG,265786
cf_test_external_seen_family_aigi_be904806260103bd,test_external_seen_family/aigi/cf_test_external_seen_family_aigi_be904806260103bd_000314.png.png,1,test_external_seen_family,community-forensics-eval,kandinsky-2-2,test,test_external_seen_family,RAISE,kandinsky_2_2,kandinsky-2-2,LatDiff,family_seen,e0fd5ef05e577afda0e6cd1e0e352e961081486c927d7ec6b93ceedc3ae5ee6d,dc6466d729532aa6,20260828,7d4a74a88d2cac93b513c0853bf92c260eaceea0,data/CompEval-00244-of-00413.parquet,3,15,768,768,PNG,1159523
cf_test_external_seen_family_aigi_bf54dd0bdd826b28,test_external_seen_family/aigi/cf_test_external_seen_family_aigi_bf54dd0bdd826b28_000197.png.png,1,test_external_seen_family,community-forensics-eval,dfgan,test,test_external_seen_family,COCO,DFGAN,dfgan,GAN,family_seen,3130f4a3f34459ab3ce30e3aa3dcd3fd736e544b89e9550943499c35c2ca98d7,b813476ccc2db297,20260828,7d4a74a88d2cac93b513c0853bf92c260eaceea0,data/CompEval-00003-of-00413.parquet,4,22,256,256,PNG,130654
cf_test_external_seen_family_aigi_bf7041e09a84c9e8,test_external_seen_family/aigi/cf_test_external_seen_family_aigi_bf7041e09a84c9e8_000036.png.png,1,test_external_seen_family,community-forensics-eval,lcm-lora-sdv15,test,test_external_seen_family,RAISE,LCM_lora_sdv15,lcm-lora-sdv15,LatDiff,family_seen,0b6c2c972518cfa5569a144d8ef3aa555375b7e27e0ad0b031b40ec75b81cf64,d4e0f4dbfb034b04,20260828,7d4a74a88d2cac93b513c0853bf92c260eaceea0,data/CompEval-00113-of-00413.parquet,3,2,512,512,PNG,370219
cf_test_external_seen_family_aigi_bf89b6647a99fdd7,test_external_seen_family/aigi/cf_test_external_seen_family_aigi_bf89b6647a99fdd7_000120.png.png,1,test_external_seen_family,community-forensics-eval,lcm-lora-ssd1b,test,test_external_seen_family,RAISE,LCM_lora_ssd1b,lcm-lora-ssd1b,LatDiff,family_seen,5b441e78ac65f94fb7a66e27164dd4f7c6d820ba1e2076e96d5c69247b095685,f2e8e9e2e1c2c14e,20260828,7d4a74a88d2cac93b513c0853bf92c260eaceea0,data/CompEval-00198-of-00413.parquet,0,8,1024,1024,PNG,1758274
cf_test_external_seen_family_aigi_bfa5890400ff4424,test_external_seen_family/aigi/cf_test_external_seen_family_aigi_bfa5890400ff4424_000726.png.png,1,test_external_seen_family,community-forensics-eval,lcm-lora-sdv15,test,test_external_seen_family,RAISE,LCM_lora_sdv15,lcm-lora-sdv15,LatDiff,family_seen,95f8e802a40b255ec6b8fac77d8620c5d8f1617b1aace350b04ae19f9d249a93,cc999be34ecc2623,20260828,7d4a74a88d2cac93b513c0853bf92c260eaceea0,data/CompEval-00358-of-00413.parquet,0,12,512,512,PNG,412783
cf_test_external_seen_family_aigi_c055e6f194073bb9,test_external_seen_family/aigi/cf_test_external_seen_family_aigi_c055e6f194073bb9_000844.png.png,1,test_external_seen_family,community-forensics-eval,galip,test,test_external_seen_family,RAISE,GALIP,galip,GAN,family_seen,5890ebec713637c8496dce923abb6bec2e96fc50a9a3fca986f1e888bd768be0,dd7b0ea474da82a4,20260828,7d4a74a88d2cac93b513c0853bf92c260eaceea0,data/CompEval-00120-of-00413.parquet,2,7,224,224,PNG,66005
cf_test_external_seen_family_aigi_c05e5897ad56af31,test_external_seen_family/aigi/cf_test_external_seen_family_aigi_c05e5897ad56af31_000265.png.png,1,test_external_seen_family,community-forensics-eval,decidiffusionv2,test,test_external_seen_family,RAISE,DeciDiffusionV2,decidiffusionv2,LatDiff,family_seen,c190921522d7898f0303cd866671893e7c7293e265906a966aebb493f358ecc8,d264fd7825cb5a14,20260828,7d4a74a88d2cac93b513c0853bf92c260eaceea0,data/CompEval-00319-of-00413.parquet,0,6,512,512,PNG,402255
cf_test_external_seen_family_aigi_c085a3b0a4336cf9,test_external_seen_family/aigi/cf_test_external_seen_family_aigi_c085a3b0a4336cf9_000492.png.png,1,test_external_seen_family,community-forensics-eval,lcm-lora-sdxl,test,test_external_seen_family,RAISE,LCM_lora_sdxl,lcm-lora-sdxl,LatDiff,family_seen,9784a3ceb7e3f39ca14482851f7b77b9e2b4efdd60111580cb29cf24fc731b47,ffeaa063894523c9,20260828,7d4a74a88d2cac93b513c0853bf92c260eaceea0,data/CompEval-00062-of-00413.parquet,4,5,1024,1024,PNG,1499167
cf_test_external_seen_family_aigi_c11e68e59059c51f,test_external_seen_family/aigi/cf_test_external_seen_family_aigi_c11e68e59059c51f_000374.png.png,1,test_external_seen_family,community-forensics-eval,kandinsky-2-2,test,test_external_seen_family,RAISE,kandinsky_2_2,kandinsky-2-2,LatDiff,family_seen,e88ce0ef35362cf266d2dc12c8994dcf14729f083aff960651bd258bbfc94991,85069a3e4fe578b4,20260828,7d4a74a88d2cac93b513c0853bf92c260eaceea0,data/CompEval-00245-of-00413.parquet,4,22,768,768,PNG,957991
cf_test_external_seen_family_aigi_c1d72edda7506897,test_external_seen_family/aigi/cf_test_external_seen_family_aigi_c1d72edda7506897_000594.png.png,1,test_external_seen_family,community-forensics-eval,decidiffusionv2,test,test_external_seen_family,RAISE,DeciDiffusionV2,decidiffusionv2,LatDiff,family_seen,6307c2aa9a2d70e7cfd90dae379d2f9c7462c5eb02785095435f9767fb7dd31b,89871397f3614d95,20260828,7d4a74a88d2cac93b513c0853bf92c260eaceea0,data/CompEval-00311-of-00413.parquet,4,11,512,512,PNG,309476
cf_test_external_seen_family_aigi_c206b80d882cae14,test_external_seen_family/aigi/cf_test_external_seen_family_aigi_c206b80d882cae14_000830.png.png,1,test_external_seen_family,community-forensics-eval,kandinsky-2-2,test,test_external_seen_family,RAISE,kandinsky_2_2,kandinsky-2-2,LatDiff,family_seen,1413462840f7ed3df7ae72beb94f8b9b88f1dc834d1c14b9033e9febf704856e,f67879363c1d890c,20260828,7d4a74a88d2cac93b513c0853bf92c260eaceea0,data/CompEval-00239-of-00413.parquet,2,23,768,768,PNG,751992
cf_test_external_seen_family_aigi_c237b212ee980299,test_external_seen_family/aigi/cf_test_external_seen_family_aigi_c237b212ee980299_000776.png.png,1,test_external_seen_family,community-forensics-eval,lcm-lora-sdxl,test,test_external_seen_family,RAISE,LCM_lora_sdxl,lcm-lora-sdxl,LatDiff,family_seen,7d8ccca7375b9f4e349184f316aaa84e5845ae8fd6e785bc1ce009d8509c8ad8,daa7d9b867196c02,20260828,7d4a74a88d2cac93b513c0853bf92c260eaceea0,data/CompEval-00058-of-00413.parquet,0,16,1024,1024,PNG,1764792
cf_test_external_seen_family_aigi_c25da3bc891f2b0a,test_external_seen_family/aigi/cf_test_external_seen_family_aigi_c25da3bc891f2b0a_000850.png.png,1,test_external_seen_family,community-forensics-eval,galip,test,test_external_seen_family,RAISE,GALIP,galip,GAN,family_seen,d630b69e134e6b44734b81c5be4a34a2b2c10d2d9a9edccb9f6e9d3b5f5ea981,e96612896d3cd3a3,20260828,7d4a74a88d2cac93b513c0853bf92c260eaceea0,data/CompEval-00124-of-00413.parquet,4,18,224,224,PNG,77217
cf_test_external_seen_family_aigi_c2f213b5e956d5e7,test_external_seen_family/aigi/cf_test_external_seen_family_aigi_c2f213b5e956d5e7_000602.png.png,1,test_external_seen_family,community-forensics-eval,dfgan,test,test_external_seen_family,COCO,DFGAN,dfgan,GAN,family_seen,abb9df2b16e863795ebe9ad63e542180dae77f9ef45979067c0aafc5cd828b47,f515131afca50778,20260828,7d4a74a88d2cac93b513c0853bf92c260eaceea0,data/CompEval-00002-of-00413.parquet,4,4,256,256,PNG,145665
cf_test_external_seen_family_aigi_c30221de35c22c59,test_external_seen_family/aigi/cf_test_external_seen_family_aigi_c30221de35c22c59_000096.png.png,1,test_external_seen_family,community-forensics-eval,lcm-lora-sdv15,test,test_external_seen_family,RAISE,LCM_lora_sdv15,lcm-lora-sdv15,LatDiff,family_seen,a3e0331737a133586ba84910983b5ea553597500e7a2298bb8d2fef30b2b0d40,d20b3ed03de21dd8,20260828,7d4a74a88d2cac93b513c0853bf92c260eaceea0,data/CompEval-00357-of-00413.parquet,4,20,512,512,PNG,299701
cf_test_external_seen_family_aigi_c314c15aea4f6b44,test_external_seen_family/aigi/cf_test_external_seen_family_aigi_c314c15aea4f6b44_000340.png.png,1,test_external_seen_family,community-forensics-eval,dfgan,test,test_external_seen_family,COCO,DFGAN,dfgan,GAN,family_seen,e13c4c709e3eb455f9ad7172291c0746522b5ffead7af56b6fd016d0e7233130,978fc4870be10c6f,20260828,7d4a74a88d2cac93b513c0853bf92c260eaceea0,data/CompEval-00005-of-00413.parquet,3,22,256,256,PNG,102058
cf_test_external_seen_family_aigi_c325e7994343290f,test_external_seen_family/aigi/cf_test_external_seen_family_aigi_c325e7994343290f_000764.png.png,1,test_external_seen_family,community-forensics-eval,decidiffusionv2,test,test_external_seen_family,RAISE,DeciDiffusionV2,decidiffusionv2,LatDiff,family_seen,8913a797a90a8b1881a8ee1b2a169ae8daa5774548fa421fc7fac432bed30ae1,d0d069bd0df5724a,20260828,7d4a74a88d2cac93b513c0853bf92c260eaceea0,data/CompEval-00314-of-00413.parquet,0,9,512,512,PNG,327118
cf_test_external_seen_family_aigi_c37645b0ea03516e,test_external_seen_family/aigi/cf_test_external_seen_family_aigi_c37645b0ea03516e_000634.png.png,1,test_external_seen_family,community-forensics-eval,lcm-lora-ssd1b,test,test_external_seen_family,RAISE,LCM_lora_ssd1b,lcm-lora-ssd1b,LatDiff,family_seen,5b5a0f853e19bba891e489c90f1661d9a0d7f2c9451f65b89beb1dd97a4a6d75,81c23c7fd8c33c78,20260828,7d4a74a88d2cac93b513c0853bf92c260eaceea0,data/CompEval-00194-of-00413.parquet,3,22,1024,1024,PNG,1499509
cf_test_external_seen_family_aigi_c3837fc255535027,test_external_seen_family/aigi/cf_test_external_seen_family_aigi_c3837fc255535027_000899.png.png,1,test_external_seen_family,community-forensics-eval,lcm-lora-sdxl,test,test_external_seen_family,RAISE,LCM_lora_sdxl,lcm-lora-sdxl,LatDiff,family_seen,8ab95a83928f0c790b43cb9e49b308e1ec15b84c97467c14bca866dfeb4b2425,ffbf3f42d0e04808,20260828,7d4a74a88d2cac93b513c0853bf92c260eaceea0,data/CompEval-00057-of-00413.parquet,4,17,1024,1024,PNG,1272635
cf_test_external_seen_family_aigi_c38b280a7b54f8ee,test_external_seen_family/aigi/cf_test_external_seen_family_aigi_c38b280a7b54f8ee_000755.png.png,1,test_external_seen_family,community-forensics-eval,hourglass,test,test_external_seen_family,FFHQ,Hourglass,hourglass,PixDiff,family_seen,08e4b0d8369897b06f98004e30208103fc3bfa4134a355d0dcdda31f7401aefc,c195d20fde291fc2,20260828,7d4a74a88d2cac93b513c0853bf92c260eaceea0,data/CompEval-00127-of-00413.parquet,1,12,1024,1024,PNG,1165528
cf_test_external_seen_family_aigi_c3ed271c91f36395,test_external_seen_family/aigi/cf_test_external_seen_family_aigi_c3ed271c91f36395_000694.png.png,1,test_external_seen_family,community-forensics-eval,galip,test,test_external_seen_family,RAISE,GALIP,galip,GAN,family_seen,2b8b7cf0c6c3e9cfc6e0968a90c4303986986f937847d1bf8bb9cdd66f894235,aed5aa946926d82e,20260828,7d4a74a88d2cac93b513c0853bf92c260eaceea0,data/CompEval-00126-of-00413.parquet,0,21,224,224,PNG,87680
cf_test_external_seen_family_aigi_c41e48c29fea1f60,test_external_seen_family/aigi/cf_test_external_seen_family_aigi_c41e48c29fea1f60_000095.png.png,1,test_external_seen_family,community-forensics-eval,hourglass,test,test_external_seen_family,FFHQ,Hourglass,hourglass,PixDiff,family_seen,fb155b7143a99ec5e9fa2c5c90c44a518f490f9b4d08c4967bf2675a8ecb0932,82293667206ef2df,20260828,7d4a74a88d2cac93b513c0853bf92c260eaceea0,data/CompEval-00274-of-00413.parquet,2,9,1024,1024,PNG,1069473
cf_test_external_seen_family_aigi_c4254b4e0369ce72,test_external_seen_family/aigi/cf_test_external_seen_family_aigi_c4254b4e0369ce72_000258.png.png,1,test_external_seen_family,community-forensics-eval,decidiffusionv2,test,test_external_seen_family,RAISE,DeciDiffusionV2,decidiffusionv2,LatDiff,family_seen,c7e007106cca3827ff17f45ae5807e385f068d6138c3c5ddfe286b995d9604ea,936594b36f84392e,20260828,7d4a74a88d2cac93b513c0853bf92c260eaceea0,data/CompEval-00314-of-00413.parquet,2,10,512,512,PNG,545068
cf_test_external_seen_family_aigi_c45713b94a31d53f,test_external_seen_family/aigi/cf_test_external_seen_family_aigi_c45713b94a31d53f_000082.png.png,1,test_external_seen_family,community-forensics-eval,decidiffusionv2,test,test_external_seen_family,RAISE,DeciDiffusionV2,decidiffusionv2,LatDiff,family_seen,31edb7b6502192a9d5549aa89f8aaaad63d5187da91c5b9f5f99f267c920c98f,e0875e8d714c25d7,20260828,7d4a74a88d2cac93b513c0853bf92c260eaceea0,data/CompEval-00318-of-00413.parquet,2,9,512,512,PNG,504110
cf_test_external_seen_family_aigi_c475e821fb984704,test_external_seen_family/aigi/cf_test_external_seen_family_aigi_c475e821fb984704_000419.png.png,1,test_external_seen_family,community-forensics-eval,dfgan,test,test_external_seen_family,COCO,DFGAN,dfgan,GAN,family_seen,df367c999f909b5fe1672187ad965e86f3c93005e396aef11e4f52ebea4f34eb,f7c4d8bae2e0c988,20260828,7d4a74a88d2cac93b513c0853bf92c260eaceea0,data/CompEval-00002-of-00413.parquet,4,7,256,256,PNG,122735
cf_test_external_seen_family_aigi_c4c14701a67fae99,test_external_seen_family/aigi/cf_test_external_seen_family_aigi_c4c14701a67fae99_000651.png.png,1,test_external_seen_family,community-forensics-eval,lcm-lora-sdxl,test,test_external_seen_family,RAISE,LCM_lora_sdxl,lcm-lora-sdxl,LatDiff,family_seen,ef6ac5f8b6589c04638bb9f62511cf5ca653abd010312eecd96cdd7059d3edcd,86b9dcc3bcd62912,20260828,7d4a74a88d2cac93b513c0853bf92c260eaceea0,data/CompEval-00056-of-00413.parquet,2,24,1024,1024,PNG,1779892
cf_test_external_seen_family_aigi_c4ccca2dc582c36e,test_external_seen_family/aigi/cf_test_external_seen_family_aigi_c4ccca2dc582c36e_000548.png.png,1,test_external_seen_family,community-forensics-eval,galip,test,test_external_seen_family,RAISE,GALIP,galip,GAN,family_seen,fa87264f9254cb94517e2f007f77f4399397c16543af73f6114e647329af7e00,c1912e4ef933e0d9,20260828,7d4a74a88d2cac93b513c0853bf92c260eaceea0,data/CompEval-00126-of-00413.parquet,0,16,224,224,PNG,72325
cf_test_external_seen_family_aigi_c4dfb95c12005018,test_external_seen_family/aigi/cf_test_external_seen_family_aigi_c4dfb95c12005018_000690.png.png,1,test_external_seen_family,community-forensics-eval,hourglass,test,test_external_seen_family,,Hourglass,hourglass,PixDiff,family_seen,cc9161984decb96df02445a84ace23838db9abba087a5bab62214e6b213420c3,ebe5e60283279cb4,20260828,7d4a74a88d2cac93b513c0853bf92c260eaceea0,data/CompEval-00156-of-00413.parquet,1,3,256,256,PNG,117082
cf_test_external_seen_family_aigi_c4f3bdd7b3915c4d,test_external_seen_family/aigi/cf_test_external_seen_family_aigi_c4f3bdd7b3915c4d_000766.png.png,1,test_external_seen_family,community-forensics-eval,kandinsky-2-2,test,test_external_seen_family,RAISE,kandinsky_2_2,kandinsky-2-2,LatDiff,family_seen,dfa2b22ec4d08f3858a456c76e30ebc65691a64b6e7b3b161577f36e2f26d198,cc7f3360a7409f58,20260828,7d4a74a88d2cac93b513c0853bf92c260eaceea0,data/CompEval-00245-of-00413.parquet,3,24,768,768,PNG,581773
cf_test_external_seen_family_aigi_c52337d2348a7ef4,test_external_seen_family/aigi/cf_test_external_seen_family_aigi_c52337d2348a7ef4_000347.png.png,1,test_external_seen_family,community-forensics-eval,kvikontent-midjourney-v6,test,test_external_seen_family,RAISE,kvikontent_midjourney_v6,kvikontent-midjourney-v6,LatDiff,family_seen,04b346b06ca91f9c023fd5a63d9a0831a468a9a396b0823fb5285dc57ddc7e26,e5e46a4a58d4d734,20260828,7d4a74a88d2cac93b513c0853bf92c260eaceea0,data/CompEval-00216-of-00413.parquet,0,2,512,512,PNG,501807
cf_test_external_seen_family_aigi_c52cfa92b7a5db59,test_external_seen_family/aigi/cf_test_external_seen_family_aigi_c52cfa92b7a5db59_000477.png.png,1,test_external_seen_family,community-forensics-eval,lcm-lora-ssd1b,test,test_external_seen_family,RAISE,LCM_lora_ssd1b,lcm-lora-ssd1b,LatDiff,family_seen,68d3e236ec5d1c096dc9667db9bf0155483a992b1cf8031acd9dfa7dc4663696,d0d0ad2b68b539d3,20260828,7d4a74a88d2cac93b513c0853bf92c260eaceea0,data/CompEval-00381-of-00413.parquet,0,15,1024,1024,PNG,1739997
cf_test_external_seen_family_aigi_c53d118ee67e2de9,test_external_seen_family/aigi/cf_test_external_seen_family_aigi_c53d118ee67e2de9_000013.png.png,1,test_external_seen_family,community-forensics-eval,galip,test,test_external_seen_family,RAISE,GALIP,galip,GAN,family_seen,aa652cb9a6f3affeece7a925e913ff24ccac2b97d3a14a5ae79caafec69fc2c6,9dfe806872ad7682,20260828,7d4a74a88d2cac93b513c0853bf92c260eaceea0,data/CompEval-00120-of-00413.parquet,0,24,224,224,PNG,69077
cf_test_external_seen_family_aigi_c56e9ffb4f6edd7c,test_external_seen_family/aigi/cf_test_external_seen_family_aigi_c56e9ffb4f6edd7c_000644.png.png,1,test_external_seen_family,community-forensics-eval,kvikontent-midjourney-v6,test,test_external_seen_family,RAISE,kvikontent_midjourney_v6,kvikontent-midjourney-v6,LatDiff,family_seen,14589cd14fc84e12dfaa5b61a7511f89632cf4c00bfeffe37d115b52f1ac1b6f,9a2b05d0f07d7d83,20260828,7d4a74a88d2cac93b513c0853bf92c260eaceea0,data/CompEval-00090-of-00413.parquet,3,15,512,512,PNG,536287
cf_test_external_seen_family_aigi_c5998fc58bdc7cb6,test_external_seen_family/aigi/cf_test_external_seen_family_aigi_c5998fc58bdc7cb6_000516.png.png,1,test_external_seen_family,community-forensics-eval,galip,test,test_external_seen_family,RAISE,GALIP,galip,GAN,family_seen,445c5560f4348cf203b55352b2d0ce30c90af6aada541e151931be73ef01e181,ebeb849416f2e348,20260828,7d4a74a88d2cac93b513c0853bf92c260eaceea0,data/CompEval-00125-of-00413.parquet,1,21,224,224,PNG,86406
cf_test_external_seen_family_aigi_c621314f14e484e7,test_external_seen_family/aigi/cf_test_external_seen_family_aigi_c621314f14e484e7_000490.png.png,1,test_external_seen_family,community-forensics-eval,lcm-lora-sdv15,test,test_external_seen_family,RAISE,LCM_lora_sdv15,lcm-lora-sdv15,LatDiff,family_seen,f8945dcaec8a3704999a7c3c0a58f6b9b2e378d0961cc6e41f20b90cd1d31510,c727d83838f10ece,20260828,7d4a74a88d2cac93b513c0853bf92c260eaceea0,data/CompEval-00361-of-00413.parquet,2,9,512,512,PNG,181440
cf_test_external_seen_family_aigi_c659b4b57959ec96,test_external_seen_family/aigi/cf_test_external_seen_family_aigi_c659b4b57959ec96_000985.png.png,1,test_external_seen_family,community-forensics-eval,lcm-lora-ssd1b,test,test_external_seen_family,RAISE,LCM_lora_ssd1b,lcm-lora-ssd1b,LatDiff,family_seen,ba6e01ceeec5f0b5d8d1e20a6263173f508abf02fdadd90749f77703d9bb3aae,9149aa54fd9913ab,20260828,7d4a74a88d2cac93b513c0853bf92c260eaceea0,data/CompEval-00195-of-00413.parquet,4,8,1024,1024,PNG,2125670
cf_test_external_seen_family_aigi_c732b196e19257e3,test_external_seen_family/aigi/cf_test_external_seen_family_aigi_c732b196e19257e3_000799.png.png,1,test_external_seen_family,community-forensics-eval,lcm-lora-sdv15,test,test_external_seen_family,RAISE,LCM_lora_sdv15,lcm-lora-sdv15,LatDiff,family_seen,f9668714be38a013c7abe2f8618f4338a450d8841530e7353b30b61152ce5f3c,86a78aa667c8f287,20260828,7d4a74a88d2cac93b513c0853bf92c260eaceea0,data/CompEval-00359-of-00413.parquet,0,18,512,512,PNG,351660
cf_test_external_seen_family_aigi_c79830703381dd7d,test_external_seen_family/aigi/cf_test_external_seen_family_aigi_c79830703381dd7d_000287.png.png,1,test_external_seen_family,community-forensics-eval,decidiffusionv2,test,test_external_seen_family,RAISE,DeciDiffusionV2,decidiffusionv2,LatDiff,family_seen,fad59f67f19498d3eacfb1c717191260bbfbfdb28454a97838a67d3545f381de,b0b202cfc7c93637,20260828,7d4a74a88d2cac93b513c0853bf92c260eaceea0,data/CompEval-00317-of-00413.parquet,1,24,512,512,PNG,475302
cf_test_external_seen_family_aigi_c7aeebb89d0a13be,test_external_seen_family/aigi/cf_test_external_seen_family_aigi_c7aeebb89d0a13be_000477.png.png,1,test_external_seen_family,community-forensics-eval,hourglass,test,test_external_seen_family,,Hourglass,hourglass,PixDiff,family_seen,25518d7c77e77a8aba5b86dd4a62c40768f7ee5346109b771696df6f1960c68c,b8073873474e366d,20260828,7d4a74a88d2cac93b513c0853bf92c260eaceea0,data/CompEval-00154-of-00413.parquet,4,23,256,256,PNG,98433
cf_test_external_seen_family_aigi_c7d9ec8daf1e6a93,test_external_seen_family/aigi/cf_test_external_seen_family_aigi_c7d9ec8daf1e6a93_000397.png.png,1,test_external_seen_family,community-forensics-eval,decidiffusionv2,test,test_external_seen_family,RAISE,DeciDiffusionV2,decidiffusionv2,LatDiff,family_seen,e0af3a4dad26b411c71a38433aaaa077a9fb7a8c06288c30b32d0a8186edd932,82a0e8f3dc7a4f2c,20260828,7d4a74a88d2cac93b513c0853bf92c260eaceea0,data/CompEval-00318-of-00413.parquet,3,9,512,512,PNG,516277
cf_test_external_seen_family_aigi_c869cbf76ccc53f2,test_external_seen_family/aigi/cf_test_external_seen_family_aigi_c869cbf76ccc53f2_000562.png.png,1,test_external_seen_family,community-forensics-eval,hourglass,test,test_external_seen_family,,Hourglass,hourglass,PixDiff,family_seen,6a021008f0286fd7a963cb907e7324104362e0e275731f99efc606ab60778e4d,be1ec79132a64369,20260828,7d4a74a88d2cac93b513c0853bf92c260eaceea0,data/CompEval-00157-of-00413.parquet,2,13,256,256,PNG,117039
cf_test_external_seen_family_aigi_c8759c26688e2646,test_external_seen_family/aigi/cf_test_external_seen_family_aigi_c8759c26688e2646_000838.png.png,1,test_external_seen_family,community-forensics-eval,kvikontent-midjourney-v6,test,test_external_seen_family,RAISE,kvikontent_midjourney_v6,kvikontent-midjourney-v6,LatDiff,family_seen,51a5427234b8d25bbc1d094ce619fcfd795b204a264d4a0849df4299b4122cd7,a843952b1a33e5f9,20260828,7d4a74a88d2cac93b513c0853bf92c260eaceea0,data/CompEval-00092-of-00413.parquet,2,12,512,512,PNG,614778
cf_test_external_seen_family_aigi_c8963b3dbc63e41d,test_external_seen_family/aigi/cf_test_external_seen_family_aigi_c8963b3dbc63e41d_000687.png.png,1,test_external_seen_family,community-forensics-eval,galip,test,test_external_seen_family,RAISE,GALIP,galip,GAN,family_seen,b43ad40a3766bdf5124ac8316722dbcfdc19d23eb9e5c8d678f61cb91813d191,e7e3e0168cd09d1d,20260828,7d4a74a88d2cac93b513c0853bf92c260eaceea0,data/CompEval-00122-of-00413.parquet,4,14,224,224,PNG,86468
cf_test_external_seen_family_aigi_c8ad58cff22ff767,test_external_seen_family/aigi/cf_test_external_seen_family_aigi_c8ad58cff22ff767_000165.png.png,1,test_external_seen_family,community-forensics-eval,lcm-lora-sdv15,test,test_external_seen_family,RAISE,LCM_lora_sdv15,lcm-lora-sdv15,LatDiff,family_seen,403acdfc9fcf3730d653b4071b60524ffd071a43e2c79e1eea34e81e8fe183b9,80ce29faafba2638,20260828,7d4a74a88d2cac93b513c0853bf92c260eaceea0,data/CompEval-00359-of-00413.parquet,4,1,512,512,PNG,445135
cf_test_external_seen_family_aigi_c8d53cca8631a8ca,test_external_seen_family/aigi/cf_test_external_seen_family_aigi_c8d53cca8631a8ca_000879.png.png,1,test_external_seen_family,community-forensics-eval,lcm-lora-sdv15,test,test_external_seen_family,RAISE,LCM_lora_sdv15,lcm-lora-sdv15,LatDiff,family_seen,62220aa24ad8ededdb75e07217473e8c7a52902be0f18f7b846d507c5f6d2efc,946acadcd5a52a5a,20260828,7d4a74a88d2cac93b513c0853bf92c260eaceea0,data/CompEval-00360-of-00413.parquet,1,6,512,512,PNG,385743
cf_test_external_seen_family_aigi_c9dcd96b68c5a537,test_external_seen_family/aigi/cf_test_external_seen_family_aigi_c9dcd96b68c5a537_000760.png.png,1,test_external_seen_family,community-forensics-eval,lcm-lora-sdxl,test,test_external_seen_family,RAISE,LCM_lora_sdxl,lcm-lora-sdxl,LatDiff,family_seen,7a9c6861a1d062043c2d081bb44c46e298f52b336135349f3aaf9bfa2de1be51,9f8c9873d217b286,20260828,7d4a74a88d2cac93b513c0853bf92c260eaceea0,data/CompEval-00119-of-00413.parquet,2,15,1024,1024,PNG,2020979
cf_test_external_seen_family_aigi_c9edf33be87738fa,test_external_seen_family/aigi/cf_test_external_seen_family_aigi_c9edf33be87738fa_000565.png.png,1,test_external_seen_family,community-forensics-eval,galip,test,test_external_seen_family,RAISE,GALIP,galip,GAN,family_seen,b286d6ffd0daacc88b399db56806ffce46b8afced23c14288dcf73922668abaa,bcbcbc9c1143c3c3,20260828,7d4a74a88d2cac93b513c0853bf92c260eaceea0,data/CompEval-00120-of-00413.parquet,2,12,224,224,PNG,48710
cf_test_external_seen_family_aigi_ca5c8624daa529b6,test_external_seen_family/aigi/cf_test_external_seen_family_aigi_ca5c8624daa529b6_000078.png.png,1,test_external_seen_family,community-forensics-eval,hourglass,test,test_external_seen_family,,Hourglass,hourglass,PixDiff,family_seen,9c141d77575e7a07777b2063816fc02c51ac9213b444f863687617c5faba0c19,bca7c2d946213d56,20260828,7d4a74a88d2cac93b513c0853bf92c260eaceea0,data/CompEval-00156-of-00413.parquet,2,21,256,256,PNG,75942
cf_test_external_seen_family_aigi_ca74ca87dc09b1da,test_external_seen_family/aigi/cf_test_external_seen_family_aigi_ca74ca87dc09b1da_000478.png.png,1,test_external_seen_family,community-forensics-eval,hourglass,test,test_external_seen_family,FFHQ,Hourglass,hourglass,PixDiff,family_seen,af909dd08b62d9a4e07dacda119b398221ca8d5853785c272756cbc45d6f55d7,eaf10ea35431e78a,20260828,7d4a74a88d2cac93b513c0853bf92c260eaceea0,data/CompEval-00127-of-00413.parquet,2,24,1024,1024,PNG,1200889
cf_test_external_seen_family_aigi_ca751ab23f7eba4b,test_external_seen_family/aigi/cf_test_external_seen_family_aigi_ca751ab23f7eba4b_000583.png.png,1,test_external_seen_family,community-forensics-eval,lcm-lora-sdxl,test,test_external_seen_family,RAISE,LCM_lora_sdxl,lcm-lora-sdxl,LatDiff,family_seen,4fb56ef12d6f3cac4dfcd20dd45fcbd3fd5852fbdfe4280c934c98da5707ad09,c5ce9a5ace7c6490,20260828,7d4a74a88d2cac93b513c0853bf92c260eaceea0,data/CompEval-00058-of-00413.parquet,1,0,1024,1024,PNG,1728482
cf_test_external_seen_family_aigi_ca7d34b13ecca5db,test_external_seen_family/aigi/cf_test_external_seen_family_aigi_ca7d34b13ecca5db_000000.png.png,1,test_external_seen_family,community-forensics-eval,galip,test,test_external_seen_family,RAISE,GALIP,galip,GAN,family_seen,0fb9261b79cb77a7bf20553f77e418fbdf396cd0e532db845e179c7c592072da,a1c30eb1d184f9f9,20260828,7d4a74a88d2cac93b513c0853bf92c260eaceea0,data/CompEval-00121-of-00413.parquet,1,5,224,224,PNG,74112
cf_test_external_seen_family_aigi_ca846399b172acd7,test_external_seen_family/aigi/cf_test_external_seen_family_aigi_ca846399b172acd7_000258.png.png,1,test_external_seen_family,community-forensics-eval,lcm-lora-sdxl,test,test_external_seen_family,RAISE,LCM_lora_sdxl,lcm-lora-sdxl,LatDiff,family_seen,f58e9fabbb46b39134323dedaf2cecf08de0dc828e55c80f1c90bf4f56808741,b3835c7c8156e935,20260828,7d4a74a88d2cac93b513c0853bf92c260eaceea0,data/CompEval-00060-of-00413.parquet,4,19,1024,1024,PNG,1533372
cf_test_external_seen_family_aigi_cacf3c4613fb2276,test_external_seen_family/aigi/cf_test_external_seen_family_aigi_cacf3c4613fb2276_000598.png.png,1,test_external_seen_family,community-forensics-eval,kandinsky-2-2,test,test_external_seen_family,RAISE,kandinsky_2_2,kandinsky-2-2,LatDiff,family_seen,bd46b00d611e433613f4b81ad55bdb4e78f1da2e649d931b95a5f152b113b64f,8d8787b934360f59,20260828,7d4a74a88d2cac93b513c0853bf92c260eaceea0,data/CompEval-00241-of-00413.parquet,4,18,768,768,PNG,843464
cf_test_external_seen_family_aigi_cb4629a2063642ca,test_external_seen_family/aigi/cf_test_external_seen_family_aigi_cb4629a2063642ca_000343.png.png,1,test_external_seen_family,community-forensics-eval,kandinsky-2-2,test,test_external_seen_family,RAISE,kandinsky_2_2,kandinsky-2-2,LatDiff,family_seen,3d6c2cf38556cff10a532757fc80231bd3bfb5541b1cfa5304fc84a5f07872f3,ca8288bf1f47347c,20260828,7d4a74a88d2cac93b513c0853bf92c260eaceea0,data/CompEval-00242-of-00413.parquet,2,17,768,768,PNG,1141900
cf_test_external_seen_family_aigi_cb701dc070582198,test_external_seen_family/aigi/cf_test_external_seen_family_aigi_cb701dc070582198_000832.png.png,1,test_external_seen_family,community-forensics-eval,lcm-lora-sdv15,test,test_external_seen_family,RAISE,LCM_lora_sdv15,lcm-lora-sdv15,LatDiff,family_seen,9c3011f07bb0118385b3a6f2cfd20d75cbc923428fdc3a0f87e95c294f00dd69,b99406bbc3b99c38,20260828,7d4a74a88d2cac93b513c0853bf92c260eaceea0,data/CompEval-00309-of-00413.parquet,3,14,512,512,PNG,401717
cf_test_external_seen_family_aigi_cc16cffc87540d3a,test_external_seen_family/aigi/cf_test_external_seen_family_aigi_cc16cffc87540d3a_000246.png.png,1,test_external_seen_family,community-forensics-eval,lcm-lora-sdv15,test,test_external_seen_family,RAISE,LCM_lora_sdv15,lcm-lora-sdv15,LatDiff,family_seen,19c1b41b85b773c6289871c2007998fe37b5f70406424909192ea6369c609245,ce0cd9932c5887ed,20260828,7d4a74a88d2cac93b513c0853bf92c260eaceea0,data/CompEval-00362-of-00413.parquet,1,17,512,512,PNG,420826
cf_test_external_seen_family_aigi_cc191f3572f50473,test_external_seen_family/aigi/cf_test_external_seen_family_aigi_cc191f3572f50473_000227.png.png,1,test_external_seen_family,community-forensics-eval,lcm-lora-sdv15,test,test_external_seen_family,RAISE,LCM_lora_sdv15,lcm-lora-sdv15,LatDiff,family_seen,07c7314a56d48b55dda31e433310b5a7f238bac1407c7b0856e8317a65c0d43c,a2a2cf924bcd6cc3,20260828,7d4a74a88d2cac93b513c0853bf92c260eaceea0,data/CompEval-00364-of-00413.parquet,1,5,512,512,PNG,465237
cf_test_external_seen_family_aigi_cd5cfd336c9a608a,test_external_seen_family/aigi/cf_test_external_seen_family_aigi_cd5cfd336c9a608a_000446.png.png,1,test_external_seen_family,community-forensics-eval,lcm-lora-ssd1b,test,test_external_seen_family,RAISE,LCM_lora_ssd1b,lcm-lora-ssd1b,LatDiff,family_seen,54493db99e597f9d8f14f251ffc1063c8bdaa2fc57652622d889370e1fb0ac27,8c86298b9cbde90f,20260828,7d4a74a88d2cac93b513c0853bf92c260eaceea0,data/CompEval-00191-of-00413.parquet,2,5,1024,1024,PNG,1997260
cf_test_external_seen_family_aigi_cdb24f69402e678f,test_external_seen_family/aigi/cf_test_external_seen_family_aigi_cdb24f69402e678f_000361.png.png,1,test_external_seen_family,community-forensics-eval,kvikontent-midjourney-v6,test,test_external_seen_family,RAISE,kvikontent_midjourney_v6,kvikontent-midjourney-v6,LatDiff,family_seen,29759dfaef9a0823ee52b4ecda8b74b387932562ba6c66a5b8d70c56ef1cf454,bd2dc264c2c2cbda,20260828,7d4a74a88d2cac93b513c0853bf92c260eaceea0,data/CompEval-00090-of-00413.parquet,4,10,512,512,PNG,381915
cf_test_external_seen_family_aigi_cdbf3e09289d8abe,test_external_seen_family/aigi/cf_test_external_seen_family_aigi_cdbf3e09289d8abe_000018.png.png,1,test_external_seen_family,community-forensics-eval,decidiffusionv2,test,test_external_seen_family,RAISE,DeciDiffusionV2,decidiffusionv2,LatDiff,family_seen,d7208f60f5d6a8f528d0e1d4d956684c5efe5032baf93995f2bc7cef286bdac2,8b665eb97858c652,20260828,7d4a74a88d2cac93b513c0853bf92c260eaceea0,data/CompEval-00314-of-00413.parquet,4,19,512,512,PNG,402553
cf_test_external_seen_family_aigi_ce4a98c2ce588f9e,test_external_seen_family/aigi/cf_test_external_seen_family_aigi_ce4a98c2ce588f9e_000037.png.png,1,test_external_seen_family,community-forensics-eval,kandinsky-2-2,test,test_external_seen_family,RAISE,kandinsky_2_2,kandinsky-2-2,LatDiff,family_seen,06b3c7578db92370cd4c73ca9d93edc6ca3c36933cb052072684c89fdc1dd162,c19accd3b0ad6ad1,20260828,7d4a74a88d2cac93b513c0853bf92c260eaceea0,data/CompEval-00241-of-00413.parquet,4,13,768,768,PNG,1172014
cf_test_external_seen_family_aigi_ce5afc323df5b2d1,test_external_seen_family/aigi/cf_test_external_seen_family_aigi_ce5afc323df5b2d1_000642.png.png,1,test_external_seen_family,community-forensics-eval,lcm-lora-ssd1b,test,test_external_seen_family,RAISE,LCM_lora_ssd1b,lcm-lora-ssd1b,LatDiff,family_seen,d6369832a0df40ea57721470665812ff5f0a3ce1f64a6bd93915c0f87dadcf0e,d53fd098e9619668,20260828,7d4a74a88d2cac93b513c0853bf92c260eaceea0,data/CompEval-00192-of-00413.parquet,3,13,1024,1024,PNG,1897281
cf_test_external_seen_family_aigi_cea5a83e1663799f,test_external_seen_family/aigi/cf_test_external_seen_family_aigi_cea5a83e1663799f_000407.png.png,1,test_external_seen_family,community-forensics-eval,dfgan,test,test_external_seen_family,COCO,DFGAN,dfgan,GAN,family_seen,168cd0d7680f6224cdbe0cc27ad17a7260eb3c10bde291dbc5cbd23a933db664,fb70c2ad65992532,20260828,7d4a74a88d2cac93b513c0853bf92c260eaceea0,data/CompEval-00007-of-00413.parquet,3,17,256,256,PNG,132491
cf_test_external_seen_family_aigi_cfc34718e39ad125,test_external_seen_family/aigi/cf_test_external_seen_family_aigi_cfc34718e39ad125_000929.png.png,1,test_external_seen_family,community-forensics-eval,lcm-lora-ssd1b,test,test_external_seen_family,RAISE,LCM_lora_ssd1b,lcm-lora-ssd1b,LatDiff,family_seen,117fc6f8ddde610c5039c6b60167d72be91ddafcb8bd0679b217fee69891a027,f1b6cc6c9648ae91,20260828,7d4a74a88d2cac93b513c0853bf92c260eaceea0,data/CompEval-00197-of-00413.parquet,4,15,1024,1024,PNG,1309265
cf_test_external_seen_family_aigi_d088b32e44215eb8,test_external_seen_family/aigi/cf_test_external_seen_family_aigi_d088b32e44215eb8_000041.png.png,1,test_external_seen_family,community-forensics-eval,kandinsky-2-2,test,test_external_seen_family,RAISE,kandinsky_2_2,kandinsky-2-2,LatDiff,family_seen,3fdf67d55d94783865443332d66a9c08c70d5978db0c09b506a429307a84f85c,c34331ebd2a91bb4,20260828,7d4a74a88d2cac93b513c0853bf92c260eaceea0,data/CompEval-00242-of-00413.parquet,0,7,768,768,PNG,996512
cf_test_external_seen_family_aigi_d0ac10cccbdf9216,test_external_seen_family/aigi/cf_test_external_seen_family_aigi_d0ac10cccbdf9216_000441.png.png,1,test_external_seen_family,community-forensics-eval,dfgan,test,test_external_seen_family,COCO,DFGAN,dfgan,GAN,family_seen,0c0e9406442dd79225a7eba930ecbe90e7fd53ae361dc3f0c1a5479075d45837,eb8d929ce4061b5b,20260828,7d4a74a88d2cac93b513c0853bf92c260eaceea0,data/CompEval-00003-of-00413.parquet,3,10,256,256,PNG,109057
cf_test_external_seen_family_aigi_d0edba773228d6d4,test_external_seen_family/aigi/cf_test_external_seen_family_aigi_d0edba773228d6d4_000617.png.png,1,test_external_seen_family,community-forensics-eval,lcm-lora-ssd1b,test,test_external_seen_family,RAISE,LCM_lora_ssd1b,lcm-lora-ssd1b,LatDiff,family_seen,d4bfa80ecf794b24dd71bc5c644ece876028cff0937e33c838b291e251aa0ea7,86466d39707956e3,20260828,7d4a74a88d2cac93b513c0853bf92c260eaceea0,data/CompEval-00198-of-00413.parquet,2,14,1024,1024,PNG,2113723
cf_test_external_seen_family_aigi_d115d4b3cd78d8ac,test_external_seen_family/aigi/cf_test_external_seen_family_aigi_d115d4b3cd78d8ac_000992.png.png,1,test_external_seen_family,community-forensics-eval,kvikontent-midjourney-v6,test,test_external_seen_family,RAISE,kvikontent_midjourney_v6,kvikontent-midjourney-v6,LatDiff,family_seen,56a3ee11acbf373ba593adda6d63147a3889bac683777db259a9a12e6e600d33,8f6066b4789f243e,20260828,7d4a74a88d2cac93b513c0853bf92c260eaceea0,data/CompEval-00092-of-00413.parquet,2,20,512,512,PNG,479990
cf_test_external_seen_family_aigi_d127b896d1afa9f2,test_external_seen_family/aigi/cf_test_external_seen_family_aigi_d127b896d1afa9f2_000981.png.png,1,test_external_seen_family,community-forensics-eval,lcm-lora-sdv15,test,test_external_seen_family,RAISE,LCM_lora_sdv15,lcm-lora-sdv15,LatDiff,family_seen,454de2eedadc3f33a2ec584035f4f3bfb7012024b207de93d59b4b812ceac208,dddd48c906d8133d,20260828,7d4a74a88d2cac93b513c0853bf92c260eaceea0,data/CompEval-00360-of-00413.parquet,0,3,512,512,PNG,293033
cf_test_external_seen_family_aigi_d14c57ee16f71aad,test_external_seen_family/aigi/cf_test_external_seen_family_aigi_d14c57ee16f71aad_000343.png.png,1,test_external_seen_family,community-forensics-eval,galip,test,test_external_seen_family,RAISE,GALIP,galip,GAN,family_seen,84595ff725bdbfbd0ac8c84d801e01c49eff4a2c67c3a7161b40ee46ba7bf97d,a6b7538097b6a2a6,20260828,7d4a74a88d2cac93b513c0853bf92c260eaceea0,data/CompEval-00120-of-00413.parquet,1,19,224,224,PNG,111789
cf_test_external_seen_family_aigi_d15117c8870085d9,test_external_seen_family/aigi/cf_test_external_seen_family_aigi_d15117c8870085d9_000962.png.png,1,test_external_seen_family,community-forensics-eval,kandinsky-2-2,test,test_external_seen_family,RAISE,kandinsky_2_2,kandinsky-2-2,LatDiff,family_seen,f8a1a94b8ff450e81def7e45b65e7c8c5a0f3f47d0d9d55f8d4fea716ca0f3ac,83c4d98696ade563,20260828,7d4a74a88d2cac93b513c0853bf92c260eaceea0,data/CompEval-00244-of-00413.parquet,0,11,768,768,PNG,1084931
cf_test_external_seen_family_aigi_d1ecda342d4263b6,test_external_seen_family/aigi/cf_test_external_seen_family_aigi_d1ecda342d4263b6_000774.png.png,1,test_external_seen_family,community-forensics-eval,galip,test,test_external_seen_family,RAISE,GALIP,galip,GAN,family_seen,14115d06ba1139c90f049bd23d080bf506a099f959101683d69ffa08f61b56cc,ddc67019ad1e4af0,20260828,7d4a74a88d2cac93b513c0853bf92c260eaceea0,data/CompEval-00120-of-00413.parquet,1,8,224,224,PNG,103681
cf_test_external_seen_family_aigi_d341aaf69a5bb1cf,test_external_seen_family/aigi/cf_test_external_seen_family_aigi_d341aaf69a5bb1cf_000628.png.png,1,test_external_seen_family,community-forensics-eval,lcm-lora-sdxl,test,test_external_seen_family,RAISE,LCM_lora_sdxl,lcm-lora-sdxl,LatDiff,family_seen,6417c3c75c955238934e836c9ab223c8556bb005aa714687e49c1dc31989e4ad,85a0ac3a9e3b59ad,20260828,7d4a74a88d2cac93b513c0853bf92c260eaceea0,data/CompEval-00119-of-00413.parquet,3,7,1024,1024,PNG,1786875
cf_test_external_seen_family_aigi_d34d1a3b30852bea,test_external_seen_family/aigi/cf_test_external_seen_family_aigi_d34d1a3b30852bea_000597.png.png,1,test_external_seen_family,community-forensics-eval,galip,test,test_external_seen_family,RAISE,GALIP,galip,GAN,family_seen,a41eb5fe460ff974c7160c95b485d9d6b3585fde5139044730419b0853c04c5f,d092dd91417facc3,20260828,7d4a74a88d2cac93b513c0853bf92c260eaceea0,data/CompEval-00120-of-00413.parquet,4,0,224,224,PNG,111890
cf_test_external_seen_family_aigi_d36a34275e9684d7,test_external_seen_family/aigi/cf_test_external_seen_family_aigi_d36a34275e9684d7_000821.png.png,1,test_external_seen_family,community-forensics-eval,dfgan,test,test_external_seen_family,COCO,DFGAN,dfgan,GAN,family_seen,98cf46635349a14d9f5dd18059ec47aaad3aa9eaee22c9d258c0b74775e012ea,ffa84494379931d1,20260828,7d4a74a88d2cac93b513c0853bf92c260eaceea0,data/CompEval-00003-of-00413.parquet,2,16,256,256,PNG,108584
cf_test_external_seen_family_aigi_d36aede142497d13,test_external_seen_family/aigi/cf_test_external_seen_family_aigi_d36aede142497d13_000855.png.png,1,test_external_seen_family,community-forensics-eval,lcm-lora-sdxl,test,test_external_seen_family,RAISE,LCM_lora_sdxl,lcm-lora-sdxl,LatDiff,family_seen,b926795dc80c6b5bb82a72aabceb12722d79ef398a41396fce09132369686910,cddff2828b287246,20260828,7d4a74a88d2cac93b513c0853bf92c260eaceea0,data/CompEval-00061-of-00413.parquet,1,20,1024,1024,PNG,1548971
cf_test_external_seen_family_aigi_d399561709a661ad,test_external_seen_family/aigi/cf_test_external_seen_family_aigi_d399561709a661ad_000928.png.png,1,test_external_seen_family,community-forensics-eval,kandinsky-2-2,test,test_external_seen_family,RAISE,kandinsky_2_2,kandinsky-2-2,LatDiff,family_seen,ecbc40bafd537f46733ff74b8c2b2125d8bcefbffe8acb29f981d38339c46d43,f34f3c8f783e0908,20260828,7d4a74a88d2cac93b513c0853bf92c260eaceea0,data/CompEval-00244-of-00413.parquet,4,20,768,768,PNG,676442
cf_test_external_seen_family_aigi_d3bb1e917f56e920,test_external_seen_family/aigi/cf_test_external_seen_family_aigi_d3bb1e917f56e920_000245.png.png,1,test_external_seen_family,community-forensics-eval,kvikontent-midjourney-v6,test,test_external_seen_family,RAISE,kvikontent_midjourney_v6,kvikontent-midjourney-v6,LatDiff,family_seen,97d5335af42dd96b160c5a86933c743f2d5e20a827bc9581a4186c0c43bbcae5,9d9d3991915b6c68,20260828,7d4a74a88d2cac93b513c0853bf92c260eaceea0,data/CompEval-00091-of-00413.parquet,1,6,512,512,PNG,446693
cf_test_external_seen_family_aigi_d3e3c840e37a3a10,test_external_seen_family/aigi/cf_test_external_seen_family_aigi_d3e3c840e37a3a10_000367.png.png,1,test_external_seen_family,community-forensics-eval,hourglass,test,test_external_seen_family,,Hourglass,hourglass,PixDiff,family_seen,d20ffd3ee6624d7e065a8a3014afb58a3e93901e2f276ee27ed784397283249a,b4b42b0b4bc9a9b3,20260828,7d4a74a88d2cac93b513c0853bf92c260eaceea0,data/CompEval-00153-of-00413.parquet,1,24,256,256,PNG,112859
cf_test_external_seen_family_aigi_d4128215252d9640,test_external_seen_family/aigi/cf_test_external_seen_family_aigi_d4128215252d9640_000563.png.png,1,test_external_seen_family,community-forensics-eval,kvikontent-midjourney-v6,test,test_external_seen_family,RAISE,kvikontent_midjourney_v6,kvikontent-midjourney-v6,LatDiff,family_seen,5a759d22171af8fc8e713e229b8d30d94f4e8f90b98046f9bc9c725fccf537e5,8ac9b38f89367472,20260828,7d4a74a88d2cac93b513c0853bf92c260eaceea0,data/CompEval-00218-of-00413.parquet,1,14,512,512,PNG,500467
cf_test_external_seen_family_aigi_d44459c8de5bb8d2,test_external_seen_family/aigi/cf_test_external_seen_family_aigi_d44459c8de5bb8d2_000713.png.png,1,test_external_seen_family,community-forensics-eval,kvikontent-midjourney-v6,test,test_external_seen_family,RAISE,kvikontent_midjourney_v6,kvikontent-midjourney-v6,LatDiff,family_seen,f5b360b6d50dedce382feec92660d860cbf1dcbcc8ca12fd7b97b232bf310879,ff74c482c08417fb,20260828,7d4a74a88d2cac93b513c0853bf92c260eaceea0,data/CompEval-00218-of-00413.parquet,4,12,512,512,PNG,468995
cf_test_external_seen_family_aigi_d4c2dd61b5634817,test_external_seen_family/aigi/cf_test_external_seen_family_aigi_d4c2dd61b5634817_000997.png.png,1,test_external_seen_family,community-forensics-eval,hourglass,test,test_external_seen_family,FFHQ,Hourglass,hourglass,PixDiff,family_seen,811fe3ed45a1ed65eab7585501eb59f625787b46fe675625f456af0250b693d8,d05d1f6f5c0a98d8,20260828,7d4a74a88d2cac93b513c0853bf92c260eaceea0,data/CompEval-00273-of-00413.parquet,1,18,1024,1024,PNG,1157505
cf_test_external_seen_family_aigi_d4eff8f817be1f74,test_external_seen_family/aigi/cf_test_external_seen_family_aigi_d4eff8f817be1f74_000170.png.png,1,test_external_seen_family,community-forensics-eval,lcm-lora-sdxl,test,test_external_seen_family,RAISE,LCM_lora_sdxl,lcm-lora-sdxl,LatDiff,family_seen,e79b6c42d90500207093f020c20b5f50ad448f023340ebc6ddead246cb3b3645,c7aca6d9c6515e12,20260828,7d4a74a88d2cac93b513c0853bf92c260eaceea0,data/CompEval-00378-of-00413.parquet,1,12,1024,1024,PNG,1997884
cf_test_external_seen_family_aigi_d54abc3fdd497441,test_external_seen_family/aigi/cf_test_external_seen_family_aigi_d54abc3fdd497441_000234.png.png,1,test_external_seen_family,community-forensics-eval,galip,test,test_external_seen_family,RAISE,GALIP,galip,GAN,family_seen,411433cedab3b93e5ea75934e7ebb3bf186968f5e064290e1b31445d270d52fd,c938f44543cf0f8b,20260828,7d4a74a88d2cac93b513c0853bf92c260eaceea0,data/CompEval-00046-of-00413.parquet,3,16,224,224,PNG,89527
cf_test_external_seen_family_aigi_d55a7798400dc2e4,test_external_seen_family/aigi/cf_test_external_seen_family_aigi_d55a7798400dc2e4_000481.png.png,1,test_external_seen_family,community-forensics-eval,dfgan,test,test_external_seen_family,COCO,DFGAN,dfgan,GAN,family_seen,73398f1cc85176298bd6b64b5f2f94d1dd711c11ecae5a224313558637fdd85f,b1cad5ec4936499a,20260828,7d4a74a88d2cac93b513c0853bf92c260eaceea0,data/CompEval-00005-of-00413.parquet,1,21,256,256,PNG,122419
cf_test_external_seen_family_aigi_d5a6529ec63712c0,test_external_seen_family/aigi/cf_test_external_seen_family_aigi_d5a6529ec63712c0_000503.png.png,1,test_external_seen_family,community-forensics-eval,lcm-lora-sdv15,test,test_external_seen_family,RAISE,LCM_lora_sdv15,lcm-lora-sdv15,LatDiff,family_seen,dc6c3abde0202927cc1709db94b4507047fb8dd995d1ccae005808845f5ad01f,e9d556352a789507,20260828,7d4a74a88d2cac93b513c0853bf92c260eaceea0,data/CompEval-00309-of-00413.parquet,3,24,512,512,PNG,320386
cf_test_external_seen_family_aigi_d6832f2ed4dd9007,test_external_seen_family/aigi/cf_test_external_seen_family_aigi_d6832f2ed4dd9007_000349.png.png,1,test_external_seen_family,community-forensics-eval,decidiffusionv2,test,test_external_seen_family,RAISE,DeciDiffusionV2,decidiffusionv2,LatDiff,family_seen,d099165744a4ad5fc09117062780fdb6e57f4e5d2c836f496bb99a8caa74618c,e48e0b5a9878eb17,20260828,7d4a74a88d2cac93b513c0853bf92c260eaceea0,data/CompEval-00311-of-00413.parquet,0,20,512,512,PNG,470376
cf_test_external_seen_family_aigi_d6c00a9abb19f499,test_external_seen_family/aigi/cf_test_external_seen_family_aigi_d6c00a9abb19f499_000330.png.png,1,test_external_seen_family,community-forensics-eval,decidiffusionv2,test,test_external_seen_family,RAISE,DeciDiffusionV2,decidiffusionv2,LatDiff,family_seen,46b91c421c5f5ad630c425925bec9b7f3f19f83c89af410f37a4d5539999f243,f57d2920824fee92,20260828,7d4a74a88d2cac93b513c0853bf92c260eaceea0,data/CompEval-00317-of-00413.parquet,0,9,512,512,PNG,505873
cf_test_external_seen_family_aigi_d715389b16f6a928,test_external_seen_family/aigi/cf_test_external_seen_family_aigi_d715389b16f6a928_000617.png.png,1,test_external_seen_family,community-forensics-eval,lcm-lora-sdxl,test,test_external_seen_family,RAISE,LCM_lora_sdxl,lcm-lora-sdxl,LatDiff,family_seen,1419a880aec5efe30f1792fa9fd7085b76f80596efb262be1d25a723e9250d36,94499da69ad3ab23,20260828,7d4a74a88d2cac93b513c0853bf92c260eaceea0,data/CompEval-00062-of-00413.parquet,4,16,1024,1024,PNG,1448255
cf_test_external_seen_family_aigi_d73d280298659282,test_external_seen_family/aigi/cf_test_external_seen_family_aigi_d73d280298659282_000863.png.png,1,test_external_seen_family,community-forensics-eval,lcm-lora-ssd1b,test,test_external_seen_family,RAISE,LCM_lora_ssd1b,lcm-lora-ssd1b,LatDiff,family_seen,5d4d753e728ac305bd808a5dd5faa45811f693a1db2e1538b1e4e82d4ca01289,996ec531de82790e,20260828,7d4a74a88d2cac93b513c0853bf92c260eaceea0,data/CompEval-00196-of-00413.parquet,2,13,1024,1024,PNG,2394221
cf_test_external_seen_family_aigi_d741fa9ee9d0026e,test_external_seen_family/aigi/cf_test_external_seen_family_aigi_d741fa9ee9d0026e_000160.png.png,1,test_external_seen_family,community-forensics-eval,hourglass,test,test_external_seen_family,FFHQ,Hourglass,hourglass,PixDiff,family_seen,c8082f0c35e219533e8f80b80f0e05519bcef755ec54b155f2519ee743a63f76,d5803b5a2f7925d8,20260828,7d4a74a88d2cac93b513c0853bf92c260eaceea0,data/CompEval-00273-of-00413.parquet,1,13,1024,1024,PNG,1276830
cf_test_external_seen_family_aigi_d75c7fca663aefa0,test_external_seen_family/aigi/cf_test_external_seen_family_aigi_d75c7fca663aefa0_000433.png.png,1,test_external_seen_family,community-forensics-eval,lcm-lora-ssd1b,test,test_external_seen_family,RAISE,LCM_lora_ssd1b,lcm-lora-ssd1b,LatDiff,family_seen,df444b096c3ef216e0442f057394f4374e04cbf2f67835974ba04c8a5fe37547,f8c1ee73a598d00e,20260828,7d4a74a88d2cac93b513c0853bf92c260eaceea0,data/CompEval-00196-of-00413.parquet,0,15,1024,1024,PNG,1548253
cf_test_external_seen_family_aigi_d77da78f704aec33,test_external_seen_family/aigi/cf_test_external_seen_family_aigi_d77da78f704aec33_000498.png.png,1,test_external_seen_family,community-forensics-eval,lcm-lora-sdv15,test,test_external_seen_family,RAISE,LCM_lora_sdv15,lcm-lora-sdv15,LatDiff,family_seen,16229606366ac2679331d4830ef1be2a20d6dd72df1137331f102cbdf6ac9c6d,ae0291abc4b578b7,20260828,7d4a74a88d2cac93b513c0853bf92c260eaceea0,data/CompEval-00361-of-00413.parquet,0,13,512,512,PNG,432961
cf_test_external_seen_family_aigi_d82db49c34cdba72,test_external_seen_family/aigi/cf_test_external_seen_family_aigi_d82db49c34cdba72_000181.png.png,1,test_external_seen_family,community-forensics-eval,kvikontent-midjourney-v6,test,test_external_seen_family,RAISE,kvikontent_midjourney_v6,kvikontent-midjourney-v6,LatDiff,family_seen,d2211a9edb475d40c2cefdf9e07ca32c3fcb4ee1f3e82563823d6bec5f7d1479,a161655176d9659b,20260828,7d4a74a88d2cac93b513c0853bf92c260eaceea0,data/CompEval-00217-of-00413.parquet,3,15,512,512,PNG,554761
cf_test_external_seen_family_aigi_d873193faae1d4f7,test_external_seen_family/aigi/cf_test_external_seen_family_aigi_d873193faae1d4f7_000307.png.png,1,test_external_seen_family,community-forensics-eval,kvikontent-midjourney-v6,test,test_external_seen_family,RAISE,kvikontent_midjourney_v6,kvikontent-midjourney-v6,LatDiff,family_seen,b4e0a9e20a4f8152ccace6db8265632bf8ce8ac2994890a5c9d2b762e9811a84,a61c3dcc65c97199,20260828,7d4a74a88d2cac93b513c0853bf92c260eaceea0,data/CompEval-00092-of-00413.parquet,4,11,512,512,PNG,305845
cf_test_external_seen_family_aigi_d8a5f97f0b816d3e,test_external_seen_family/aigi/cf_test_external_seen_family_aigi_d8a5f97f0b816d3e_000972.png.png,1,test_external_seen_family,community-forensics-eval,lcm-lora-ssd1b,test,test_external_seen_family,RAISE,LCM_lora_ssd1b,lcm-lora-ssd1b,LatDiff,family_seen,a49ae4e8dc742b66a0834ca586af76e5fdeb5d7baff658b959d8da9551c91049,b04793663cc6336e,20260828,7d4a74a88d2cac93b513c0853bf92c260eaceea0,data/CompEval-00195-of-00413.parquet,4,2,1024,1024,PNG,1101762
cf_test_external_seen_family_aigi_d8ae30209c783b83,test_external_seen_family/aigi/cf_test_external_seen_family_aigi_d8ae30209c783b83_000813.png.png,1,test_external_seen_family,community-forensics-eval,lcm-lora-ssd1b,test,test_external_seen_family,RAISE,LCM_lora_ssd1b,lcm-lora-ssd1b,LatDiff,family_seen,493598e6638cdfefdac85c29c57a36725ac8733de524addb637ed0b8498e4f15,fb920d12ccb3077c,20260828,7d4a74a88d2cac93b513c0853bf92c260eaceea0,data/CompEval-00193-of-00413.parquet,4,15,1024,1024,PNG,1293124
cf_test_external_seen_family_aigi_d93ce3fcbaca13a4,test_external_seen_family/aigi/cf_test_external_seen_family_aigi_d93ce3fcbaca13a4_000822.png.png,1,test_external_seen_family,community-forensics-eval,kandinsky-2-2,test,test_external_seen_family,RAISE,kandinsky_2_2,kandinsky-2-2,LatDiff,family_seen,94947e262598b58de260860b4aafa88a15bc5bac5e709c783271a1bcc6890c58,b5aa8ad25d29ca8b,20260828,7d4a74a88d2cac93b513c0853bf92c260eaceea0,data/CompEval-00241-of-00413.parquet,3,1,768,768,PNG,869056
cf_test_external_seen_family_aigi_d940f3f4a49db821,test_external_seen_family/aigi/cf_test_external_seen_family_aigi_d940f3f4a49db821_000789.png.png,1,test_external_seen_family,community-forensics-eval,lcm-lora-sdxl,test,test_external_seen_family,RAISE,LCM_lora_sdxl,lcm-lora-sdxl,LatDiff,family_seen,4e4ceea15eb06d9f361ef49f80e16b84da4416faf0e5769d54b52beb3be757cd,dfb7001da45bc863,20260828,7d4a74a88d2cac93b513c0853bf92c260eaceea0,data/CompEval-00057-of-00413.parquet,2,1,1024,1024,PNG,1310376
cf_test_external_seen_family_aigi_d96b77113049ff8c,test_external_seen_family/aigi/cf_test_external_seen_family_aigi_d96b77113049ff8c_000384.png.png,1,test_external_seen_family,community-forensics-eval,kvikontent-midjourney-v6,test,test_external_seen_family,RAISE,kvikontent_midjourney_v6,kvikontent-midjourney-v6,LatDiff,family_seen,78f2d52299f26d9e66745ab97272744d0bc8f9421b24544e1846384c71bc7507,d07723203f34a5bd,20260828,7d4a74a88d2cac93b513c0853bf92c260eaceea0,data/CompEval-00094-of-00413.parquet,4,23,512,512,PNG,509290
cf_test_external_seen_family_aigi_d9de519e8b72e988,test_external_seen_family/aigi/cf_test_external_seen_family_aigi_d9de519e8b72e988_000302.png.png,1,test_external_seen_family,community-forensics-eval,lcm-lora-sdxl,test,test_external_seen_family,RAISE,LCM_lora_sdxl,lcm-lora-sdxl,LatDiff,family_seen,86759918a5d8031321cbd6d63cbc959031b97464fc73d8a1e4ae6d9fb517a72a,a4cf329fd4a78a90,20260828,7d4a74a88d2cac93b513c0853bf92c260eaceea0,data/CompEval-00061-of-00413.parquet,1,5,1024,1024,PNG,1618152
cf_test_external_seen_family_aigi_da118b6795b0acf4,test_external_seen_family/aigi/cf_test_external_seen_family_aigi_da118b6795b0acf4_000199.png.png,1,test_external_seen_family,community-forensics-eval,kvikontent-midjourney-v6,test,test_external_seen_family,RAISE,kvikontent_midjourney_v6,kvikontent-midjourney-v6,LatDiff,family_seen,b20e00539a00cb8502591bca5cba7a459e66d959b0a4ff1d63571d73d8365a92,d8c707d8c388b9c7,20260828,7d4a74a88d2cac93b513c0853bf92c260eaceea0,data/CompEval-00095-of-00413.parquet,3,2,512,512,PNG,401699
cf_test_external_seen_family_aigi_da33cf3b85d29711,test_external_seen_family/aigi/cf_test_external_seen_family_aigi_da33cf3b85d29711_000201.png.png,1,test_external_seen_family,community-forensics-eval,hourglass,test,test_external_seen_family,,Hourglass,hourglass,PixDiff,family_seen,49b2e38bdcecf9d58741be4a323cc5caddb34c2bd947b1fa4f89ae7acf3e6036,eb2e6b69949c3524,20260828,7d4a74a88d2cac93b513c0853bf92c260eaceea0,data/CompEval-00156-of-00413.parquet,1,12,256,256,PNG,85091
cf_test_external_seen_family_aigi_da443f062754eafd,test_external_seen_family/aigi/cf_test_external_seen_family_aigi_da443f062754eafd_000866.png.png,1,test_external_seen_family,community-forensics-eval,lcm-lora-sdv15,test,test_external_seen_family,RAISE,LCM_lora_sdv15,lcm-lora-sdv15,LatDiff,family_seen,6a13e118e8a37905a226babcf47382a1960fd6746fdf2a62054565ca277db27c,a6ffb9194b82419c,20260828,7d4a74a88d2cac93b513c0853bf92c260eaceea0,data/CompEval-00361-of-00413.parquet,3,19,512,512,PNG,402696
cf_test_external_seen_family_aigi_da9e864f4f6cc8cc,test_external_seen_family/aigi/cf_test_external_seen_family_aigi_da9e864f4f6cc8cc_000581.png.png,1,test_external_seen_family,community-forensics-eval,galip,test,test_external_seen_family,RAISE,GALIP,galip,GAN,family_seen,12f9f04f7b8b569a8e3def7e04646dcac2d4a25580f21b2ca35ea7631c997ca7,b291d9c96cc24f8d,20260828,7d4a74a88d2cac93b513c0853bf92c260eaceea0,data/CompEval-00045-of-00413.parquet,4,19,224,224,PNG,95330
cf_test_external_seen_family_aigi_daa51fafa2d352e8,test_external_seen_family/aigi/cf_test_external_seen_family_aigi_daa51fafa2d352e8_000078.png.png,1,test_external_seen_family,community-forensics-eval,decidiffusionv2,test,test_external_seen_family,RAISE,DeciDiffusionV2,decidiffusionv2,LatDiff,family_seen,359a9a8d2719661fb377b3a39827804f347838eef4ff0d0e8837733356f702be,ede15de334072c85,20260828,7d4a74a88d2cac93b513c0853bf92c260eaceea0,data/CompEval-00311-of-00413.parquet,3,14,512,512,PNG,315532
cf_test_external_seen_family_aigi_dabfdf90ddb1d953,test_external_seen_family/aigi/cf_test_external_seen_family_aigi_dabfdf90ddb1d953_000875.png.png,1,test_external_seen_family,community-forensics-eval,lcm-lora-ssd1b,test,test_external_seen_family,RAISE,LCM_lora_ssd1b,lcm-lora-ssd1b,LatDiff,family_seen,d0e217c8864c7b6a5a7a96528b909c91e8e01eaddf5bd50461d1bc20279ce8a3,a59ede61349e6161,20260828,7d4a74a88d2cac93b513c0853bf92c260eaceea0,data/CompEval-00198-of-00413.parquet,0,10,1024,1024,PNG,1147398
cf_test_external_seen_family_aigi_db28aa386e76a03a,test_external_seen_family/aigi/cf_test_external_seen_family_aigi_db28aa386e76a03a_000484.png.png,1,test_external_seen_family,community-forensics-eval,lcm-lora-sdxl,test,test_external_seen_family,RAISE,LCM_lora_sdxl,lcm-lora-sdxl,LatDiff,family_seen,59502aef74281a5e89feee91f1a9271eae54eacf960b7f41ecfda31b9243ece3,97f30d08f38d18d3,20260828,7d4a74a88d2cac93b513c0853bf92c260eaceea0,data/CompEval-00060-of-00413.parquet,4,24,1024,1024,PNG,1585605
cf_test_external_seen_family_aigi_db558abf224ff5e8,test_external_seen_family/aigi/cf_test_external_seen_family_aigi_db558abf224ff5e8_000483.png.png,1,test_external_seen_family,community-forensics-eval,decidiffusionv2,test,test_external_seen_family,RAISE,DeciDiffusionV2,decidiffusionv2,LatDiff,family_seen,7e90b6b42f531d3d188e416472cdc06660d3a106f6af1fbf0c624e79b435c600,c94ee666d91899c9,20260828,7d4a74a88d2cac93b513c0853bf92c260eaceea0,data/CompEval-00318-of-00413.parquet,4,3,512,512,PNG,188631
cf_test_external_seen_family_aigi_dba40a7723aa916b,test_external_seen_family/aigi/cf_test_external_seen_family_aigi_dba40a7723aa916b_000121.png.png,1,test_external_seen_family,community-forensics-eval,decidiffusionv2,test,test_external_seen_family,RAISE,DeciDiffusionV2,decidiffusionv2,LatDiff,family_seen,b201fa93f034e1df2d7450ee84af147d6d4dd7d4a05127b13532d1e284d44119,dd9629f21c5174c9,20260828,7d4a74a88d2cac93b513c0853bf92c260eaceea0,data/CompEval-00312-of-00413.parquet,0,16,512,512,PNG,555982
cf_test_external_seen_family_aigi_dbc2c6f1a587bd1d,test_external_seen_family/aigi/cf_test_external_seen_family_aigi_dbc2c6f1a587bd1d_000415.png.png,1,test_external_seen_family,community-forensics-eval,lcm-lora-ssd1b,test,test_external_seen_family,RAISE,LCM_lora_ssd1b,lcm-lora-ssd1b,LatDiff,family_seen,84812f2cc5dc99920959d231489436466b790de107f37b8e38dfe97c60dfff0b,8bc0b411bd6ed16b,20260828,7d4a74a88d2cac93b513c0853bf92c260eaceea0,data/CompEval-00191-of-00413.parquet,2,24,1024,1024,PNG,1625851
cf_test_external_seen_family_aigi_dbddf0c6468ed8d0,test_external_seen_family/aigi/cf_test_external_seen_family_aigi_dbddf0c6468ed8d0_000984.png.png,1,test_external_seen_family,community-forensics-eval,decidiffusionv2,test,test_external_seen_family,RAISE,DeciDiffusionV2,decidiffusionv2,LatDiff,family_seen,250ec68b7d47b4b8d64a2b76405a6c182ffe3b6da9b00c0ab397c11ee0726f41,81bb3179bc3bb0e0,20260828,7d4a74a88d2cac93b513c0853bf92c260eaceea0,data/CompEval-00314-of-00413.parquet,3,10,512,512,PNG,569778
cf_test_external_seen_family_aigi_dc646d76304d8bf6,test_external_seen_family/aigi/cf_test_external_seen_family_aigi_dc646d76304d8bf6_000897.png.png,1,test_external_seen_family,community-forensics-eval,kvikontent-midjourney-v6,test,test_external_seen_family,RAISE,kvikontent_midjourney_v6,kvikontent-midjourney-v6,LatDiff,family_seen,240c88c2586a09035971aa06fc4cf75f7b71e65867269a84c22aac0d1d54076a,a1396cba62167787,20260828,7d4a74a88d2cac93b513c0853bf92c260eaceea0,data/CompEval-00218-of-00413.parquet,2,22,512,512,PNG,524376
cf_test_external_seen_family_aigi_dd53564f7bbc6506,test_external_seen_family/aigi/cf_test_external_seen_family_aigi_dd53564f7bbc6506_000595.png.png,1,test_external_seen_family,community-forensics-eval,hourglass,test,test_external_seen_family,FFHQ,Hourglass,hourglass,PixDiff,family_seen,e7a8043fc13478f2934341a0a2d9674f6f3a2da9778e562dff57840fa74e81c8,a8f50f87f51e04d8,20260828,7d4a74a88d2cac93b513c0853bf92c260eaceea0,data/CompEval-00273-of-00413.parquet,3,20,1024,1024,PNG,1118646
cf_test_external_seen_family_aigi_dd661abc029e6736,test_external_seen_family/aigi/cf_test_external_seen_family_aigi_dd661abc029e6736_000853.png.png,1,test_external_seen_family,community-forensics-eval,lcm-lora-sdv15,test,test_external_seen_family,RAISE,LCM_lora_sdv15,lcm-lora-sdv15,LatDiff,family_seen,d64fc53b13f21dedd0a9e0758b54e1f8feaec9eca1c8b8e2793a09e2a7c888e6,f696c3e9299c1a61,20260828,7d4a74a88d2cac93b513c0853bf92c260eaceea0,data/CompEval-00360-of-00413.parquet,1,15,512,512,PNG,321395
cf_test_external_seen_family_aigi_dd8d9770f2a07096,test_external_seen_family/aigi/cf_test_external_seen_family_aigi_dd8d9770f2a07096_000217.png.png,1,test_external_seen_family,community-forensics-eval,lcm-lora-sdxl,test,test_external_seen_family,RAISE,LCM_lora_sdxl,lcm-lora-sdxl,LatDiff,family_seen,3543c10a65ca5d84250dbf2009cec0f028e1b8981bf5d92ff4006e631a1150bc,83d13facaca74155,20260828,7d4a74a88d2cac93b513c0853bf92c260eaceea0,data/CompEval-00058-of-00413.parquet,0,19,1024,1024,PNG,1138216
cf_test_external_seen_family_aigi_de10aa37923c4868,test_external_seen_family/aigi/cf_test_external_seen_family_aigi_de10aa37923c4868_000507.png.png,1,test_external_seen_family,community-forensics-eval,kandinsky-2-2,test,test_external_seen_family,RAISE,kandinsky_2_2,kandinsky-2-2,LatDiff,family_seen,7eb949d2eea2f5a2ecbe42cc2240b2d046a454791a11f61cd64f4e0b95be60e6,c80c1bd9dd912afa,20260828,7d4a74a88d2cac93b513c0853bf92c260eaceea0,data/CompEval-00246-of-00413.parquet,1,11,768,768,PNG,1012375
cf_test_external_seen_family_aigi_de58115e315e64f4,test_external_seen_family/aigi/cf_test_external_seen_family_aigi_de58115e315e64f4_000865.png.png,1,test_external_seen_family,community-forensics-eval,galip,test,test_external_seen_family,RAISE,GALIP,galip,GAN,family_seen,3d5e9799ede61c244138a34b4af1833a9f62b72068f7e927a59a00d443f6310b,9b37ac19f222b46a,20260828,7d4a74a88d2cac93b513c0853bf92c260eaceea0,data/CompEval-00046-of-00413.parquet,1,15,224,224,PNG,111169
cf_test_external_seen_family_aigi_de915b45685ee16f,test_external_seen_family/aigi/cf_test_external_seen_family_aigi_de915b45685ee16f_000836.png.png,1,test_external_seen_family,community-forensics-eval,kandinsky-2-2,test,test_external_seen_family,RAISE,kandinsky_2_2,kandinsky-2-2,LatDiff,family_seen,f5fcd913de9427ac9091a55c23160620a65dbb408559001036f6decae42af2de,eb639babe45052c4,20260828,7d4a74a88d2cac93b513c0853bf92c260eaceea0,data/CompEval-00245-of-00413.parquet,0,1,768,768,PNG,667124
cf_test_external_seen_family_aigi_de93145a2da4b823,test_external_seen_family/aigi/cf_test_external_seen_family_aigi_de93145a2da4b823_000578.png.png,1,test_external_seen_family,community-forensics-eval,lcm-lora-sdv15,test,test_external_seen_family,RAISE,LCM_lora_sdv15,lcm-lora-sdv15,LatDiff,family_seen,f03854955383b686b13f02b7832e493ba6752bffcfe04d0c6c5cf26c8ec2fbff,c39cd3b5362125ae,20260828,7d4a74a88d2cac93b513c0853bf92c260eaceea0,data/CompEval-00363-of-00413.parquet,1,23,512,512,PNG,451947
cf_test_external_seen_family_aigi_dea35822bdc210dc,test_external_seen_family/aigi/cf_test_external_seen_family_aigi_dea35822bdc210dc_000649.png.png,1,test_external_seen_family,community-forensics-eval,kandinsky-2-2,test,test_external_seen_family,RAISE,kandinsky_2_2,kandinsky-2-2,LatDiff,family_seen,eca2320b9ffee6850e82d635d1df1dcc76b4e6fa797fa66e3881edabd2ae6fc7,e8810bd47d1a3b9e,20260828,7d4a74a88d2cac93b513c0853bf92c260eaceea0,data/CompEval-00239-of-00413.parquet,3,7,768,768,PNG,975722
cf_test_external_seen_family_aigi_dea7497254cd8a45,test_external_seen_family/aigi/cf_test_external_seen_family_aigi_dea7497254cd8a45_000097.png.png,1,test_external_seen_family,community-forensics-eval,decidiffusionv2,test,test_external_seen_family,RAISE,DeciDiffusionV2,decidiffusionv2,LatDiff,family_seen,6c25d7478856e456faaca7795ec57474a2d0aa707fb69a306db1d77ebe14146e,d19707dc309fc718,20260828,7d4a74a88d2cac93b513c0853bf92c260eaceea0,data/CompEval-00313-of-00413.parquet,1,6,512,512,PNG,290308
cf_test_external_seen_family_aigi_decb15cf30e96816,test_external_seen_family/aigi/cf_test_external_seen_family_aigi_decb15cf30e96816_000229.png.png,1,test_external_seen_family,community-forensics-eval,kandinsky-2-2,test,test_external_seen_family,RAISE,kandinsky_2_2,kandinsky-2-2,LatDiff,family_seen,7cad9d1ed538d8269ffeff8eb93a1adc7180e66f94fd888a36e52c09c03d2b35,9c80c9e8a27736f5,20260828,7d4a74a88d2cac93b513c0853bf92c260eaceea0,data/CompEval-00240-of-00413.parquet,4,5,768,768,PNG,1047592
cf_test_external_seen_family_aigi_df09e216087c3533,test_external_seen_family/aigi/cf_test_external_seen_family_aigi_df09e216087c3533_000649.png.png,1,test_external_seen_family,community-forensics-eval,galip,test,test_external_seen_family,RAISE,GALIP,galip,GAN,family_seen,d7de4e214942c11aa7e47caa103249aceae2c94e0f5e85a51d3f49e137f5a3ed,c8b67ad5206bd6a1,20260828,7d4a74a88d2cac93b513c0853bf92c260eaceea0,data/CompEval-00047-of-00413.parquet,1,18,224,224,PNG,85749
cf_test_external_seen_family_aigi_df5d129ec77e6a26,test_external_seen_family/aigi/cf_test_external_seen_family_aigi_df5d129ec77e6a26_000707.png.png,1,test_external_seen_family,community-forensics-eval,lcm-lora-sdv15,test,test_external_seen_family,RAISE,LCM_lora_sdv15,lcm-lora-sdv15,LatDiff,family_seen,894a7f7f65a4497ba467cc222a9482b6c51448826ef6e4d62ce3136946f0d2b3,d5d5286ad5152aea,20260828,7d4a74a88d2cac93b513c0853bf92c260eaceea0,data/CompEval-00362-of-00413.parquet,3,5,512,512,PNG,229108
cf_test_external_seen_family_aigi_e0068667d1c92687,test_external_seen_family/aigi/cf_test_external_seen_family_aigi_e0068667d1c92687_000396.png.png,1,test_external_seen_family,community-forensics-eval,dfgan,test,test_external_seen_family,COCO,DFGAN,dfgan,GAN,family_seen,54f9eef53635a4ec6db03b2e120039ff73ebf2d796a86a7399ff0378944ed0a1,e4c61af8a1e6e4e4,20260828,7d4a74a88d2cac93b513c0853bf92c260eaceea0,data/CompEval-00002-of-00413.parquet,3,0,256,256,PNG,152753
cf_test_external_seen_family_aigi_e038c5b58da770e1,test_external_seen_family/aigi/cf_test_external_seen_family_aigi_e038c5b58da770e1_000196.png.png,1,test_external_seen_family,community-forensics-eval,galip,test,test_external_seen_family,RAISE,GALIP,galip,GAN,family_seen,2d36c6e9e15c010f30b0c6748d0c85a486966d7b90bcdefb9d004a7136ca7659,c4b3dd663059178b,20260828,7d4a74a88d2cac93b513c0853bf92c260eaceea0,data/CompEval-00045-of-00413.parquet,4,21,224,224,PNG,84078
cf_test_external_seen_family_aigi_e03cd46c0b63a95f,test_external_seen_family/aigi/cf_test_external_seen_family_aigi_e03cd46c0b63a95f_000179.png.png,1,test_external_seen_family,community-forensics-eval,galip,test,test_external_seen_family,RAISE,GALIP,galip,GAN,family_seen,bf7f40cfec357dff4a2d83de353ab822fa85407cbf8e790cf263684d2813490e,f0b81571a1a5ad8f,20260828,7d4a74a88d2cac93b513c0853bf92c260eaceea0,data/CompEval-00124-of-00413.parquet,0,7,224,224,PNG,104567
cf_test_external_seen_family_aigi_e03d25f1c14f2988,test_external_seen_family/aigi/cf_test_external_seen_family_aigi_e03d25f1c14f2988_000952.png.png,1,test_external_seen_family,community-forensics-eval,kvikontent-midjourney-v6,test,test_external_seen_family,RAISE,kvikontent_midjourney_v6,kvikontent-midjourney-v6,LatDiff,family_seen,f08631513cae3dd120ecca8625846050370ce360e8185f4c08dccde24c93ad08,d6a93626e9d12bc2,20260828,7d4a74a88d2cac93b513c0853bf92c260eaceea0,data/CompEval-00216-of-00413.parquet,2,1,512,512,PNG,444853
cf_test_external_seen_family_aigi_e091f7d861923dd0,test_external_seen_family/aigi/cf_test_external_seen_family_aigi_e091f7d861923dd0_000251.png.png,1,test_external_seen_family,community-forensics-eval,kvikontent-midjourney-v6,test,test_external_seen_family,RAISE,kvikontent_midjourney_v6,kvikontent-midjourney-v6,LatDiff,family_seen,2b16605b307eb40e528e699191b73440557bcaad497ae3e03aecbf8f586faef0,81a4de5b1ebe3461,20260828,7d4a74a88d2cac93b513c0853bf92c260eaceea0,data/CompEval-00090-of-00413.parquet,2,4,512,512,PNG,488797
cf_test_external_seen_family_aigi_e11e7776aacc4aa2,test_external_seen_family/aigi/cf_test_external_seen_family_aigi_e11e7776aacc4aa2_000545.png.png,1,test_external_seen_family,community-forensics-eval,hourglass,test,test_external_seen_family,FFHQ,Hourglass,hourglass,PixDiff,family_seen,53ef0112fe78947b4f8b046e81d03ca02c6aa4fb06c9465aa15ce5382bce72db,8b64b4d3914b98db,20260828,7d4a74a88d2cac93b513c0853bf92c260eaceea0,data/CompEval-00276-of-00413.parquet,1,12,1024,1024,PNG,1149133
cf_test_external_seen_family_aigi_e1241fb290810f90,test_external_seen_family/aigi/cf_test_external_seen_family_aigi_e1241fb290810f90_000568.png.png,1,test_external_seen_family,community-forensics-eval,lcm-lora-sdxl,test,test_external_seen_family,RAISE,LCM_lora_sdxl,lcm-lora-sdxl,LatDiff,family_seen,f094060656688e030ed68e425e88e9102a2f0c15ef2ce6b2ac28e534e0923b40,aa2ac23cd7321cf3,20260828,7d4a74a88d2cac93b513c0853bf92c260eaceea0,data/CompEval-00057-of-00413.parquet,2,10,1024,1024,PNG,1813899
cf_test_external_seen_family_aigi_e13da3ac404438c1,test_external_seen_family/aigi/cf_test_external_seen_family_aigi_e13da3ac404438c1_000180.png.png,1,test_external_seen_family,community-forensics-eval,kvikontent-midjourney-v6,test,test_external_seen_family,RAISE,kvikontent_midjourney_v6,kvikontent-midjourney-v6,LatDiff,family_seen,3354b1b104db77487dc04ecffeb73032bc19f7203c3d03f3028987b3be4931a6,a8eed5053e3e38b0,20260828,7d4a74a88d2cac93b513c0853bf92c260eaceea0,data/CompEval-00215-of-00413.parquet,1,20,512,512,PNG,489855
cf_test_external_seen_family_aigi_e17006f72a6b9dbd,test_external_seen_family/aigi/cf_test_external_seen_family_aigi_e17006f72a6b9dbd_000218.png.png,1,test_external_seen_family,community-forensics-eval,lcm-lora-ssd1b,test,test_external_seen_family,RAISE,LCM_lora_ssd1b,lcm-lora-ssd1b,LatDiff,family_seen,2377f90fcfe088db5a538c46e15e01ff8daecbb99c348f3ec9f41a0cb839d153,d5a02eb97b065639,20260828,7d4a74a88d2cac93b513c0853bf92c260eaceea0,data/CompEval-00192-of-00413.parquet,4,5,1024,1024,PNG,1228282
cf_test_external_seen_family_aigi_e1869167f78322f5,test_external_seen_family/aigi/cf_test_external_seen_family_aigi_e1869167f78322f5_000033.png.png,1,test_external_seen_family,community-forensics-eval,dfgan,test,test_external_seen_family,COCO,DFGAN,dfgan,GAN,family_seen,40be9b68f212f8b87c4346c27a95257b10d33d51bb471e63f7d8dd6d5f782d36,be9ca971684accd4,20260828,7d4a74a88d2cac93b513c0853bf92c260eaceea0,data/CompEval-00005-of-00413.parquet,3,10,256,256,PNG,107961
cf_test_external_seen_family_aigi_e1944671743abf22,test_external_seen_family/aigi/cf_test_external_seen_family_aigi_e1944671743abf22_000307.png.png,1,test_external_seen_family,community-forensics-eval,dfgan,test,test_external_seen_family,COCO,DFGAN,dfgan,GAN,family_seen,55fe3aa8646db6bd8e0ef0589762f9841081b86b5fac2d0111e72e2db3cf3e9b,e4561a121236ffad,20260828,7d4a74a88d2cac93b513c0853bf92c260eaceea0,data/CompEval-00000-of-00413.parquet,2,9,256,256,PNG,105413
cf_test_external_seen_family_aigi_e1cf5ea22cf03aaf,test_external_seen_family/aigi/cf_test_external_seen_family_aigi_e1cf5ea22cf03aaf_000296.png.png,1,test_external_seen_family,community-forensics-eval,kvikontent-midjourney-v6,test,test_external_seen_family,RAISE,kvikontent_midjourney_v6,kvikontent-midjourney-v6,LatDiff,family_seen,b92c27d11a1ad90f499eff51d356166df6a6b7177b541f499ea30cad8656e343,ed9c526298d17335,20260828,7d4a74a88d2cac93b513c0853bf92c260eaceea0,data/CompEval-00218-of-00413.parquet,4,5,512,512,PNG,398297
cf_test_external_seen_family_aigi_e1d51289c6a1a66c,test_external_seen_family/aigi/cf_test_external_seen_family_aigi_e1d51289c6a1a66c_000443.png.png,1,test_external_seen_family,community-forensics-eval,galip,test,test_external_seen_family,RAISE,GALIP,galip,GAN,family_seen,0b70bb4f95dae6bc979b3b4080be8e1283d17ec459c256c73d529e87f9db2e24,f47c9d03c9bc4685,20260828,7d4a74a88d2cac93b513c0853bf92c260eaceea0,data/CompEval-00046-of-00413.parquet,4,21,224,224,PNG,110433
cf_test_external_seen_family_aigi_e21f9de3ff9ded5a,test_external_seen_family/aigi/cf_test_external_seen_family_aigi_e21f9de3ff9ded5a_000957.png.png,1,test_external_seen_family,community-forensics-eval,lcm-lora-sdv15,test,test_external_seen_family,RAISE,LCM_lora_sdv15,lcm-lora-sdv15,LatDiff,family_seen,69151c271a28fa768123ff8383fd33ca00c06597ae2ea354237ada0d30e4e142,8aa9449bae5177a6,20260828,7d4a74a88d2cac93b513c0853bf92c260eaceea0,data/CompEval-00113-of-00413.parquet,2,21,512,512,PNG,439935
cf_test_external_seen_family_aigi_e2ad9831cd8e941d,test_external_seen_family/aigi/cf_test_external_seen_family_aigi_e2ad9831cd8e941d_000593.png.png,1,test_external_seen_family,community-forensics-eval,kvikontent-midjourney-v6,test,test_external_seen_family,RAISE,kvikontent_midjourney_v6,kvikontent-midjourney-v6,LatDiff,family_seen,862460be326e3adbaaa30664b428ea899f73e630a6704dcbb5a91703db1a694c,c2c5da94d2d6d8a3,20260828,7d4a74a88d2cac93b513c0853bf92c260eaceea0,data/CompEval-00215-of-00413.parquet,4,18,512,512,PNG,576880
cf_test_external_seen_family_aigi_e36abd92006e351b,test_external_seen_family/aigi/cf_test_external_seen_family_aigi_e36abd92006e351b_000567.png.png,1,test_external_seen_family,community-forensics-eval,decidiffusionv2,test,test_external_seen_family,RAISE,DeciDiffusionV2,decidiffusionv2,LatDiff,family_seen,7f45fefa4f93714ef172a6b574a29018f46e86629c98f6d0f4ef62bd5456660e,e58c9af6a5999232,20260828,7d4a74a88d2cac93b513c0853bf92c260eaceea0,data/CompEval-00317-of-00413.parquet,0,23,512,512,PNG,452527
cf_test_external_seen_family_aigi_e3bfbe97f846fe1e,test_external_seen_family/aigi/cf_test_external_seen_family_aigi_e3bfbe97f846fe1e_000539.png.png,1,test_external_seen_family,community-forensics-eval,kandinsky-2-2,test,test_external_seen_family,RAISE,kandinsky_2_2,kandinsky-2-2,LatDiff,family_seen,479085bfe1b77879c0ad6ef86044ec2cb8a44c6b851743b2cc4fa91f4dfecd56,be47da2423d4a553,20260828,7d4a74a88d2cac93b513c0853bf92c260eaceea0,data/CompEval-00245-of-00413.parquet,0,21,768,768,PNG,936623
cf_test_external_seen_family_aigi_e3e969fc21680ca3,test_external_seen_family/aigi/cf_test_external_seen_family_aigi_e3e969fc21680ca3_000335.png.png,1,test_external_seen_family,community-forensics-eval,dfgan,test,test_external_seen_family,COCO,DFGAN,dfgan,GAN,family_seen,f4945e24b291f457a8583eb97b4d6f6fb9f7825c99b7f67402485ff550027b84,cd87429603da1f1f,20260828,7d4a74a88d2cac93b513c0853bf92c260eaceea0,data/CompEval-00003-of-00413.parquet,0,20,256,256,PNG,110090
cf_test_external_seen_family_aigi_e41b62ab2c5cdd8e,test_external_seen_family/aigi/cf_test_external_seen_family_aigi_e41b62ab2c5cdd8e_000912.png.png,1,test_external_seen_family,community-forensics-eval,kvikontent-midjourney-v6,test,test_external_seen_family,RAISE,kvikontent_midjourney_v6,kvikontent-midjourney-v6,LatDiff,family_seen,522e792ee8e980ea00453e50716255754349670f2bed26984ba5905faa9b7b5c,d760173cc9267197,20260828,7d4a74a88d2cac93b513c0853bf92c260eaceea0,data/CompEval-00216-of-00413.parquet,2,13,512,512,PNG,481179
cf_test_external_seen_family_aigi_e4223bfc087bdc7b,test_external_seen_family/aigi/cf_test_external_seen_family_aigi_e4223bfc087bdc7b_000416.png.png,1,test_external_seen_family,community-forensics-eval,galip,test,test_external_seen_family,RAISE,GALIP,galip,GAN,family_seen,c294117437227c81d256b137f16e7a13297da3b4b6c7b2cddf9f2e6dd0b99077,a6b6d80ba5f028b7,20260828,7d4a74a88d2cac93b513c0853bf92c260eaceea0,data/CompEval-00124-of-00413.parquet,2,9,224,224,PNG,59053
cf_test_external_seen_family_aigi_e429b4893c29ef1a,test_external_seen_family/aigi/cf_test_external_seen_family_aigi_e429b4893c29ef1a_000948.png.png,1,test_external_seen_family,community-forensics-eval,dfgan,test,test_external_seen_family,COCO,DFGAN,dfgan,GAN,family_seen,4ba14e7e6eef218566a350991bf053c19107af81570d5a1f550801639f2946d2,bbd54a74666628d8,20260828,7d4a74a88d2cac93b513c0853bf92c260eaceea0,data/CompEval-00006-of-00413.parquet,0,14,256,256,PNG,107138
cf_test_external_seen_family_aigi_e436fc2e5f8aa001,test_external_seen_family/aigi/cf_test_external_seen_family_aigi_e436fc2e5f8aa001_000171.png.png,1,test_external_seen_family,community-forensics-eval,decidiffusionv2,test,test_external_seen_family,RAISE,DeciDiffusionV2,decidiffusionv2,LatDiff,family_seen,71e7f2ed1080969e6e64b18b26e8da537b200aa0b85f888f4d3ddb3899e9167c,ff800b3e80b90bfc,20260828,7d4a74a88d2cac93b513c0853bf92c260eaceea0,data/CompEval-00311-of-00413.parquet,4,10,512,512,PNG,444091
cf_test_external_seen_family_aigi_e48f2e1aa002b8fd,test_external_seen_family/aigi/cf_test_external_seen_family_aigi_e48f2e1aa002b8fd_000271.png.png,1,test_external_seen_family,community-forensics-eval,dfgan,test,test_external_seen_family,COCO,DFGAN,dfgan,GAN,family_seen,b23bba2ee4a827f9f030e2c024483a2f631beca1de602063d1f0b9db6d54c750,e8e8ceaeb0b39134,20260828,7d4a74a88d2cac93b513c0853bf92c260eaceea0,data/CompEval-00006-of-00413.parquet,2,22,256,256,PNG,134836
cf_test_external_seen_family_aigi_e4b7156d1d999c1a,test_external_seen_family/aigi/cf_test_external_seen_family_aigi_e4b7156d1d999c1a_000078.png.png,1,test_external_seen_family,community-forensics-eval,kvikontent-midjourney-v6,test,test_external_seen_family,RAISE,kvikontent_midjourney_v6,kvikontent-midjourney-v6,LatDiff,family_seen,09d3a1936a601678cdbe6e18c9812c170dc0f9d8289aaf1bbc60f8b10eb29c46,883973e6b6a46c47,20260828,7d4a74a88d2cac93b513c0853bf92c260eaceea0,data/CompEval-00216-of-00413.parquet,3,10,512,512,PNG,483991
cf_test_external_seen_family_aigi_e4ce311f7d6803ba,test_external_seen_family/aigi/cf_test_external_seen_family_aigi_e4ce311f7d6803ba_000780.png.png,1,test_external_seen_family,community-forensics-eval,lcm-lora-sdv15,test,test_external_seen_family,RAISE,LCM_lora_sdv15,lcm-lora-sdv15,LatDiff,family_seen,1a6070c8edb8b0a51aba70fdbbd1765bd923264cf0991e1e97450e16feabcd33,978705696a5a96e5,20260828,7d4a74a88d2cac93b513c0853bf92c260eaceea0,data/CompEval-00360-of-00413.parquet,2,20,512,512,PNG,295295
cf_test_external_seen_family_aigi_e4ebece6a625eb6f,test_external_seen_family/aigi/cf_test_external_seen_family_aigi_e4ebece6a625eb6f_000775.png.png,1,test_external_seen_family,community-forensics-eval,hourglass,test,test_external_seen_family,,Hourglass,hourglass,PixDiff,family_seen,28e36b99a49f2e48506995bc3c34974f38565d305cfdd96e9fa38f0abd354b11,c8ac09d935e50ef6,20260828,7d4a74a88d2cac93b513c0853bf92c260eaceea0,data/CompEval-00081-of-00413.parquet,1,2,256,256,PNG,96282
cf_test_external_seen_family_aigi_e51f9de9cd4869d5,test_external_seen_family/aigi/cf_test_external_seen_family_aigi_e51f9de9cd4869d5_000496.png.png,1,test_external_seen_family,community-forensics-eval,kvikontent-midjourney-v6,test,test_external_seen_family,RAISE,kvikontent_midjourney_v6,kvikontent-midjourney-v6,LatDiff,family_seen,3b810a75a5d5db3aa88603632df152bf34f335820fc1cc9218706caa8c26d604,a65ddd86c6e10d29,20260828,7d4a74a88d2cac93b513c0853bf92c260eaceea0,data/CompEval-00094-of-00413.parquet,4,4,512,512,PNG,624563
cf_test_external_seen_family_aigi_e531bd0b608a3233,test_external_seen_family/aigi/cf_test_external_seen_family_aigi_e531bd0b608a3233_000519.png.png,1,test_external_seen_family,community-forensics-eval,lcm-lora-ssd1b,test,test_external_seen_family,RAISE,LCM_lora_ssd1b,lcm-lora-ssd1b,LatDiff,family_seen,c3043030eb495af3a1e37c9f4dfaa004fbe79fae9e34b106fb5bc733f60657f8,c1c0d2da79f19969,20260828,7d4a74a88d2cac93b513c0853bf92c260eaceea0,data/CompEval-00195-of-00413.parquet,1,14,1024,1024,PNG,1973821
cf_test_external_seen_family_aigi_e53d92b984e10388,test_external_seen_family/aigi/cf_test_external_seen_family_aigi_e53d92b984e10388_000397.png.png,1,test_external_seen_family,community-forensics-eval,dfgan,test,test_external_seen_family,COCO,DFGAN,dfgan,GAN,family_seen,7275888c78ea2d2bf30c70ce207af95680bdf338d662c2a7269f28962ccbb234,93903597746f5266,20260828,7d4a74a88d2cac93b513c0853bf92c260eaceea0,data/CompEval-00003-of-00413.parquet,0,0,256,256,PNG,106218
cf_test_external_seen_family_aigi_e542da1334f72db7,test_external_seen_family/aigi/cf_test_external_seen_family_aigi_e542da1334f72db7_000630.png.png,1,test_external_seen_family,community-forensics-eval,kvikontent-midjourney-v6,test,test_external_seen_family,RAISE,kvikontent_midjourney_v6,kvikontent-midjourney-v6,LatDiff,family_seen,4b0843ff037cb42e15129ef5afb483846679c66853b59eefa76e8f1f00f7e97a,caca1cc463ba3ecc,20260828,7d4a74a88d2cac93b513c0853bf92c260eaceea0,data/CompEval-00091-of-00413.parquet,3,8,512,512,PNG,484533
cf_test_external_seen_family_aigi_e6048569d37a3cc8,test_external_seen_family/aigi/cf_test_external_seen_family_aigi_e6048569d37a3cc8_000732.png.png,1,test_external_seen_family,community-forensics-eval,lcm-lora-ssd1b,test,test_external_seen_family,RAISE,LCM_lora_ssd1b,lcm-lora-ssd1b,LatDiff,family_seen,dc9266a816b90de4bd08c5fcdf7de442ede4cb24558179a76712ddf691aa269c,8c0ce3c353b38b6e,20260828,7d4a74a88d2cac93b513c0853bf92c260eaceea0,data/CompEval-00194-of-00413.parquet,3,3,1024,1024,PNG,1386984
cf_test_external_seen_family_aigi_e675ad96b04c2722,test_external_seen_family/aigi/cf_test_external_seen_family_aigi_e675ad96b04c2722_000327.png.png,1,test_external_seen_family,community-forensics-eval,galip,test,test_external_seen_family,RAISE,GALIP,galip,GAN,family_seen,0adbb1d3e024c83c204ab4dd4941ed0ddbc374bc0ae9398ac55d80bdd6263d4c,b9ee869d19606e16,20260828,7d4a74a88d2cac93b513c0853bf92c260eaceea0,data/CompEval-00120-of-00413.parquet,2,5,224,224,PNG,85682
cf_test_external_seen_family_aigi_e698c9060c246da7,test_external_seen_family/aigi/cf_test_external_seen_family_aigi_e698c9060c246da7_000245.png.png,1,test_external_seen_family,community-forensics-eval,galip,test,test_external_seen_family,RAISE,GALIP,galip,GAN,family_seen,b00cc95fe462df067648ef003b42eb658f81c3de5c63d0584390d378518bc7d7,d88f9881b3d698d9,20260828,7d4a74a88d2cac93b513c0853bf92c260eaceea0,data/CompEval-00121-of-00413.parquet,3,0,224,224,PNG,101359
cf_test_external_seen_family_aigi_e71a45cd46f9d1cc,test_external_seen_family/aigi/cf_test_external_seen_family_aigi_e71a45cd46f9d1cc_000009.png.png,1,test_external_seen_family,community-forensics-eval,lcm-lora-sdxl,test,test_external_seen_family,RAISE,LCM_lora_sdxl,lcm-lora-sdxl,LatDiff,family_seen,e853be159ce54e0b7206d6e3419af3b828add6ff476f05acfe5d6d6e36d5fd8b,d3e4e45493834f8e,20260828,7d4a74a88d2cac93b513c0853bf92c260eaceea0,data/CompEval-00378-of-00413.parquet,0,11,1024,1024,PNG,2114412
cf_test_external_seen_family_aigi_e79f0b413f430d1f,test_external_seen_family/aigi/cf_test_external_seen_family_aigi_e79f0b413f430d1f_000163.png.png,1,test_external_seen_family,community-forensics-eval,dfgan,test,test_external_seen_family,COCO,DFGAN,dfgan,GAN,family_seen,4ed8ed96c701dba52a260e533439c26cdd0419900723bc4c5693eab06d0b787a,d2d2e12c2c1f1f78,20260828,7d4a74a88d2cac93b513c0853bf92c260eaceea0,data/CompEval-00001-of-00413.parquet,3,20,256,256,PNG,110608
cf_test_external_seen_family_aigi_e84334e84dc1b4c5,test_external_seen_family/aigi/cf_test_external_seen_family_aigi_e84334e84dc1b4c5_000052.png.png,1,test_external_seen_family,community-forensics-eval,decidiffusionv2,test,test_external_seen_family,RAISE,DeciDiffusionV2,decidiffusionv2,LatDiff,family_seen,c50093e4b34489af42247becbcd6eb57da1448c91ea835f2c7a6574599998157,87aa836bbad04e3a,20260828,7d4a74a88d2cac93b513c0853bf92c260eaceea0,data/CompEval-00313-of-00413.parquet,3,12,512,512,PNG,549605
cf_test_external_seen_family_aigi_e8b5c23b7a6860bc,test_external_seen_family/aigi/cf_test_external_seen_family_aigi_e8b5c23b7a6860bc_000656.png.png,1,test_external_seen_family,community-forensics-eval,dfgan,test,test_external_seen_family,COCO,DFGAN,dfgan,GAN,family_seen,cb996f2f16743f5726403e7f6a8089a8dad4a4009a85fc335831036232337490,913f927372a46d85,20260828,7d4a74a88d2cac93b513c0853bf92c260eaceea0,data/CompEval-00004-of-00413.parquet,3,11,256,256,PNG,126453
cf_test_external_seen_family_aigi_e91ab197f13026e2,test_external_seen_family/aigi/cf_test_external_seen_family_aigi_e91ab197f13026e2_000514.png.png,1,test_external_seen_family,community-forensics-eval,decidiffusionv2,test,test_external_seen_family,RAISE,DeciDiffusionV2,decidiffusionv2,LatDiff,family_seen,ee8f9c9baddd04d1c94179aed781f00f894c37d43103f01f8e741d788fee825f,9e87b549a9c36a86,20260828,7d4a74a88d2cac93b513c0853bf92c260eaceea0,data/CompEval-00318-of-00413.parquet,3,16,512,512,PNG,527119
cf_test_external_seen_family_aigi_e91c01e05753cd5f,test_external_seen_family/aigi/cf_test_external_seen_family_aigi_e91c01e05753cd5f_000861.png.png,1,test_external_seen_family,community-forensics-eval,kandinsky-2-2,test,test_external_seen_family,RAISE,kandinsky_2_2,kandinsky-2-2,LatDiff,family_seen,dd40aeff08e02d4aa0e354d8b02105b8303a974763596490e25d7fc51b9880da,b3a21ce8c15e68e7,20260828,7d4a74a88d2cac93b513c0853bf92c260eaceea0,data/CompEval-00241-of-00413.parquet,0,2,768,768,PNG,810720
cf_test_external_seen_family_aigi_e93bccb7e755ac8a,test_external_seen_family/aigi/cf_test_external_seen_family_aigi_e93bccb7e755ac8a_000571.png.png,1,test_external_seen_family,community-forensics-eval,kandinsky-2-2,test,test_external_seen_family,RAISE,kandinsky_2_2,kandinsky-2-2,LatDiff,family_seen,20406beb6d2acfcbd68ccd0a32d299676934666e6e720d43c9ebbb270bc1395e,9680b84d6dbe533c,20260828,7d4a74a88d2cac93b513c0853bf92c260eaceea0,data/CompEval-00240-of-00413.parquet,0,16,768,768,PNG,1017710
cf_test_external_seen_family_aigi_e97efbc24c1ac7b2,test_external_seen_family/aigi/cf_test_external_seen_family_aigi_e97efbc24c1ac7b2_000335.png.png,1,test_external_seen_family,community-forensics-eval,hourglass,test,test_external_seen_family,FFHQ,Hourglass,hourglass,PixDiff,family_seen,b94d524e2c1e42895aad18f31ff5f00df480b82aede87925935dc837c4354500,a3071e7d782e809f,20260828,7d4a74a88d2cac93b513c0853bf92c260eaceea0,data/CompEval-00274-of-00413.parquet,2,8,1024,1024,PNG,1260728
cf_test_external_seen_family_aigi_e9cadebf7ff767d4,test_external_seen_family/aigi/cf_test_external_seen_family_aigi_e9cadebf7ff767d4_000010.png.png,1,test_external_seen_family,community-forensics-eval,dfgan,test,test_external_seen_family,COCO,DFGAN,dfgan,GAN,family_seen,5e9c8261482fd5caf03933855852265180b8c36aecd2a204069ad87e4816715b,e8865fe2cc5a215e,20260828,7d4a74a88d2cac93b513c0853bf92c260eaceea0,data/CompEval-00006-of-00413.parquet,4,23,256,256,PNG,110047
cf_test_external_seen_family_aigi_e9d8fb83b7f52278,test_external_seen_family/aigi/cf_test_external_seen_family_aigi_e9d8fb83b7f52278_000648.png.png,1,test_external_seen_family,community-forensics-eval,lcm-lora-sdv15,test,test_external_seen_family,RAISE,LCM_lora_sdv15,lcm-lora-sdv15,LatDiff,family_seen,c508f949bc4b8c7c3270cf5bb72f409bf24ad854ea609188aa5f21dfd7a07f8b,cc0dd30d36f30c7c,20260828,7d4a74a88d2cac93b513c0853bf92c260eaceea0,data/CompEval-00363-of-00413.parquet,1,17,512,512,PNG,450021
cf_test_external_seen_family_aigi_ea01c0248ce254a8,test_external_seen_family/aigi/cf_test_external_seen_family_aigi_ea01c0248ce254a8_000269.png.png,1,test_external_seen_family,community-forensics-eval,kvikontent-midjourney-v6,test,test_external_seen_family,RAISE,kvikontent_midjourney_v6,kvikontent-midjourney-v6,LatDiff,family_seen,98294a8445f4fdc6fcb1c38aaf8d7e57a2093b4455fb30c0417ceec0aa63e8f8,9136366ccd295cf1,20260828,7d4a74a88d2cac93b513c0853bf92c260eaceea0,data/CompEval-00218-of-00413.parquet,3,7,512,512,PNG,592172
cf_test_external_seen_family_aigi_ea8cc7bcd938bafe,test_external_seen_family/aigi/cf_test_external_seen_family_aigi_ea8cc7bcd938bafe_000293.png.png,1,test_external_seen_family,community-forensics-eval,lcm-lora-sdv15,test,test_external_seen_family,RAISE,LCM_lora_sdv15,lcm-lora-sdv15,LatDiff,family_seen,9dfc3e90d77cdb3a0834dfedcaacfd8ae47b89ddfdfdcedc371cea514c1f095f,a71c38e346c7338e,20260828,7d4a74a88d2cac93b513c0853bf92c260eaceea0,data/CompEval-00363-of-00413.parquet,0,24,512,512,PNG,271430
cf_test_external_seen_family_aigi_eb215b61c6d1c292,test_external_seen_family/aigi/cf_test_external_seen_family_aigi_eb215b61c6d1c292_000749.png.png,1,test_external_seen_family,community-forensics-eval,lcm-lora-sdxl,test,test_external_seen_family,RAISE,LCM_lora_sdxl,lcm-lora-sdxl,LatDiff,family_seen,5996d052602bdcffb0667f1a1c789671883e9063207d3a6c2cb1f2b440dc705c,cde7d6f9206c2324,20260828,7d4a74a88d2cac93b513c0853bf92c260eaceea0,data/CompEval-00060-of-00413.parquet,2,19,1024,1024,PNG,2019153
cf_test_external_seen_family_aigi_eb30634f971968d4,test_external_seen_family/aigi/cf_test_external_seen_family_aigi_eb30634f971968d4_000819.png.png,1,test_external_seen_family,community-forensics-eval,galip,test,test_external_seen_family,RAISE,GALIP,galip,GAN,family_seen,3f0929d2549d2164e9b5db70fcc5afddfbe946449a573240fb310260ac4ec22c,f831e7a5f8c3062a,20260828,7d4a74a88d2cac93b513c0853bf92c260eaceea0,data/CompEval-00120-of-00413.parquet,1,17,224,224,PNG,84750
cf_test_external_seen_family_aigi_eb655828e8650922,test_external_seen_family/aigi/cf_test_external_seen_family_aigi_eb655828e8650922_000884.png.png,1,test_external_seen_family,community-forensics-eval,decidiffusionv2,test,test_external_seen_family,RAISE,DeciDiffusionV2,decidiffusionv2,LatDiff,family_seen,e118ffad24fbfc69092b8a8b4617d8501075fc87e00bbc10c06067be96a29962,9d5e491b210ef0de,20260828,7d4a74a88d2cac93b513c0853bf92c260eaceea0,data/CompEval-00318-of-00413.parquet,1,16,512,512,PNG,525627
cf_test_external_seen_family_aigi_eb75e0b5e7424ae5,test_external_seen_family/aigi/cf_test_external_seen_family_aigi_eb75e0b5e7424ae5_000377.png.png,1,test_external_seen_family,community-forensics-eval,lcm-lora-ssd1b,test,test_external_seen_family,RAISE,LCM_lora_ssd1b,lcm-lora-ssd1b,LatDiff,family_seen,bbe25e0e4461aaa712ba96c8c306db70984935d926482214925b38c91fe2a768,84fa1fc96c2533c6,20260828,7d4a74a88d2cac93b513c0853bf92c260eaceea0,data/CompEval-00196-of-00413.parquet,4,15,1024,1024,PNG,1643445
cf_test_external_seen_family_aigi_ebb7db8eb196e3d1,test_external_seen_family/aigi/cf_test_external_seen_family_aigi_ebb7db8eb196e3d1_000141.png.png,1,test_external_seen_family,community-forensics-eval,lcm-lora-ssd1b,test,test_external_seen_family,RAISE,LCM_lora_ssd1b,lcm-lora-ssd1b,LatDiff,family_seen,75c57364e147215318488369c7144297ffd56b16cf81aea185e741f3fd4b631d,cac3cacfd242d352,20260828,7d4a74a88d2cac93b513c0853bf92c260eaceea0,data/CompEval-00194-of-00413.parquet,4,20,1024,1024,PNG,1809559
cf_test_external_seen_family_aigi_ebcd6afe275f8bcc,test_external_seen_family/aigi/cf_test_external_seen_family_aigi_ebcd6afe275f8bcc_000722.png.png,1,test_external_seen_family,community-forensics-eval,hourglass,test,test_external_seen_family,FFHQ,Hourglass,hourglass,PixDiff,family_seen,e21df9ef9a280cdf7157ce1e9e9d8762353bd326dccf0815de9405844becbc15,cb9774f229a989c8,20260828,7d4a74a88d2cac93b513c0853bf92c260eaceea0,data/CompEval-00275-of-00413.parquet,1,9,1024,1024,PNG,1252608
cf_test_external_seen_family_aigi_ebd55babd88c9988,test_external_seen_family/aigi/cf_test_external_seen_family_aigi_ebd55babd88c9988_000271.png.png,1,test_external_seen_family,community-forensics-eval,galip,test,test_external_seen_family,RAISE,GALIP,galip,GAN,family_seen,f999f8a134efe5874a0693233e16bf7cca254dfe6fe183072abb3bd39cb71575,b3cccc33f30c9c43,20260828,7d4a74a88d2cac93b513c0853bf92c260eaceea0,data/CompEval-00124-of-00413.parquet,4,6,224,224,PNG,45650
cf_test_external_seen_family_aigi_ec20717bede42212,test_external_seen_family/aigi/cf_test_external_seen_family_aigi_ec20717bede42212_000904.png.png,1,test_external_seen_family,community-forensics-eval,hourglass,test,test_external_seen_family,FFHQ,Hourglass,hourglass,PixDiff,family_seen,ed2c01479d0325d69556d8fe031e9d015f93a8bdbbde12913753b6c02f40c7d8,e4efdee038204b8d,20260828,7d4a74a88d2cac93b513c0853bf92c260eaceea0,data/CompEval-00105-of-00413.parquet,1,4,1024,1024,PNG,1226879
cf_test_external_seen_family_aigi_ecd1da5e2f268776,test_external_seen_family/aigi/cf_test_external_seen_family_aigi_ecd1da5e2f268776_000058.png.png,1,test_external_seen_family,community-forensics-eval,galip,test,test_external_seen_family,RAISE,GALIP,galip,GAN,family_seen,a7e7ca22ef640c4fb39bdf4e9111871e48cf3374b1cba7773945fe96401f6512,c0d6bf3d80c238af,20260828,7d4a74a88d2cac93b513c0853bf92c260eaceea0,data/CompEval-00124-of-00413.parquet,1,11,224,224,PNG,88722
cf_test_external_seen_family_aigi_ee6e890b47f72773,test_external_seen_family/aigi/cf_test_external_seen_family_aigi_ee6e890b47f72773_000947.png.png,1,test_external_seen_family,community-forensics-eval,lcm-lora-sdxl,test,test_external_seen_family,RAISE,LCM_lora_sdxl,lcm-lora-sdxl,LatDiff,family_seen,18a4cf0fcc2a6a6b59629b405471b3c59d06984433811a3ddd40d659d122244a,8d951d1f969516e1,20260828,7d4a74a88d2cac93b513c0853bf92c260eaceea0,data/CompEval-00056-of-00413.parquet,4,7,1024,1024,PNG,1375972
cf_test_external_seen_family_aigi_ee9a39246df093be,test_external_seen_family/aigi/cf_test_external_seen_family_aigi_ee9a39246df093be_000332.png.png,1,test_external_seen_family,community-forensics-eval,galip,test,test_external_seen_family,RAISE,GALIP,galip,GAN,family_seen,4c7a99075806aebc407eeef579cb8c220981e59e228809588bc1ff02f2e69806,9cdd152ed3405b5c,20260828,7d4a74a88d2cac93b513c0853bf92c260eaceea0,data/CompEval-00047-of-00413.parquet,2,9,224,224,PNG,68632
cf_test_external_seen_family_aigi_eec4962d6dc374c4,test_external_seen_family/aigi/cf_test_external_seen_family_aigi_eec4962d6dc374c4_000303.png.png,1,test_external_seen_family,community-forensics-eval,kvikontent-midjourney-v6,test,test_external_seen_family,RAISE,kvikontent_midjourney_v6,kvikontent-midjourney-v6,LatDiff,family_seen,4610ae42ae6cdf0c025d5d719a6265475e13751a88e3974e49a6294914a699b6,c789f03e8bc2147d,20260828,7d4a74a88d2cac93b513c0853bf92c260eaceea0,data/CompEval-00091-of-00413.parquet,4,18,512,512,PNG,387166
cf_test_external_seen_family_aigi_ef2de4deba436942,test_external_seen_family/aigi/cf_test_external_seen_family_aigi_ef2de4deba436942_000716.png.png,1,test_external_seen_family,community-forensics-eval,lcm-lora-sdv15,test,test_external_seen_family,RAISE,LCM_lora_sdv15,lcm-lora-sdv15,LatDiff,family_seen,faa205c9b3dff1ae523a45ea25a1602b8cba010ad53efe156722fcfaa04c4398,90894fdccd62d4d9,20260828,7d4a74a88d2cac93b513c0853bf92c260eaceea0,data/CompEval-00113-of-00413.parquet,0,21,512,512,PNG,363633
cf_test_external_seen_family_aigi_ef67ed27d9e886a4,test_external_seen_family/aigi/cf_test_external_seen_family_aigi_ef67ed27d9e886a4_000975.png.png,1,test_external_seen_family,community-forensics-eval,decidiffusionv2,test,test_external_seen_family,RAISE,DeciDiffusionV2,decidiffusionv2,LatDiff,family_seen,79e006c294b9a28ae06ffc2a1e91536ebf09eee955f06f09e15979567701a2cd,d5412e57a44791ee,20260828,7d4a74a88d2cac93b513c0853bf92c260eaceea0,data/CompEval-00312-of-00413.parquet,3,2,512,512,PNG,501204
cf_test_external_seen_family_aigi_ef862cf5f0419e6f,test_external_seen_family/aigi/cf_test_external_seen_family_aigi_ef862cf5f0419e6f_000422.png.png,1,test_external_seen_family,community-forensics-eval,kandinsky-2-2,test,test_external_seen_family,RAISE,kandinsky_2_2,kandinsky-2-2,LatDiff,family_seen,8cfde155be2f0b692b7b86265ae5f4a59d185a33a0c4469cc2f70b6aafcbacd8,a881ce9f2da457c3,20260828,7d4a74a88d2cac93b513c0853bf92c260eaceea0,data/CompEval-00241-of-00413.parquet,4,9,768,768,PNG,1120756
cf_test_external_seen_family_aigi_efc76bfa74800cdf,test_external_seen_family/aigi/cf_test_external_seen_family_aigi_efc76bfa74800cdf_000973.png.png,1,test_external_seen_family,community-forensics-eval,lcm-lora-sdv15,test,test_external_seen_family,RAISE,LCM_lora_sdv15,lcm-lora-sdv15,LatDiff,family_seen,7874b3ef9bb2a9c720a85e53f2d3ee6bd1afce4e98ce174fd808c3e5d8a91061,c4d969c4dac33ccc,20260828,7d4a74a88d2cac93b513c0853bf92c260eaceea0,data/CompEval-00361-of-00413.parquet,0,16,512,512,PNG,363970
cf_test_external_seen_family_aigi_efce8f8fe95e01c7,test_external_seen_family/aigi/cf_test_external_seen_family_aigi_efce8f8fe95e01c7_000042.png.png,1,test_external_seen_family,community-forensics-eval,kandinsky-2-2,test,test_external_seen_family,RAISE,kandinsky_2_2,kandinsky-2-2,LatDiff,family_seen,8a5aad2eb9f2c56114cdf9aafa51a1b642ec271c64cc4eb725c062a6d8c30680,9999998867665957,20260828,7d4a74a88d2cac93b513c0853bf92c260eaceea0,data/CompEval-00242-of-00413.parquet,0,3,768,768,PNG,839195
cf_test_external_seen_family_aigi_eff90fa1e89333dc,test_external_seen_family/aigi/cf_test_external_seen_family_aigi_eff90fa1e89333dc_000582.png.png,1,test_external_seen_family,community-forensics-eval,dfgan,test,test_external_seen_family,COCO,DFGAN,dfgan,GAN,family_seen,9454f85355186f763e8dabd050f054d22dda4157b5045768ea2f1c3c767906dd,af53c3fa920179c2,20260828,7d4a74a88d2cac93b513c0853bf92c260eaceea0,data/CompEval-00003-of-00413.parquet,3,0,256,256,PNG,147067
cf_test_external_seen_family_aigi_f036de0080bef968,test_external_seen_family/aigi/cf_test_external_seen_family_aigi_f036de0080bef968_000832.png.png,1,test_external_seen_family,community-forensics-eval,hourglass,test,test_external_seen_family,FFHQ,Hourglass,hourglass,PixDiff,family_seen,8d4fe051b227e91fc9ed07c5b8504f59ed8c3882638811b1d77a281b9edb24c1,eaa535d65258d2ca,20260828,7d4a74a88d2cac93b513c0853bf92c260eaceea0,data/CompEval-00275-of-00413.parquet,4,0,1024,1024,PNG,1249207
cf_test_external_seen_family_aigi_f03dce5f8ee444cc,test_external_seen_family/aigi/cf_test_external_seen_family_aigi_f03dce5f8ee444cc_000809.png.png,1,test_external_seen_family,community-forensics-eval,kandinsky-2-2,test,test_external_seen_family,RAISE,kandinsky_2_2,kandinsky-2-2,LatDiff,family_seen,047405e9fe31f4fed38aeee68b829f2d51e8742d30604c2e1d11f89a027f04bd,a1564caf925bf924,20260828,7d4a74a88d2cac93b513c0853bf92c260eaceea0,data/CompEval-00161-of-00413.parquet,3,19,768,768,PNG,754063
cf_test_external_seen_family_aigi_f05cf9867dc36326,test_external_seen_family/aigi/cf_test_external_seen_family_aigi_f05cf9867dc36326_000700.png.png,1,test_external_seen_family,community-forensics-eval,hourglass,test,test_external_seen_family,FFHQ,Hourglass,hourglass,PixDiff,family_seen,d1d15c58e2f53b38086cb41b33724a4571f5ac82f5f618eb7f19efd1dd722917,a19638f33b345699,20260828,7d4a74a88d2cac93b513c0853bf92c260eaceea0,data/CompEval-00276-of-00413.parquet,0,15,1024,1024,PNG,1343859
cf_test_external_seen_family_aigi_f09837ab893ccf77,test_external_seen_family/aigi/cf_test_external_seen_family_aigi_f09837ab893ccf77_000557.png.png,1,test_external_seen_family,community-forensics-eval,hourglass,test,test_external_seen_family,FFHQ,Hourglass,hourglass,PixDiff,family_seen,bffa5f1aff38a82bd39b33805ca2eab20e9616011691ddb5dc5699f9fefc35c2,c2be33c2e948e28f,20260828,7d4a74a88d2cac93b513c0853bf92c260eaceea0,data/CompEval-00270-of-00413.parquet,2,14,1024,1024,PNG,1120223
cf_test_external_seen_family_aigi_f14ca1ace9922b55,test_external_seen_family/aigi/cf_test_external_seen_family_aigi_f14ca1ace9922b55_000615.png.png,1,test_external_seen_family,community-forensics-eval,galip,test,test_external_seen_family,RAISE,GALIP,galip,GAN,family_seen,f6e40985e02be8490a59dc193ba3d37f2bc67a55c3d1d9fdb66685db30c573ff,e6b6191b7165863c,20260828,7d4a74a88d2cac93b513c0853bf92c260eaceea0,data/CompEval-00125-of-00413.parquet,0,23,224,224,PNG,83406
cf_test_external_seen_family_aigi_f182d911ff8955f5,test_external_seen_family/aigi/cf_test_external_seen_family_aigi_f182d911ff8955f5_000734.png.png,1,test_external_seen_family,community-forensics-eval,hourglass,test,test_external_seen_family,FFHQ,Hourglass,hourglass,PixDiff,family_seen,596fc66a3a191ccee89bee0c8e5d28070cbc63d96641658c6667a6cc327b1d31,fd844ba05fa05fc8,20260828,7d4a74a88d2cac93b513c0853bf92c260eaceea0,data/CompEval-00270-of-00413.parquet,1,20,1024,1024,PNG,1091778
cf_test_external_seen_family_aigi_f1a8ebeabcc644eb,test_external_seen_family/aigi/cf_test_external_seen_family_aigi_f1a8ebeabcc644eb_000804.png.png,1,test_external_seen_family,community-forensics-eval,galip,test,test_external_seen_family,RAISE,GALIP,galip,GAN,family_seen,01ccef66ba2103bb7f2c44abc2f730073217f396546903e605cfd32af3d13ed5,dad0d2e765251539,20260828,7d4a74a88d2cac93b513c0853bf92c260eaceea0,data/CompEval-00046-of-00413.parquet,2,14,224,224,PNG,83619
cf_test_external_seen_family_aigi_f1afabfb6acc48fa,test_external_seen_family/aigi/cf_test_external_seen_family_aigi_f1afabfb6acc48fa_000961.png.png,1,test_external_seen_family,community-forensics-eval,dfgan,test,test_external_seen_family,COCO,DFGAN,dfgan,GAN,family_seen,84a1aa3f0a5f1c9196b45086214794d8fe00642d79e8a4e8ccfaad9cfef53fe1,f98060ef8f781565,20260828,7d4a74a88d2cac93b513c0853bf92c260eaceea0,data/CompEval-00006-of-00413.parquet,3,5,256,256,PNG,123565
cf_test_external_seen_family_aigi_f1c55d2f8211af2a,test_external_seen_family/aigi/cf_test_external_seen_family_aigi_f1c55d2f8211af2a_000674.png.png,1,test_external_seen_family,community-forensics-eval,lcm-lora-sdxl,test,test_external_seen_family,RAISE,LCM_lora_sdxl,lcm-lora-sdxl,LatDiff,family_seen,391fe94cb191b5d069ab08c8be8bb6ddfcea779f201f02e7bc412f1bb31971ec,a894beaa938de923,20260828,7d4a74a88d2cac93b513c0853bf92c260eaceea0,data/CompEval-00057-of-00413.parquet,0,7,1024,1024,PNG,1235837
cf_test_external_seen_family_aigi_f20e1e5cc6a40793,test_external_seen_family/aigi/cf_test_external_seen_family_aigi_f20e1e5cc6a40793_000949.png.png,1,test_external_seen_family,community-forensics-eval,dfgan,test,test_external_seen_family,COCO,DFGAN,dfgan,GAN,family_seen,87c25795c471bfe3d051ce23fb91c87c2ac4551a337afa76bf49f975ff4667f2,e7f03868cd6990d6,20260828,7d4a74a88d2cac93b513c0853bf92c260eaceea0,data/CompEval-00006-of-00413.parquet,1,17,256,256,PNG,95068
cf_test_external_seen_family_aigi_f28f8052a8782a69,test_external_seen_family/aigi/cf_test_external_seen_family_aigi_f28f8052a8782a69_000498.png.png,1,test_external_seen_family,community-forensics-eval,dfgan,test,test_external_seen_family,COCO,DFGAN,dfgan,GAN,family_seen,979c639a712bf6cc913c38db65309ae7713036e693ffc49525548e9383ca8970,8a84850bd7177bb9,20260828,7d4a74a88d2cac93b513c0853bf92c260eaceea0,data/CompEval-00005-of-00413.parquet,4,13,256,256,PNG,101955
cf_test_external_seen_family_aigi_f29ce2517afb0a35,test_external_seen_family/aigi/cf_test_external_seen_family_aigi_f29ce2517afb0a35_000535.png.png,1,test_external_seen_family,community-forensics-eval,decidiffusionv2,test,test_external_seen_family,RAISE,DeciDiffusionV2,decidiffusionv2,LatDiff,family_seen,4895c93091a2d3daa6c70e047f8c1f381c962d2728cd19013418f57e53061992,f6d20d2d6153571c,20260828,7d4a74a88d2cac93b513c0853bf92c260eaceea0,data/CompEval-00310-of-00413.parquet,4,19,512,512,PNG,379638
cf_test_external_seen_family_aigi_f30d09eb372e003c,test_external_seen_family/aigi/cf_test_external_seen_family_aigi_f30d09eb372e003c_000953.png.png,1,test_external_seen_family,community-forensics-eval,lcm-lora-sdxl,test,test_external_seen_family,RAISE,LCM_lora_sdxl,lcm-lora-sdxl,LatDiff,family_seen,c8becde3ba0eb97fd450009dd51760ab287d348cd9d2b087ceb62d11a0f847bc,d2b2f210d4c33ad7,20260828,7d4a74a88d2cac93b513c0853bf92c260eaceea0,data/CompEval-00059-of-00413.parquet,3,9,1024,1024,PNG,1678444
cf_test_external_seen_family_aigi_f35a10b5ddcb16c6,test_external_seen_family/aigi/cf_test_external_seen_family_aigi_f35a10b5ddcb16c6_000415.png.png,1,test_external_seen_family,community-forensics-eval,kvikontent-midjourney-v6,test,test_external_seen_family,RAISE,kvikontent_midjourney_v6,kvikontent-midjourney-v6,LatDiff,family_seen,266620b5072a9602aaa92bf46517f2d343669902559653898359f5bb9a61bc58,8b7cb4ce83b32c83,20260828,7d4a74a88d2cac93b513c0853bf92c260eaceea0,data/CompEval-00090-of-00413.parquet,1,19,512,512,PNG,402459
cf_test_external_seen_family_aigi_f3b2125d52aec919,test_external_seen_family/aigi/cf_test_external_seen_family_aigi_f3b2125d52aec919_000713.png.png,1,test_external_seen_family,community-forensics-eval,decidiffusionv2,test,test_external_seen_family,RAISE,DeciDiffusionV2,decidiffusionv2,LatDiff,family_seen,5349715d823ffe8c8205c8842a1a653000f9042a13f7fe47c25aa77154a13111,849c9f0eabb4435e,20260828,7d4a74a88d2cac93b513c0853bf92c260eaceea0,data/CompEval-00317-of-00413.parquet,2,0,512,512,PNG,536439
cf_test_external_seen_family_aigi_f4b3f2d501a58627,test_external_seen_family/aigi/cf_test_external_seen_family_aigi_f4b3f2d501a58627_000543.png.png,1,test_external_seen_family,community-forensics-eval,kvikontent-midjourney-v6,test,test_external_seen_family,RAISE,kvikontent_midjourney_v6,kvikontent-midjourney-v6,LatDiff,family_seen,4eebf0954be5fd2f97a413a6a4e6f49fb9d19d0e7a612a0ba5b71aa61b4cfd5c,8ed15010d7af2b97,20260828,7d4a74a88d2cac93b513c0853bf92c260eaceea0,data/CompEval-00218-of-00413.parquet,4,2,512,512,PNG,420382
cf_test_external_seen_family_aigi_f4c4249bd3d2c687,test_external_seen_family/aigi/cf_test_external_seen_family_aigi_f4c4249bd3d2c687_000742.png.png,1,test_external_seen_family,community-forensics-eval,decidiffusionv2,test,test_external_seen_family,RAISE,DeciDiffusionV2,decidiffusionv2,LatDiff,family_seen,e1259aba6ef500d57f511ede5b2c6b70676628ac839cb62d80703371f2f7869a,85b86cbb05a0f477,20260828,7d4a74a88d2cac93b513c0853bf92c260eaceea0,data/CompEval-00315-of-00413.parquet,4,6,512,512,PNG,379904
cf_test_external_seen_family_aigi_f50cf0969b944fc7,test_external_seen_family/aigi/cf_test_external_seen_family_aigi_f50cf0969b944fc7_000890.png.png,1,test_external_seen_family,community-forensics-eval,lcm-lora-ssd1b,test,test_external_seen_family,RAISE,LCM_lora_ssd1b,lcm-lora-ssd1b,LatDiff,family_seen,9b5d47d059928904c23f4851f85eb78f50ae1cacd5b4b7af476d59076aadcd97,e591b2a8cb7d1c1c,20260828,7d4a74a88d2cac93b513c0853bf92c260eaceea0,data/CompEval-00193-of-00413.parquet,1,18,1024,1024,PNG,1116856
cf_test_external_seen_family_aigi_f514942bf43b2dcf,test_external_seen_family/aigi/cf_test_external_seen_family_aigi_f514942bf43b2dcf_000299.png.png,1,test_external_seen_family,community-forensics-eval,kvikontent-midjourney-v6,test,test_external_seen_family,RAISE,kvikontent_midjourney_v6,kvikontent-midjourney-v6,LatDiff,family_seen,888750cc52bc949f30d7fb9c9781527c2a040d8dd3264bce4a94a03db6ff183f,b3cee21f58e33230,20260828,7d4a74a88d2cac93b513c0853bf92c260eaceea0,data/CompEval-00218-of-00413.parquet,2,11,512,512,PNG,461379
cf_test_external_seen_family_aigi_f55cc0dca32bee40,test_external_seen_family/aigi/cf_test_external_seen_family_aigi_f55cc0dca32bee40_000451.png.png,1,test_external_seen_family,community-forensics-eval,lcm-lora-sdxl,test,test_external_seen_family,RAISE,LCM_lora_sdxl,lcm-lora-sdxl,LatDiff,family_seen,fd15220b2b1bfd5016839c9f8f566c361a8209a983207427b2547c42f11c7773,e2d9cdcee1a0d88c,20260828,7d4a74a88d2cac93b513c0853bf92c260eaceea0,data/CompEval-00055-of-00413.parquet,4,24,1024,1024,PNG,1601166
cf_test_external_seen_family_aigi_f5e6f77e53e390e7,test_external_seen_family/aigi/cf_test_external_seen_family_aigi_f5e6f77e53e390e7_000152.png.png,1,test_external_seen_family,community-forensics-eval,kandinsky-2-2,test,test_external_seen_family,RAISE,kandinsky_2_2,kandinsky-2-2,LatDiff,family_seen,e984f3bfd6cce6c02d2f06eeeeb6bc2c63e376862ee44962f450b407d0e41515,e20bb8c9c7b93c16,20260828,7d4a74a88d2cac93b513c0853bf92c260eaceea0,data/CompEval-00239-of-00413.parquet,1,4,768,768,PNG,826514
cf_test_external_seen_family_aigi_f5ecb30380a8c4c7,test_external_seen_family/aigi/cf_test_external_seen_family_aigi_f5ecb30380a8c4c7_000534.png.png,1,test_external_seen_family,community-forensics-eval,lcm-lora-sdxl,test,test_external_seen_family,RAISE,LCM_lora_sdxl,lcm-lora-sdxl,LatDiff,family_seen,0dc309007426e34fed298941be763eddf5c50c432feadda3c2f88dd24e568d6a,e3078c4b93993d87,20260828,7d4a74a88d2cac93b513c0853bf92c260eaceea0,data/CompEval-00061-of-00413.parquet,4,18,1024,1024,PNG,1625137
cf_test_external_seen_family_aigi_f69634a61743307d,test_external_seen_family/aigi/cf_test_external_seen_family_aigi_f69634a61743307d_000628.png.png,1,test_external_seen_family,community-forensics-eval,kandinsky-2-2,test,test_external_seen_family,RAISE,kandinsky_2_2,kandinsky-2-2,LatDiff,family_seen,1225df8900cd586bb074177d754eca22915dd18c1aac0b3702fc6f69345b6e82,a7e99906dc636e84,20260828,7d4a74a88d2cac93b513c0853bf92c260eaceea0,data/CompEval-00244-of-00413.parquet,3,10,768,768,PNG,876957
cf_test_external_seen_family_aigi_f6a09d61ebf025eb,test_external_seen_family/aigi/cf_test_external_seen_family_aigi_f6a09d61ebf025eb_000454.png.png,1,test_external_seen_family,community-forensics-eval,decidiffusionv2,test,test_external_seen_family,RAISE,DeciDiffusionV2,decidiffusionv2,LatDiff,family_seen,6f7b3c3ca391238f1ee7666e9363b19a7bf74f25368b37fc8f49779ed60ec68a,c6a7c347c3e286c3,20260828,7d4a74a88d2cac93b513c0853bf92c260eaceea0,data/CompEval-00316-of-00413.parquet,2,0,512,512,PNG,555254
cf_test_external_seen_family_aigi_f72107ab95209e1d,test_external_seen_family/aigi/cf_test_external_seen_family_aigi_f72107ab95209e1d_000889.png.png,1,test_external_seen_family,community-forensics-eval,lcm-lora-sdxl,test,test_external_seen_family,RAISE,LCM_lora_sdxl,lcm-lora-sdxl,LatDiff,family_seen,61af86d96c20e6826a668de10a569f3fad02d42ab0178fa601859fd26e1105bd,9ef3916ca7386191,20260828,7d4a74a88d2cac93b513c0853bf92c260eaceea0,data/CompEval-00057-of-00413.parquet,4,15,1024,1024,PNG,1503070
cf_test_external_seen_family_aigi_f751d995c4f4f054,test_external_seen_family/aigi/cf_test_external_seen_family_aigi_f751d995c4f4f054_000605.png.png,1,test_external_seen_family,community-forensics-eval,lcm-lora-sdxl,test,test_external_seen_family,RAISE,LCM_lora_sdxl,lcm-lora-sdxl,LatDiff,family_seen,f21ab7f7dce66113a2256b2421bc3238f6417ea6a67565d75185ef56f5511f35,d1e88134794f6ecc,20260828,7d4a74a88d2cac93b513c0853bf92c260eaceea0,data/CompEval-00056-of-00413.parquet,4,14,1024,1024,PNG,1344997
cf_test_external_seen_family_aigi_f75a3bb4c7070190,test_external_seen_family/aigi/cf_test_external_seen_family_aigi_f75a3bb4c7070190_000690.png.png,1,test_external_seen_family,community-forensics-eval,hourglass,test,test_external_seen_family,FFHQ,Hourglass,hourglass,PixDiff,family_seen,361477fb4aa0f1f53a27245635ecfa81f4b2fa1d789642df67000dea2fbb9f66,8abc2527a75582cf,20260828,7d4a74a88d2cac93b513c0853bf92c260eaceea0,data/CompEval-00275-of-00413.parquet,3,7,1024,1024,PNG,1215453
cf_test_external_seen_family_aigi_f77b66be03d3be66,test_external_seen_family/aigi/cf_test_external_seen_family_aigi_f77b66be03d3be66_000055.png.png,1,test_external_seen_family,community-forensics-eval,hourglass,test,test_external_seen_family,FFHQ,Hourglass,hourglass,PixDiff,family_seen,8e268ee8623827f0f5f279b22749276983ece9f69624cb6aa982af6caea09c19,dff860e1206587cd,20260828,7d4a74a88d2cac93b513c0853bf92c260eaceea0,data/CompEval-00127-of-00413.parquet,0,18,1024,1024,PNG,1160435
cf_test_external_seen_family_aigi_f7d07f25ad08f974,test_external_seen_family/aigi/cf_test_external_seen_family_aigi_f7d07f25ad08f974_000254.png.png,1,test_external_seen_family,community-forensics-eval,decidiffusionv2,test,test_external_seen_family,RAISE,DeciDiffusionV2,decidiffusionv2,LatDiff,family_seen,809a785b01b749c71c56e3726e7fcc8973507b89dd4a038d084b73caa350aac8,a8e4e79f885c9199,20260828,7d4a74a88d2cac93b513c0853bf92c260eaceea0,data/CompEval-00311-of-00413.parquet,3,1,512,512,PNG,498752
cf_test_external_seen_family_aigi_f7d306016c35591c,test_external_seen_family/aigi/cf_test_external_seen_family_aigi_f7d306016c35591c_000261.png.png,1,test_external_seen_family,community-forensics-eval,galip,test,test_external_seen_family,RAISE,GALIP,galip,GAN,family_seen,6a3b4d71c837e6db1c5ee91ef560d7ff60ab975a89a3194b01eb136da99e865a,c0789fc767138cc6,20260828,7d4a74a88d2cac93b513c0853bf92c260eaceea0,data/CompEval-00047-of-00413.parquet,1,3,224,224,PNG,113587
cf_test_external_seen_family_aigi_f7dd6855bd338298,test_external_seen_family/aigi/cf_test_external_seen_family_aigi_f7dd6855bd338298_000052.png.png,1,test_external_seen_family,community-forensics-eval,galip,test,test_external_seen_family,RAISE,GALIP,galip,GAN,family_seen,4588670ae9c940a5564e38a4730111987cd55149e47effa401a6dfd6368c98c6,b1b1384ecec68733,20260828,7d4a74a88d2cac93b513c0853bf92c260eaceea0,data/CompEval-00046-of-00413.parquet,2,1,224,224,PNG,51172
cf_test_external_seen_family_aigi_f83cca7bdba1bb92,test_external_seen_family/aigi/cf_test_external_seen_family_aigi_f83cca7bdba1bb92_000347.png.png,1,test_external_seen_family,community-forensics-eval,dfgan,test,test_external_seen_family,COCO,DFGAN,dfgan,GAN,family_seen,6e6f722d2ec053c489900f2168308de5c1d2609c7e911e94476ba5e8fe536973,b813f3244fec8c2d,20260828,7d4a74a88d2cac93b513c0853bf92c260eaceea0,data/CompEval-00006-of-00413.parquet,4,24,256,256,PNG,146192
cf_test_external_seen_family_aigi_f864e28c8ec2b40f,test_external_seen_family/aigi/cf_test_external_seen_family_aigi_f864e28c8ec2b40f_000741.png.png,1,test_external_seen_family,community-forensics-eval,decidiffusionv2,test,test_external_seen_family,RAISE,DeciDiffusionV2,decidiffusionv2,LatDiff,family_seen,8cf5d6e0407c0b859cac6a45b57195301971edf9db44e8b336ea7e10c58553e9,a55331ecec1157e8,20260828,7d4a74a88d2cac93b513c0853bf92c260eaceea0,data/CompEval-00313-of-00413.parquet,4,6,512,512,PNG,553347
cf_test_external_seen_family_aigi_f87a1616c8c57fea,test_external_seen_family/aigi/cf_test_external_seen_family_aigi_f87a1616c8c57fea_000588.png.png,1,test_external_seen_family,community-forensics-eval,lcm-lora-sdv15,test,test_external_seen_family,RAISE,LCM_lora_sdv15,lcm-lora-sdv15,LatDiff,family_seen,07e5e2324167bc406d07cd21c3157d44169528bfd03f0a2405040af8b136b736,e61cc913cd247b96,20260828,7d4a74a88d2cac93b513c0853bf92c260eaceea0,data/CompEval-00358-of-00413.parquet,0,20,512,512,PNG,255076
cf_test_external_seen_family_aigi_f8cd33df6603c8ca,test_external_seen_family/aigi/cf_test_external_seen_family_aigi_f8cd33df6603c8ca_000961.png.png,1,test_external_seen_family,community-forensics-eval,lcm-lora-sdxl,test,test_external_seen_family,RAISE,LCM_lora_sdxl,lcm-lora-sdxl,LatDiff,family_seen,d2360b99f1ec304663566c9523ae5aa72e963235b5e0e28d55946a2b3b0850b4,f2a8ed37c882a69a,20260828,7d4a74a88d2cac93b513c0853bf92c260eaceea0,data/CompEval-00056-of-00413.parquet,3,12,1024,1024,PNG,1671481
cf_test_external_seen_family_aigi_f92348bf577b27c7,test_external_seen_family/aigi/cf_test_external_seen_family_aigi_f92348bf577b27c7_000761.png.png,1,test_external_seen_family,community-forensics-eval,galip,test,test_external_seen_family,RAISE,GALIP,galip,GAN,family_seen,7e05ef024647e2fdc588acb31df49050aceaef0f382cf05561a173f2a10934b6,e171d1e11a0ddce3,20260828,7d4a74a88d2cac93b513c0853bf92c260eaceea0,data/CompEval-00122-of-00413.parquet,2,3,224,224,PNG,82222
cf_test_external_seen_family_aigi_f93d50000bc4a550,test_external_seen_family/aigi/cf_test_external_seen_family_aigi_f93d50000bc4a550_000245.png.png,1,test_external_seen_family,community-forensics-eval,lcm-lora-sdxl,test,test_external_seen_family,RAISE,LCM_lora_sdxl,lcm-lora-sdxl,LatDiff,family_seen,9ee0d01fda513f06f0aa2582fcae3d82e7964ab0f2ef7db0ce1c65234d164b82,9898ef47136ec439,20260828,7d4a74a88d2cac93b513c0853bf92c260eaceea0,data/CompEval-00057-of-00413.parquet,3,6,1024,1024,PNG,1525181
cf_test_external_seen_family_aigi_f961b04009e435f2,test_external_seen_family/aigi/cf_test_external_seen_family_aigi_f961b04009e435f2_000685.png.png,1,test_external_seen_family,community-forensics-eval,galip,test,test_external_seen_family,RAISE,GALIP,galip,GAN,family_seen,ba7feb04e37d5dc02f6d22643dc29ed6ff08955ef5bfb2939500061759f10087,92d2d86e2aa5ada5,20260828,7d4a74a88d2cac93b513c0853bf92c260eaceea0,data/CompEval-00122-of-00413.parquet,4,2,224,224,PNG,42103
cf_test_external_seen_family_aigi_f9915ca54bf91914,test_external_seen_family/aigi/cf_test_external_seen_family_aigi_f9915ca54bf91914_000400.png.png,1,test_external_seen_family,community-forensics-eval,kvikontent-midjourney-v6,test,test_external_seen_family,RAISE,kvikontent_midjourney_v6,kvikontent-midjourney-v6,LatDiff,family_seen,7103887dea3a18924f7eee3b0c6703f3a7bf25161921d9f52e796adb838b01db,d2798de6291e620f,20260828,7d4a74a88d2cac93b513c0853bf92c260eaceea0,data/CompEval-00215-of-00413.parquet,0,10,512,512,PNG,459905
cf_test_external_seen_family_aigi_f99af53bffafe38c,test_external_seen_family/aigi/cf_test_external_seen_family_aigi_f99af53bffafe38c_000620.png.png,1,test_external_seen_family,community-forensics-eval,dfgan,test,test_external_seen_family,COCO,DFGAN,dfgan,GAN,family_seen,5fc36b5e4a667a50e25aae16082c1c587b9e21fc0335ba5b90614790d38755c2,d7c3c33c2043dbd1,20260828,7d4a74a88d2cac93b513c0853bf92c260eaceea0,data/CompEval-00006-of-00413.parquet,0,24,256,256,PNG,119178
cf_test_external_seen_family_aigi_fae3307add4ba61f,test_external_seen_family/aigi/cf_test_external_seen_family_aigi_fae3307add4ba61f_000022.png.png,1,test_external_seen_family,community-forensics-eval,lcm-lora-ssd1b,test,test_external_seen_family,RAISE,LCM_lora_ssd1b,lcm-lora-ssd1b,LatDiff,family_seen,543410e7a97e0c5d37f6a2f28860b7d805c4cfbfa69ae0d0fd9b80708813b18e,d6d1d4d85e215f24,20260828,7d4a74a88d2cac93b513c0853bf92c260eaceea0,data/CompEval-00197-of-00413.parquet,3,22,1024,1024,PNG,1600442
cf_test_external_seen_family_aigi_faeb7565acfa0f6d,test_external_seen_family/aigi/cf_test_external_seen_family_aigi_faeb7565acfa0f6d_000780.png.png,1,test_external_seen_family,community-forensics-eval,galip,test,test_external_seen_family,RAISE,GALIP,galip,GAN,family_seen,4e1c0f9f653cf17d00d150e8cc6400b0c4e073ab193b3ee53c86dc5f105bf7ef,c2d4ed822b64c9f6,20260828,7d4a74a88d2cac93b513c0853bf92c260eaceea0,data/CompEval-00046-of-00413.parquet,4,14,224,224,PNG,95368
cf_test_external_seen_family_aigi_fb18826478e73752,test_external_seen_family/aigi/cf_test_external_seen_family_aigi_fb18826478e73752_000875.png.png,1,test_external_seen_family,community-forensics-eval,hourglass,test,test_external_seen_family,FFHQ,Hourglass,hourglass,PixDiff,family_seen,6957c3dad93bbd2a656b0518cb5f2af9a841f4aa160889d3739c6f1a8f5a9517,cefd24a8703572c6,20260828,7d4a74a88d2cac93b513c0853bf92c260eaceea0,data/CompEval-00270-of-00413.parquet,2,22,1024,1024,PNG,1348586
cf_test_external_seen_family_aigi_fb23da134b9ff95a,test_external_seen_family/aigi/cf_test_external_seen_family_aigi_fb23da134b9ff95a_000664.png.png,1,test_external_seen_family,community-forensics-eval,lcm-lora-sdxl,test,test_external_seen_family,RAISE,LCM_lora_sdxl,lcm-lora-sdxl,LatDiff,family_seen,1b025cff46581eec4b7c8e46fc8329e7786af18d23e08cb0cfd4ff0252b5a098,9b92255ef825962d,20260828,7d4a74a88d2cac93b513c0853bf92c260eaceea0,data/CompEval-00055-of-00413.parquet,4,21,1024,1024,PNG,1382968
cf_test_external_seen_family_aigi_fb7d70154505d129,test_external_seen_family/aigi/cf_test_external_seen_family_aigi_fb7d70154505d129_000813.png.png,1,test_external_seen_family,community-forensics-eval,decidiffusionv2,test,test_external_seen_family,RAISE,DeciDiffusionV2,decidiffusionv2,LatDiff,family_seen,8d9a7d304382ba47d38e18663b83673a3b33c472b5a3b09dbf3c5ec388867152,dededeca4941c181,20260828,7d4a74a88d2cac93b513c0853bf92c260eaceea0,data/CompEval-00313-of-00413.parquet,1,17,512,512,PNG,539535
cf_test_external_seen_family_aigi_fb8c324e9cbf9594,test_external_seen_family/aigi/cf_test_external_seen_family_aigi_fb8c324e9cbf9594_000805.png.png,1,test_external_seen_family,community-forensics-eval,galip,test,test_external_seen_family,RAISE,GALIP,galip,GAN,family_seen,01fbd20a201b44c244f4d48d95315918ddbfe4d8c7ad30d8e04c04553f4ed2f6,e15a5e8587a3887e,20260828,7d4a74a88d2cac93b513c0853bf92c260eaceea0,data/CompEval-00126-of-00413.parquet,0,5,224,224,PNG,76033
cf_test_external_seen_family_aigi_fbdc43c48d192394,test_external_seen_family/aigi/cf_test_external_seen_family_aigi_fbdc43c48d192394_000186.png.png,1,test_external_seen_family,community-forensics-eval,galip,test,test_external_seen_family,RAISE,GALIP,galip,GAN,family_seen,c43441689fcb37671a7fea4ca9b5c1ee6d752851718cece85fc3126a61113193,909582633daecbae,20260828,7d4a74a88d2cac93b513c0853bf92c260eaceea0,data/CompEval-00046-of-00413.parquet,4,0,224,224,PNG,89924
cf_test_external_seen_family_aigi_fc0cdf447e35b5a4,test_external_seen_family/aigi/cf_test_external_seen_family_aigi_fc0cdf447e35b5a4_000115.png.png,1,test_external_seen_family,community-forensics-eval,kandinsky-2-2,test,test_external_seen_family,RAISE,kandinsky_2_2,kandinsky-2-2,LatDiff,family_seen,ad4144633480ee650cc78347dc68de0bccfdb824703af1a7eb50b9629c436b04,9783c2fb52424f5c,20260828,7d4a74a88d2cac93b513c0853bf92c260eaceea0,data/CompEval-00240-of-00413.parquet,1,1,768,768,PNG,887625
cf_test_external_seen_family_aigi_fc85d3f25fe5e79f,test_external_seen_family/aigi/cf_test_external_seen_family_aigi_fc85d3f25fe5e79f_000057.png.png,1,test_external_seen_family,community-forensics-eval,lcm-lora-ssd1b,test,test_external_seen_family,RAISE,LCM_lora_ssd1b,lcm-lora-ssd1b,LatDiff,family_seen,bc6de43616d22bf86a4f25f7a6952f8591fb9f3cab02e7a1cea02d5bc6bf51a0,ec6c93b3c4929387,20260828,7d4a74a88d2cac93b513c0853bf92c260eaceea0,data/CompEval-00195-of-00413.parquet,4,13,1024,1024,PNG,1339563
cf_test_external_seen_family_aigi_fdf2bdc04ea176f5,test_external_seen_family/aigi/cf_test_external_seen_family_aigi_fdf2bdc04ea176f5_000397.png.png,1,test_external_seen_family,community-forensics-eval,kandinsky-2-2,test,test_external_seen_family,RAISE,kandinsky_2_2,kandinsky-2-2,LatDiff,family_seen,564e8655d1ec4fb27d396c74af81e4166d91d3174ff34da50fce83a27c4f804b,a30e549f09ed296b,20260828,7d4a74a88d2cac93b513c0853bf92c260eaceea0,data/CompEval-00244-of-00413.parquet,0,22,768,768,PNG,724989
cf_test_external_seen_family_aigi_fe08a969b534496a,test_external_seen_family/aigi/cf_test_external_seen_family_aigi_fe08a969b534496a_000283.png.png,1,test_external_seen_family,community-forensics-eval,lcm-lora-ssd1b,test,test_external_seen_family,RAISE,LCM_lora_ssd1b,lcm-lora-ssd1b,LatDiff,family_seen,4a0243f162b29cc742e420d869edc79504da57a3268560b943297cc1201ba000,80ff42b9c2b45cc7,20260828,7d4a74a88d2cac93b513c0853bf92c260eaceea0,data/CompEval-00192-of-00413.parquet,2,23,1024,1024,PNG,1677744
cf_test_external_seen_family_aigi_fe6eeb9347f1a5d0,test_external_seen_family/aigi/cf_test_external_seen_family_aigi_fe6eeb9347f1a5d0_000302.png.png,1,test_external_seen_family,community-forensics-eval,kandinsky-2-2,test,test_external_seen_family,RAISE,kandinsky_2_2,kandinsky-2-2,LatDiff,family_seen,02edc0781ed0d95a79650d43876f7364fa0b39f3316c0be1bb6ef6f1f7c3d654,f8d0570f8172da4d,20260828,7d4a74a88d2cac93b513c0853bf92c260eaceea0,data/CompEval-00241-of-00413.parquet,2,6,768,768,PNG,961811
cf_test_external_seen_family_aigi_fe998d821e5897e9,test_external_seen_family/aigi/cf_test_external_seen_family_aigi_fe998d821e5897e9_000876.png.png,1,test_external_seen_family,community-forensics-eval,lcm-lora-sdxl,test,test_external_seen_family,RAISE,LCM_lora_sdxl,lcm-lora-sdxl,LatDiff,family_seen,70523fd998b5f0d81d27f22acf4949ca193acb85f79add1b4b0aff50129a0476,82535bae30f10eee,20260828,7d4a74a88d2cac93b513c0853bf92c260eaceea0,data/CompEval-00059-of-00413.parquet,2,24,1024,1024,PNG,1541198
cf_test_external_seen_family_aigi_ff78cb86efdda4f0,test_external_seen_family/aigi/cf_test_external_seen_family_aigi_ff78cb86efdda4f0_000462.png.png,1,test_external_seen_family,community-forensics-eval,kandinsky-2-2,test,test_external_seen_family,RAISE,kandinsky_2_2,kandinsky-2-2,LatDiff,family_seen,1741447743463ed7cd4978dfd41e5ca6d9fd8d778bb37646e43dca7ad939d3da,9cb4238c0f6b5af2,20260828,7d4a74a88d2cac93b513c0853bf92c260eaceea0,data/CompEval-00241-of-00413.parquet,3,19,768,768,PNG,1136000
cf_test_external_seen_family_real_003ecbf3db63f823,test_external_seen_family/real/cf_test_external_seen_family_real_003ecbf3db63f823_000000522565.jpg.jpg,0,test_external_seen_family,community-forensics-eval,real:COCO,test,test_external_seen_family,COCO,DFGAN,,GAN,not_applicable,79ab730278b1cf573557f67006ba0efbbdc0f97d7fb686f1c827521040474672,f3488ca37070f9f8,20260828,7d4a74a88d2cac93b513c0853bf92c260eaceea0,data/CompEval-00350-of-00413.parquet,3,2,640,480,JPEG,57530
cf_test_external_seen_family_real_008c47e645165a3b,test_external_seen_family/real/cf_test_external_seen_family_real_008c47e645165a3b_00025064.jpeg.jpg,0,test_external_seen_family,community-forensics-eval,real:LAION,test,test_external_seen_family,LAION,Dalle3,,Commercial,not_applicable,ff6e14cdb0708a6c75b8e20f302e6e99b0bb698ca0f5091922e441fbf9ab0b2f,efe4901a6fe5901a,20260828,7d4a74a88d2cac93b513c0853bf92c260eaceea0,data/CompEval-00099-of-00413.parquet,2,8,300,433,JPEG,6704
cf_test_external_seen_family_real_00bd94c91647cf56,test_external_seen_family/real/cf_test_external_seen_family_real_00bd94c91647cf56_000000142143.jpg.jpg,0,test_external_seen_family,community-forensics-eval,real:COCO,test,test_external_seen_family,COCO,DFGAN,,GAN,not_applicable,56cacee57210f7bbad00fddd1818914f6c49e479b96c28a7076d9c18c2e06520,a27f4f1ee5105b09,20260828,7d4a74a88d2cac93b513c0853bf92c260eaceea0,data/CompEval-00351-of-00413.parquet,4,14,640,424,JPEG,39734
cf_test_external_seen_family_real_00d7dd96303fd1c6,test_external_seen_family/real/cf_test_external_seen_family_real_00d7dd96303fd1c6_19381.png.png,0,test_external_seen_family,community-forensics-eval,real:FFHQ,test,test_external_seen_family,FFHQ,Hourglass,,PixDiff,not_applicable,c97a7675ad90fec4f92f31f70017df1319ae76cefc3502e1d87af9c9003497c0,8b7d60776528728b,20260828,7d4a74a88d2cac93b513c0853bf92c260eaceea0,data/CompEval-00107-of-00413.parquet,1,2,1024,1024,PNG,1381525
cf_test_external_seen_family_real_014299aad3d5d96b,test_external_seen_family/real/cf_test_external_seen_family_real_014299aad3d5d96b_00050783.jpeg.jpg,0,test_external_seen_family,community-forensics-eval,real:LAION,test,test_external_seen_family,LAION,MidjourneyV5_2,,Commercial,not_applicable,33bb9e3ac5a40e9e71749d091eebde18afcf2aac41cb1e67a583ae4e62e79dd4,89a538c99696d3da,20260828,7d4a74a88d2cac93b513c0853bf92c260eaceea0,data/CompEval-00293-of-00413.parquet,0,17,650,782,JPEG,52474
cf_test_external_seen_family_real_0186743858a864c7,test_external_seen_family/real/cf_test_external_seen_family_real_0186743858a864c7_000001090.tiff.tiff,0,test_external_seen_family,community-forensics-eval,real:RAISE,test,test_external_seen_family,RAISE,DeciDiffusionV2,,LatDiff,not_applicable,f46ec974651067def7506e645c46c9b8fd5d3685b308b257f2a7853d1878230a,b8984f63c196cf61,20260828,7d4a74a88d2cac93b513c0853bf92c260eaceea0,data/CompEval-00315-of-00413.parquet,2,3,3264,4928,TIFF,15917038
cf_test_external_seen_family_real_019309e79521479e,test_external_seen_family/real/cf_test_external_seen_family_real_019309e79521479e_00016274.jpeg.jpg,0,test_external_seen_family,community-forensics-eval,real:LAION,test,test_external_seen_family,LAION,Firefly_Image3,,Commercial,not_applicable,6ea8ea98fdb2715a4c0d0ef10fb02ca46a8ffc8937c7e4550a6116a926a91232,af0bc141506f3f1d,20260828,7d4a74a88d2cac93b513c0853bf92c260eaceea0,data/CompEval-00337-of-00413.parquet,1,15,960,720,JPEG,149409
cf_test_external_seen_family_real_01c1a33e8097c32a,test_external_seen_family/real/cf_test_external_seen_family_real_01c1a33e8097c32a_15436.png.png,0,test_external_seen_family,community-forensics-eval,real:FFHQ,test,test_external_seen_family,FFHQ,Hourglass,,PixDiff,not_applicable,8ffcefacf09c9c7fe698c37d190d6f69124c7dffdbbae02b00f759cc716d5729,9e217a23756d238d,20260828,7d4a74a88d2cac93b513c0853bf92c260eaceea0,data/CompEval-00105-of-00413.parquet,3,24,1024,1024,PNG,1363692
cf_test_external_seen_family_real_02861b70726ac906,test_external_seen_family/real/cf_test_external_seen_family_real_02861b70726ac906_00001712.jpeg.jpg,0,test_external_seen_family,community-forensics-eval,real:LAION,test,test_external_seen_family,LAION,IdeogramV1,,Commercial,not_applicable,45ee1fce382ae736df46c0c1975ac6dd411c494bef9d51730bdcbd66cb921a97,dab8461b2b66546e,20260828,7d4a74a88d2cac93b513c0853bf92c260eaceea0,data/CompEval-00385-of-00413.parquet,3,8,709,331,JPEG,42703
cf_test_external_seen_family_real_02d0bdf6b176aaf6,test_external_seen_family/real/cf_test_external_seen_family_real_02d0bdf6b176aaf6_000000469463.jpg.jpg,0,test_external_seen_family,community-forensics-eval,real:COCO,test,test_external_seen_family,COCO,DFGAN,,GAN,not_applicable,2b76fccb7dd4d3f82c9c579a057a10223673e58113c606136897a50fff473049,cd05b0f2443d7e74,20260828,7d4a74a88d2cac93b513c0853bf92c260eaceea0,data/CompEval-00352-of-00413.parquet,2,19,640,416,JPEG,48897
cf_test_external_seen_family_real_034b4adb07532810,test_external_seen_family/real/cf_test_external_seen_family_real_034b4adb07532810_000000199227.jpg.jpg,0,test_external_seen_family,community-forensics-eval,real:COCO,test,test_external_seen_family,COCO,DFGAN,,GAN,not_applicable,10fdcd338f3ad8f28ac4cf14f9773b3f8cebfddb663d410e841b9bfeda6b406d,fe4ce8b1c1409377,20260828,7d4a74a88d2cac93b513c0853bf92c260eaceea0,data/CompEval-00352-of-00413.parquet,0,6,480,640,JPEG,76143
cf_test_external_seen_family_real_037a354db42bb8b4,test_external_seen_family/real/cf_test_external_seen_family_real_037a354db42bb8b4_000001567.tiff.tiff,0,test_external_seen_family,community-forensics-eval,real:RAISE,test,test_external_seen_family,RAISE,kvikontent_midjourney_v6,,LatDiff,not_applicable,e1814a438b0fd7b8c5684a020f8515b95a026d07bf8542e38f8a68c8923961fe,9b9b326c6d12926d,20260828,7d4a74a88d2cac93b513c0853bf92c260eaceea0,data/CompEval-00095-of-00413.parquet,0,19,4928,3264,TIFF,25983198
cf_test_external_seen_family_real_04619b4e6f6d48e6,test_external_seen_family/real/cf_test_external_seen_family_real_04619b4e6f6d48e6_000000451457.jpg.jpg,0,test_external_seen_family,community-forensics-eval,real:COCO,test,test_external_seen_family,COCO,DFGAN,,GAN,not_applicable,f8548e33358d00ee0ab47b2bec1525b8a1c9bf747eeac9217f3c5d7ef10f2eb6,d2a82dc81af4adf8,20260828,7d4a74a88d2cac93b513c0853bf92c260eaceea0,data/CompEval-00352-of-00413.parquet,1,8,640,426,JPEG,25296
cf_test_external_seen_family_real_048b7c192f1fde51,test_external_seen_family/real/cf_test_external_seen_family_real_048b7c192f1fde51_000005181.tiff.tiff,0,test_external_seen_family,community-forensics-eval,real:RAISE,test,test_external_seen_family,RAISE,kvikontent_midjourney_v6,,LatDiff,not_applicable,edf40ea65cd79e61123ffb7091d8637c4d9b899a19a99d316e069624fcb6a8ca,c6b9410aa5ce9b6b,20260828,7d4a74a88d2cac93b513c0853bf92c260eaceea0,data/CompEval-00093-of-00413.parquet,0,16,4928,3264,TIFF,18004154
cf_test_external_seen_family_real_04be4802a3350dab,test_external_seen_family/real/cf_test_external_seen_family_real_04be4802a3350dab_04277.png.png,0,test_external_seen_family,community-forensics-eval,real:FFHQ,test,test_external_seen_family,FFHQ,Hourglass,,PixDiff,not_applicable,82aa7f6a987eb46ac95ffa15c9453698e36ef9b42c63863db44d823efd6c60a2,c8cf0c26243f739b,20260828,7d4a74a88d2cac93b513c0853bf92c260eaceea0,data/CompEval-00106-of-00413.parquet,1,12,1024,1024,PNG,1326728
cf_test_external_seen_family_real_052c4aeeb0addece,test_external_seen_family/real/cf_test_external_seen_family_real_052c4aeeb0addece_000000168471.jpg.jpg,0,test_external_seen_family,community-forensics-eval,real:COCO,test,test_external_seen_family,COCO,DFGAN,,GAN,not_applicable,c467250cf0490c9eecd493af42747cfbe9df56775c66505753430a3fb22774cf,a9c8969e65254e6d,20260828,7d4a74a88d2cac93b513c0853bf92c260eaceea0,data/CompEval-00349-of-00413.parquet,3,20,500,334,JPEG,39812
cf_test_external_seen_family_real_057c17cc7cd1e3fd,test_external_seen_family/real/cf_test_external_seen_family_real_057c17cc7cd1e3fd_000000078810.jpg.jpg,0,test_external_seen_family,community-forensics-eval,real:COCO,test,test_external_seen_family,COCO,DFGAN,,GAN,not_applicable,d37715f02d98374ef20f95bc57103de213b703c9d581040899ca6f7c3144631a,85babe6c39a18ec4,20260828,7d4a74a88d2cac93b513c0853bf92c260eaceea0,data/CompEval-00355-of-00413.parquet,1,14,500,339,JPEG,44192
cf_test_external_seen_family_real_05b6aae95acfb628,test_external_seen_family/real/cf_test_external_seen_family_real_05b6aae95acfb628_000006843.tiff.tiff,0,test_external_seen_family,community-forensics-eval,real:RAISE,test,test_external_seen_family,RAISE,kvikontent_midjourney_v6,,LatDiff,not_applicable,0535128bf706c3161ffb2edc2c9b8133a6289e451855123fdf8ee03135fc101b,c9eef84ed1c3580a,20260828,7d4a74a88d2cac93b513c0853bf92c260eaceea0,data/CompEval-00095-of-00413.parquet,1,9,3264,4928,TIFF,21515354
cf_test_external_seen_family_real_05c8c59694129d0b,test_external_seen_family/real/cf_test_external_seen_family_real_05c8c59694129d0b_00049805.jpeg.jpg,0,test_external_seen_family,community-forensics-eval,real:LAION,test,test_external_seen_family,LAION,MidjourneyV6_1,,Commercial,not_applicable,8a31bbafa99aa9b1cac67c68b92ce361ee67510a2fd2f081dc94106f4f370667,a7c649aa2f5543d1,20260828,7d4a74a88d2cac93b513c0853bf92c260eaceea0,data/CompEval-00012-of-00413.parquet,2,12,747,1024,JPEG,152474
cf_test_external_seen_family_real_060cdcf1619c1d6d,test_external_seen_family/real/cf_test_external_seen_family_real_060cdcf1619c1d6d_62316.png.png,0,test_external_seen_family,community-forensics-eval,real:FFHQ,test,test_external_seen_family,FFHQ,Hourglass,,PixDiff,not_applicable,819e6d854f5e7bdd3279c15c30bc74f0390f42deeafb104dc528f450d0af558a,9c9178037341afde,20260828,7d4a74a88d2cac93b513c0853bf92c260eaceea0,data/CompEval-00108-of-00413.parquet,4,3,1024,1024,PNG,1334449
cf_test_external_seen_family_real_062111a7905e6001,test_external_seen_family/real/cf_test_external_seen_family_real_062111a7905e6001_00048741.jpeg.jpg,0,test_external_seen_family,community-forensics-eval,real:LAION,test,test_external_seen_family,LAION,Firefly_Image2,,Commercial,not_applicable,639230813fae58809ad65d4b85199e2e1d972feb840a74ec03284381a8a8a61c,f192ce669239c536,20260828,7d4a74a88d2cac93b513c0853bf92c260eaceea0,data/CompEval-00209-of-00413.parquet,1,6,324,324,JPEG,12151
cf_test_external_seen_family_real_06301519e25a1e0a,test_external_seen_family/real/cf_test_external_seen_family_real_06301519e25a1e0a_00031024.jpeg.jpg,0,test_external_seen_family,community-forensics-eval,real:LAION,test,test_external_seen_family,LAION,MidjourneyV6_1,,Commercial,not_applicable,0e607ff83b9b76a00353248e7e5d7fc3e6235ccb5b6c39c2f3416c0b78e78697,9fa2edf32354044b,20260828,7d4a74a88d2cac93b513c0853bf92c260eaceea0,data/CompEval-00280-of-00413.parquet,0,9,806,580,JPEG,103341
cf_test_external_seen_family_real_063e59962d65ca4f,test_external_seen_family/real/cf_test_external_seen_family_real_063e59962d65ca4f_000003076.tiff.tiff,0,test_external_seen_family,community-forensics-eval,real:RAISE,test,test_external_seen_family,RAISE,LCM_lora_ssd1b,,LatDiff,not_applicable,4b91e8e3eaf259b7c9cecb9fdf7069bff5e71dee2ebde3260b515c5c79408a9d,f4da8b649ba56099,20260828,7d4a74a88d2cac93b513c0853bf92c260eaceea0,data/CompEval-00403-of-00413.parquet,3,1,2848,4288,TIFF,24257032
cf_test_external_seen_family_real_0642f4754c5cefdd,test_external_seen_family/real/cf_test_external_seen_family_real_0642f4754c5cefdd_000000822.tiff.tiff,0,test_external_seen_family,community-forensics-eval,real:RAISE,test,test_external_seen_family,RAISE,LCM_lora_ssd1b,,LatDiff,not_applicable,c52dd4821cff2bc39d9f880f0d6ab7d97989a6d45f3e4ade5052190719539998,e9ee16b18630ec33,20260828,7d4a74a88d2cac93b513c0853bf92c260eaceea0,data/CompEval-00399-of-00413.parquet,0,5,3264,4928,TIFF,22538850
cf_test_external_seen_family_real_0686ad9bea5b6f77,test_external_seen_family/real/cf_test_external_seen_family_real_0686ad9bea5b6f77_000003680.tiff.tiff,0,test_external_seen_family,community-forensics-eval,real:RAISE,test,test_external_seen_family,RAISE,kvikontent_midjourney_v6,,LatDiff,not_applicable,5769ddf825d3b3fd78083ad5ff5b565fac6a7a6aae59ad58b45b58fcc6475b83,bb944443f80577cd,20260828,7d4a74a88d2cac93b513c0853bf92c260eaceea0,data/CompEval-00220-of-00413.parquet,0,5,4288,2848,TIFF,23834026
cf_test_external_seen_family_real_0729e9e20d9ab9e3,test_external_seen_family/real/cf_test_external_seen_family_real_0729e9e20d9ab9e3_18462.png.png,0,test_external_seen_family,community-forensics-eval,real:FFHQ,test,test_external_seen_family,FFHQ,Hourglass,,PixDiff,not_applicable,123391cb64b99b6c83f9b6152f74f72b5ee5fb71741f64dc4d3c3eeef3b83272,dbf464e2b4a890d9,20260828,7d4a74a88d2cac93b513c0853bf92c260eaceea0,data/CompEval-00108-of-00413.parquet,2,20,1024,1024,PNG,1512046
cf_test_external_seen_family_real_077ba2664a241b75,test_external_seen_family/real/cf_test_external_seen_family_real_077ba2664a241b75_000007553.tiff.tiff,0,test_external_seen_family,community-forensics-eval,real:RAISE,test,test_external_seen_family,RAISE,kandinsky_2_2,,LatDiff,not_applicable,66d31342bd01575753d1b1fae0bc6f542b1ed7c20281b1185ac45491013c3a3f,9313d9cd88fec0cc,20260828,7d4a74a88d2cac93b513c0853bf92c260eaceea0,data/CompEval-00015-of-00413.parquet,4,16,4928,3264,TIFF,18790938
cf_test_external_seen_family_real_07d46534454cb64f,test_external_seen_family/real/cf_test_external_seen_family_real_07d46534454cb64f_000002167.tiff.tiff,0,test_external_seen_family,community-forensics-eval,real:RAISE,test,test_external_seen_family,RAISE,kandinsky_2_2,,LatDiff,not_applicable,4961fb771d1bf9d9dc1d0538ea99762a6c23506ab61b3eab0db4f164ceb30960,d46a71b68e596196,20260828,7d4a74a88d2cac93b513c0853bf92c260eaceea0,data/CompEval-00165-of-00413.parquet,4,17,2848,4288,TIFF,24296520
cf_test_external_seen_family_real_087aa55235e83177,test_external_seen_family/real/cf_test_external_seen_family_real_087aa55235e83177_06363.png.png,0,test_external_seen_family,community-forensics-eval,real:FFHQ,test,test_external_seen_family,FFHQ,Hourglass,,PixDiff,not_applicable,491bab87f6eea018dd0f77cc37479291ec25c84023154b5a09a2b68ae42299ba,8a2761b724a5d69d,20260828,7d4a74a88d2cac93b513c0853bf92c260eaceea0,data/CompEval-00271-of-00413.parquet,0,20,1024,1024,PNG,1510896
cf_test_external_seen_family_real_087ab1add89d1739,test_external_seen_family/real/cf_test_external_seen_family_real_087ab1add89d1739_00030026.jpeg.jpg,0,test_external_seen_family,community-forensics-eval,real:LAION,test,test_external_seen_family,LAION,Firefly_Image2,,Commercial,not_applicable,d64ec2bf6c614c9ac9e830c11787b5979a188e99d6e160304121bd702230787a,ead0852f95dd6ac0,20260828,7d4a74a88d2cac93b513c0853bf92c260eaceea0,data/CompEval-00213-of-00413.parquet,4,2,324,324,JPEG,8607
cf_test_external_seen_family_real_0899a59987a1c8cf,test_external_seen_family/real/cf_test_external_seen_family_real_0899a59987a1c8cf_000007714.tiff.tiff,0,test_external_seen_family,community-forensics-eval,real:RAISE,test,test_external_seen_family,RAISE,GALIP,,GAN,not_applicable,b601915182934e733beef6509a3d0adf85bd097c98d3bd07e503a0863e42a487,928f8f8d0d476666,20260828,7d4a74a88d2cac93b513c0853bf92c260eaceea0,data/CompEval-00045-of-00413.parquet,2,24,4928,3264,TIFF,23977464
cf_test_external_seen_family_real_08cfb9479bbfcbd1,test_external_seen_family/real/cf_test_external_seen_family_real_08cfb9479bbfcbd1_000000559066.jpg.jpg,0,test_external_seen_family,community-forensics-eval,real:COCO,test,test_external_seen_family,COCO,DFGAN,,GAN,not_applicable,c5026096c7d9b8a44c505c746c0d0b583515561dcf55158b75a01f3c34da0eda,a79c1364ac13e6e9,20260828,7d4a74a88d2cac93b513c0853bf92c260eaceea0,data/CompEval-00351-of-00413.parquet,0,4,537,640,JPEG,39939
cf_test_external_seen_family_real_093185dbd9cd9832,test_external_seen_family/real/cf_test_external_seen_family_real_093185dbd9cd9832_000000051499.jpg.jpg,0,test_external_seen_family,community-forensics-eval,real:COCO,test,test_external_seen_family,COCO,DFGAN,,GAN,not_applicable,2b102c92eeaeace6eeabd9d37da2735c6bf4ed5ebeb020bd05b7d888e3f4bc23,c8cc3e2dd335c299,20260828,7d4a74a88d2cac93b513c0853bf92c260eaceea0,data/CompEval-00353-of-00413.parquet,3,12,500,375,JPEG,43526
cf_test_external_seen_family_real_099d789e20f1cd5b,test_external_seen_family/real/cf_test_external_seen_family_real_099d789e20f1cd5b_000004086.tiff.tiff,0,test_external_seen_family,community-forensics-eval,real:RAISE,test,test_external_seen_family,RAISE,LCM_lora_ssd1b,,LatDiff,not_applicable,9e99e3362571bd89b4dd0fb76ec446b91276e7052b32d422529951605de1b017,d896aa3445fb9d24,20260828,7d4a74a88d2cac93b513c0853bf92c260eaceea0,data/CompEval-00397-of-00413.parquet,3,9,4928,3264,TIFF,20687598
cf_test_external_seen_family_real_09ffa9983289b3ec,test_external_seen_family/real/cf_test_external_seen_family_real_09ffa9983289b3ec_000006796.tiff.tiff,0,test_external_seen_family,community-forensics-eval,real:RAISE,test,test_external_seen_family,RAISE,DeciDiffusionV2,,LatDiff,not_applicable,db507e832ff084022da1368112ff122881210e5c52e9633bc56d2db75a9b38d7,84577b686194979b,20260828,7d4a74a88d2cac93b513c0853bf92c260eaceea0,data/CompEval-00324-of-00413.parquet,0,8,3264,4928,TIFF,16365286
cf_test_external_seen_family_real_0a30e04316844f5f,test_external_seen_family/real/cf_test_external_seen_family_real_0a30e04316844f5f_41676.png.png,0,test_external_seen_family,community-forensics-eval,real:FFHQ,test,test_external_seen_family,FFHQ,Hourglass,,PixDiff,not_applicable,25a14ad0387fb26533bc129b3b1229106fd0ffeb9a1e5f676be88fe55ee0dfe4,ca2d76697270978a,20260828,7d4a74a88d2cac93b513c0853bf92c260eaceea0,data/CompEval-00108-of-00413.parquet,2,11,1024,1024,PNG,1249777
cf_test_external_seen_family_real_0a5a27167a33653a,test_external_seen_family/real/cf_test_external_seen_family_real_0a5a27167a33653a_20611.png.png,0,test_external_seen_family,community-forensics-eval,real:FFHQ,test,test_external_seen_family,FFHQ,Hourglass,,PixDiff,not_applicable,3e74581b6fd5ebdf0e0bdc30fb7555a56c4539c89fca0c521bca595493ddbfdc,da6a6167006913ff,20260828,7d4a74a88d2cac93b513c0853bf92c260eaceea0,data/CompEval-00277-of-00413.parquet,1,15,1024,1024,PNG,1329995
cf_test_external_seen_family_real_0abf762dedd853fd,test_external_seen_family/real/cf_test_external_seen_family_real_0abf762dedd853fd_000006865.tiff.tiff,0,test_external_seen_family,community-forensics-eval,real:RAISE,test,test_external_seen_family,RAISE,GALIP,,GAN,not_applicable,6686d87b2b86f660fd6863c062bcc78195a92b051937efdbfe68b42e84c8f135,95d777cbd2840c0e,20260828,7d4a74a88d2cac93b513c0853bf92c260eaceea0,data/CompEval-00042-of-00413.parquet,3,16,4928,3264,TIFF,19757932
cf_test_external_seen_family_real_0adeccd658119979,test_external_seen_family/real/cf_test_external_seen_family_real_0adeccd658119979_000004505.tiff.tiff,0,test_external_seen_family,community-forensics-eval,real:RAISE,test,test_external_seen_family,RAISE,kandinsky_2_2,,LatDiff,not_applicable,61106fd2aa1aeff135d201c49802e31348969edec751fdd332e47f6675e7d8af,81d6f42962d09ded,20260828,7d4a74a88d2cac93b513c0853bf92c260eaceea0,data/CompEval-00165-of-00413.parquet,2,11,4928,3264,TIFF,10618654
cf_test_external_seen_family_real_0b300f55bfb0ea12,test_external_seen_family/real/cf_test_external_seen_family_real_0b300f55bfb0ea12_42350.png.png,0,test_external_seen_family,community-forensics-eval,real:FFHQ,test,test_external_seen_family,FFHQ,Hourglass,,PixDiff,not_applicable,c3fbd1b2b058ce4c0b51b5fc9e5b596a1537ca35ce745b6f030d1b63219fe4e9,9aed75e3a0cc838a,20260828,7d4a74a88d2cac93b513c0853bf92c260eaceea0,data/CompEval-00271-of-00413.parquet,2,18,1024,1024,PNG,1212431
cf_test_external_seen_family_real_0b5553b36387f539,test_external_seen_family/real/cf_test_external_seen_family_real_0b5553b36387f539_02792.png.png,0,test_external_seen_family,community-forensics-eval,real:FFHQ,test,test_external_seen_family,FFHQ,Hourglass,,PixDiff,not_applicable,04138e0ed8708319d506dee17fa48a6166daf0b5ff2dea4006e7a4843c4fc259,c91a7d236364ce9c,20260828,7d4a74a88d2cac93b513c0853bf92c260eaceea0,data/CompEval-00277-of-00413.parquet,2,10,1024,1024,PNG,1514250
cf_test_external_seen_family_real_0b9f5b127adb999f,test_external_seen_family/real/cf_test_external_seen_family_real_0b9f5b127adb999f_000000506.tiff.tiff,0,test_external_seen_family,community-forensics-eval,real:RAISE,test,test_external_seen_family,RAISE,LCM_lora_sdv15,,LatDiff,not_applicable,1ccb416a3c62b79fd034892de3738f97a026075f23760e4c4a1c30aaf182d3fa,a68e18c167fe99a8,20260828,7d4a74a88d2cac93b513c0853bf92c260eaceea0,data/CompEval-00118-of-00413.parquet,2,6,2848,4288,TIFF,23862616
cf_test_external_seen_family_real_0bd03c094bc45587,test_external_seen_family/real/cf_test_external_seen_family_real_0bd03c094bc45587_39828.png.png,0,test_external_seen_family,community-forensics-eval,real:FFHQ,test,test_external_seen_family,FFHQ,Hourglass,,PixDiff,not_applicable,3ed4911f0dd21448b505bd23fccc87635ef7413e7a71ce855fd1319daae16f87,dd2f70b053b1c8ca,20260828,7d4a74a88d2cac93b513c0853bf92c260eaceea0,data/CompEval-00107-of-00413.parquet,0,23,1024,1024,PNG,1581832
cf_test_external_seen_family_real_0c6e479a14584f1f,test_external_seen_family/real/cf_test_external_seen_family_real_0c6e479a14584f1f_000000011379.jpg.jpg,0,test_external_seen_family,community-forensics-eval,real:COCO,test,test_external_seen_family,COCO,DFGAN,,GAN,not_applicable,a26bc6224e30194300b73bc62eb9cfaeae5a72b4219398396dffca5948c2cbf9,ad64c497d33279d0,20260828,7d4a74a88d2cac93b513c0853bf92c260eaceea0,data/CompEval-00355-of-00413.parquet,4,24,500,284,JPEG,47113
cf_test_external_seen_family_real_0c8d597207f3f342,test_external_seen_family/real/cf_test_external_seen_family_real_0c8d597207f3f342_000000348778.jpg.jpg,0,test_external_seen_family,community-forensics-eval,real:COCO,test,test_external_seen_family,COCO,DFGAN,,GAN,not_applicable,519b7c99e055ac06d8bcbaaa0d2639a4557659fc9cc98c943c9162f2dd4808a3,c0e028b8cbcf8ee7,20260828,7d4a74a88d2cac93b513c0853bf92c260eaceea0,data/CompEval-00352-of-00413.parquet,2,8,500,375,JPEG,46553
cf_test_external_seen_family_real_0cfe8da6a3be8f23,test_external_seen_family/real/cf_test_external_seen_family_real_0cfe8da6a3be8f23_64463.png.png,0,test_external_seen_family,community-forensics-eval,real:FFHQ,test,test_external_seen_family,FFHQ,Hourglass,,PixDiff,not_applicable,b9c3d7cef9f1281721efa2499737ff94a67f003ab7f8a6bc4072794f439e3d89,8abfa0f0a256a4cf,20260828,7d4a74a88d2cac93b513c0853bf92c260eaceea0,data/CompEval-00276-of-00413.parquet,4,5,1024,1024,PNG,1377980
cf_test_external_seen_family_real_0dd06af21d51e9ef,test_external_seen_family/real/cf_test_external_seen_family_real_0dd06af21d51e9ef_00031427.jpeg.jpg,0,test_external_seen_family,community-forensics-eval,real:LAION,test,test_external_seen_family,LAION,MidjourneyV6_1,,Commercial,not_applicable,e5ce6f78f190b8075e3217a4c11154637828bb4502c7d9dc1f70bb09674efe36,b03b93f30d45574c,20260828,7d4a74a88d2cac93b513c0853bf92c260eaceea0,data/CompEval-00392-of-00413.parquet,3,14,500,327,JPEG,35249
cf_test_external_seen_family_real_0e98cb9dcb365cb6,test_external_seen_family/real/cf_test_external_seen_family_real_0e98cb9dcb365cb6_000000096543.jpg.jpg,0,test_external_seen_family,community-forensics-eval,real:COCO,test,test_external_seen_family,COCO,DFGAN,,GAN,not_applicable,68e92f6e4ab243b8b6db19cd445bc2fc219f054fcc855348264f9d9d303db6b1,925a6c939396ce69,20260828,7d4a74a88d2cac93b513c0853bf92c260eaceea0,data/CompEval-00356-of-00413.parquet,3,12,375,500,JPEG,19769
cf_test_external_seen_family_real_0ee0704e03f69c12,test_external_seen_family/real/cf_test_external_seen_family_real_0ee0704e03f69c12_000001600.tiff.tiff,0,test_external_seen_family,community-forensics-eval,real:RAISE,test,test_external_seen_family,RAISE,LCM_lora_ssd1b,,LatDiff,not_applicable,b9f50fd6b9c31928f99a59983db558f90bdd754c3030bfbc8b05c57e8d6bf223,ff91a2484d3c863e,20260828,7d4a74a88d2cac93b513c0853bf92c260eaceea0,data/CompEval-00403-of-00413.parquet,0,11,4928,3264,TIFF,18370318
cf_test_external_seen_family_real_0f1569316fc03b3b,test_external_seen_family/real/cf_test_external_seen_family_real_0f1569316fc03b3b_000007720.tiff.tiff,0,test_external_seen_family,community-forensics-eval,real:RAISE,test,test_external_seen_family,RAISE,LCM_lora_sdxl,,LatDiff,not_applicable,1b24e3dc0ff0c6b915395857ac3ccdfa011daa98647861f0c7343d765d18745a,9385c8fa6d783295,20260828,7d4a74a88d2cac93b513c0853bf92c260eaceea0,data/CompEval-00380-of-00413.parquet,3,18,4928,3264,TIFF,18572600
cf_test_external_seen_family_real_0f6563694d6efdea,test_external_seen_family/real/cf_test_external_seen_family_real_0f6563694d6efdea_00022822.jpeg.jpg,0,test_external_seen_family,community-forensics-eval,real:LAION,test,test_external_seen_family,LAION,Firefly_Image3,,Commercial,not_applicable,2570dc66d13ffb02a4256bd54cddb8586fe4d7afab5d3f5211c0d1f38e21bcb4,be97954ac069c3b1,20260828,7d4a74a88d2cac93b513c0853bf92c260eaceea0,data/CompEval-00202-of-00413.parquet,0,5,1024,768,JPEG,61721
cf_test_external_seen_family_real_0ff971be64a1ecd0,test_external_seen_family/real/cf_test_external_seen_family_real_0ff971be64a1ecd0_46906.png.png,0,test_external_seen_family,community-forensics-eval,real:FFHQ,test,test_external_seen_family,FFHQ,Hourglass,,PixDiff,not_applicable,7470e9707a52df1ad46bb763ab377649e44a64b67f1d8f66a16a2df84ef9e044,afad74f47030a2d8,20260828,7d4a74a88d2cac93b513c0853bf92c260eaceea0,data/CompEval-00271-of-00413.parquet,2,23,1024,1024,PNG,1560020
cf_test_external_seen_family_real_101159109bac9f8c,test_external_seen_family/real/cf_test_external_seen_family_real_101159109bac9f8c_000000143807.jpg.jpg,0,test_external_seen_family,community-forensics-eval,real:COCO,test,test_external_seen_family,COCO,DFGAN,,GAN,not_applicable,8f5cf0514e7e1e0c2385248415129527dbb635d7dcec633dfb1587ffedf99ee0,d6d4a121a18a7e7b,20260828,7d4a74a88d2cac93b513c0853bf92c260eaceea0,data/CompEval-00355-of-00413.parquet,4,14,427,640,JPEG,37765
cf_test_external_seen_family_real_1042ef41f228c4d8,test_external_seen_family/real/cf_test_external_seen_family_real_1042ef41f228c4d8_05974.png.png,0,test_external_seen_family,community-forensics-eval,real:FFHQ,test,test_external_seen_family,FFHQ,Hourglass,,PixDiff,not_applicable,298d1ecfd01b73654ad5aa4330b8252d122f5169358ded0246b696327ca00bdb,9d6320e277cacb8c,20260828,7d4a74a88d2cac93b513c0853bf92c260eaceea0,data/CompEval-00271-of-00413.parquet,0,22,1024,1024,PNG,1584941
cf_test_external_seen_family_real_113a2c7da4b72685,test_external_seen_family/real/cf_test_external_seen_family_real_113a2c7da4b72685_32348.png.png,0,test_external_seen_family,community-forensics-eval,real:FFHQ,test,test_external_seen_family,FFHQ,Hourglass,,PixDiff,not_applicable,dd83c19a45a7fc95e455c3d30d8412a24bbe4353291dd0dfe197f469d47413f4,df6061873542a78f,20260828,7d4a74a88d2cac93b513c0853bf92c260eaceea0,data/CompEval-00110-of-00413.parquet,1,0,1024,1024,PNG,1365403
cf_test_external_seen_family_real_118584347684b05f,test_external_seen_family/real/cf_test_external_seen_family_real_118584347684b05f_00007613.jpeg.jpg,0,test_external_seen_family,community-forensics-eval,real:LAION,test,test_external_seen_family,LAION,Firefly_Image3,,Commercial,not_applicable,c0736cd00c2956a1f3cd52f04aa3509ff5c7500e43101f41b2b8f1d850b8b78e,a69d47b358f0c8e4,20260828,7d4a74a88d2cac93b513c0853bf92c260eaceea0,data/CompEval-00330-of-00413.parquet,2,11,600,450,JPEG,21603
cf_test_external_seen_family_real_11993fd0c1aaeab2,test_external_seen_family/real/cf_test_external_seen_family_real_11993fd0c1aaeab2_000000014907.jpg.jpg,0,test_external_seen_family,community-forensics-eval,real:COCO,test,test_external_seen_family,COCO,DFGAN,,GAN,not_applicable,c4c02f2b691c697867af5225dd9209726849abcb73230aeeda3353a7c22ea4ed,b18d4ef33c4d8332,20260828,7d4a74a88d2cac93b513c0853bf92c260eaceea0,data/CompEval-00356-of-00413.parquet,0,4,420,640,JPEG,51508
cf_test_external_seen_family_real_1206885acf02e9ab,test_external_seen_family/real/cf_test_external_seen_family_real_1206885acf02e9ab_000004522.tiff.tiff,0,test_external_seen_family,community-forensics-eval,real:RAISE,test,test_external_seen_family,RAISE,stable_cascade,,Other,not_applicable,983dc1eed464feafbad3e3ac7adcaf8d1df6fe3451ca9c0d4928883c5e6ab677,ed9ed2026e0d73c2,20260828,7d4a74a88d2cac93b513c0853bf92c260eaceea0,data/CompEval-00260-of-00413.parquet,4,8,4928,3264,TIFF,24633132
cf_test_external_seen_family_real_121b04c4edf96d90,test_external_seen_family/real/cf_test_external_seen_family_real_121b04c4edf96d90_00011131.jpeg.jpg,0,test_external_seen_family,community-forensics-eval,real:LAION,test,test_external_seen_family,LAION,Imagen3,,Commercial,not_applicable,268a96a606d38a296946b96b29791f0c636bc401755f08ef5f1a59f727c05368,ba898516d06fcbe4,20260828,7d4a74a88d2cac93b513c0853bf92c260eaceea0,data/CompEval-00172-of-00413.parquet,4,7,300,300,JPEG,16835
cf_test_external_seen_family_real_12501ec41b01486f,test_external_seen_family/real/cf_test_external_seen_family_real_12501ec41b01486f_000000009529.jpg.jpg,0,test_external_seen_family,community-forensics-eval,real:COCO,test,test_external_seen_family,COCO,DFGAN,,GAN,not_applicable,cd3be80284abf3580eeaa94604083b1eea0b1e6669e44ee24d7e510cd13b5ff4,e1c0fa8d9d1e847a,20260828,7d4a74a88d2cac93b513c0853bf92c260eaceea0,data/CompEval-00355-of-00413.parquet,3,21,361,640,JPEG,52691
cf_test_external_seen_family_real_12512a48cfb0fb3e,test_external_seen_family/real/cf_test_external_seen_family_real_12512a48cfb0fb3e_000000376023.jpg.jpg,0,test_external_seen_family,community-forensics-eval,real:COCO,test,test_external_seen_family,COCO,DFGAN,,GAN,not_applicable,945b5067e26d562908403dd84cf17f22bb985eb247003566c7bce1da9c002118,9b84708a5cbd0e7d,20260828,7d4a74a88d2cac93b513c0853bf92c260eaceea0,data/CompEval-00354-of-00413.parquet,0,1,640,341,JPEG,36644
cf_test_external_seen_family_real_127670d8b79ec8a1,test_external_seen_family/real/cf_test_external_seen_family_real_127670d8b79ec8a1_000000187813.jpg.jpg,0,test_external_seen_family,community-forensics-eval,real:COCO,test,test_external_seen_family,COCO,DFGAN,,GAN,not_applicable,74254693a561791e6e31ea6f82c3880db31e86dee28c6084650394481a938f1e,c3dad5205f64fa41,20260828,7d4a74a88d2cac93b513c0853bf92c260eaceea0,data/CompEval-00357-of-00413.parquet,2,3,426,640,JPEG,31543
cf_test_external_seen_family_real_1279b25647e9412e,test_external_seen_family/real/cf_test_external_seen_family_real_1279b25647e9412e_00011776.jpeg.jpg,0,test_external_seen_family,community-forensics-eval,real:LAION,test,test_external_seen_family,LAION,FLUX-schnell,,Commercial,not_applicable,14266bb64501b45495b29bcf09cb1d0e745f49f483e266bcb01c9b0f8a7eea1a,c1657e1670372dac,20260828,7d4a74a88d2cac93b513c0853bf92c260eaceea0,data/CompEval-00189-of-00413.parquet,1,12,400,321,JPEG,36003
cf_test_external_seen_family_real_1288318d46d3696e,test_external_seen_family/real/cf_test_external_seen_family_real_1288318d46d3696e_000003071.tiff.tiff,0,test_external_seen_family,community-forensics-eval,real:RAISE,test,test_external_seen_family,RAISE,kvikontent_midjourney_v6,,LatDiff,not_applicable,c53f37c360f57a87a20ac4cae93255f717c2dfe63c8afbc7c0be96d3fcf75db2,aacbb524f4773484,20260828,7d4a74a88d2cac93b513c0853bf92c260eaceea0,data/CompEval-00088-of-00413.parquet,0,9,4288,2848,TIFF,25829670
cf_test_external_seen_family_real_12ccb69f6217f792,test_external_seen_family/real/cf_test_external_seen_family_real_12ccb69f6217f792_000000044470.jpg.jpg,0,test_external_seen_family,community-forensics-eval,real:COCO,test,test_external_seen_family,COCO,DFGAN,,GAN,not_applicable,cef2cb6e1fa619fe75c891d4163f7c6e0b3732b72d1acd2472f3c819e74b0e67,d1531c6f46475336,20260828,7d4a74a88d2cac93b513c0853bf92c260eaceea0,data/CompEval-00354-of-00413.parquet,4,2,640,589,JPEG,67000
cf_test_external_seen_family_real_12de3ec540614ee8,test_external_seen_family/real/cf_test_external_seen_family_real_12de3ec540614ee8_00021090.jpeg.jpg,0,test_external_seen_family,community-forensics-eval,real:LAION,test,test_external_seen_family,LAION,MidjourneyV6_1,,Commercial,not_applicable,4eea4cd85fb88f33ee0ea6c350230c4b4b9b2f4b0d8e29abbde9c1a0ea305f81,dad5643a85565369,20260828,7d4a74a88d2cac93b513c0853bf92c260eaceea0,data/CompEval-00009-of-00413.parquet,1,15,706,448,JPEG,74360
cf_test_external_seen_family_real_131a1eb57c8a88bc,test_external_seen_family/real/cf_test_external_seen_family_real_131a1eb57c8a88bc_000001854.tiff.tiff,0,test_external_seen_family,community-forensics-eval,real:RAISE,test,test_external_seen_family,RAISE,DeciDiffusionV2,,LatDiff,not_applicable,cd25d9dceb6c2e00aafb13621705be199839e83f920377ad752c94fc685afc64,83c43c47b1774d99,20260828,7d4a74a88d2cac93b513c0853bf92c260eaceea0,data/CompEval-00324-of-00413.parquet,1,10,4928,3264,TIFF,21774870
cf_test_external_seen_family_real_134d4e0b36c4ac17,test_external_seen_family/real/cf_test_external_seen_family_real_134d4e0b36c4ac17_00021871.jpeg.jpg,0,test_external_seen_family,community-forensics-eval,real:LAION,test,test_external_seen_family,LAION,MidjourneyV6_1,,Commercial,not_applicable,c39be8d7962d4eab843cb6651abe553cd20886ce5b6ffe5a822619f0ca5758d4,b8c1d34d9e8c649b,20260828,7d4a74a88d2cac93b513c0853bf92c260eaceea0,data/CompEval-00011-of-00413.parquet,2,5,300,300,JPEG,18533
cf_test_external_seen_family_real_1388097ecb87b310,test_external_seen_family/real/cf_test_external_seen_family_real_1388097ecb87b310_000001633.tiff.tiff,0,test_external_seen_family,community-forensics-eval,real:RAISE,test,test_external_seen_family,RAISE,DeciDiffusionV2,,LatDiff,not_applicable,60b234e835034aab549a909ff6dac17e03d06af32d58a02832141047e81302a6,8c84d4ce47dea355,20260828,7d4a74a88d2cac93b513c0853bf92c260eaceea0,data/CompEval-00322-of-00413.parquet,1,4,4928,3264,TIFF,32647862
cf_test_external_seen_family_real_1398ccf3a83c460c,test_external_seen_family/real/cf_test_external_seen_family_real_1398ccf3a83c460c_000000289228.jpg.jpg,0,test_external_seen_family,community-forensics-eval,real:COCO,test,test_external_seen_family,COCO,DFGAN,,GAN,not_applicable,0cfb0e3f6ebbb2fde5ccab5c74ea546f4cd3bdfa329a6f0ae77c72bb04db677c,d0d12e2b6a6b6a69,20260828,7d4a74a88d2cac93b513c0853bf92c260eaceea0,data/CompEval-00353-of-00413.parquet,4,12,636,640,JPEG,51501
cf_test_external_seen_family_real_13add651673b09d0,test_external_seen_family/real/cf_test_external_seen_family_real_13add651673b09d0_00014607.jpeg.jpg,0,test_external_seen_family,community-forensics-eval,real:LAION,test,test_external_seen_family,LAION,Dalle2,,Commercial,not_applicable,17ffa7bd5cc4954595b8a62022dd4e07f694e02cd84353040a55f0417803feca,ab981c6f43231f9c,20260828,7d4a74a88d2cac93b513c0853bf92c260eaceea0,data/CompEval-00344-of-00413.parquet,3,8,480,360,JPEG,18852
cf_test_external_seen_family_real_13b75159b97947b7,test_external_seen_family/real/cf_test_external_seen_family_real_13b75159b97947b7_36932.png.png,0,test_external_seen_family,community-forensics-eval,real:FFHQ,test,test_external_seen_family,FFHQ,Hourglass,,PixDiff,not_applicable,192d56c097528fda0b7a537fa32d6561c219d5b21726a239ff8173a487481342,f495f2e1216982dd,20260828,7d4a74a88d2cac93b513c0853bf92c260eaceea0,data/CompEval-00108-of-00413.parquet,4,12,1024,1024,PNG,1420808
cf_test_external_seen_family_real_13bf37ead50fffc9,test_external_seen_family/real/cf_test_external_seen_family_real_13bf37ead50fffc9_000000476854.jpg.jpg,0,test_external_seen_family,community-forensics-eval,real:COCO,test,test_external_seen_family,COCO,DFGAN,,GAN,not_applicable,c36b406f15512f30fb4139087957961e8cbcaf7de56357d621e92ad0696df453,8ab410794e7395b7,20260828,7d4a74a88d2cac93b513c0853bf92c260eaceea0,data/CompEval-00350-of-00413.parquet,4,3,500,375,JPEG,32196
cf_test_external_seen_family_real_13fa8a540c6036d0,test_external_seen_family/real/cf_test_external_seen_family_real_13fa8a540c6036d0_000004684.tiff.tiff,0,test_external_seen_family,community-forensics-eval,real:RAISE,test,test_external_seen_family,RAISE,LCM_lora_sdxl,,LatDiff,not_applicable,3cc8b32d9305c8d334d75c0c475888545e50dccfa207387741f7ea0336d9b7cf,f8c36732cc3631c6,20260828,7d4a74a88d2cac93b513c0853bf92c260eaceea0,data/CompEval-00377-of-00413.parquet,3,10,4928,3264,TIFF,29952768
cf_test_external_seen_family_real_14518e479a91f49c,test_external_seen_family/real/cf_test_external_seen_family_real_14518e479a91f49c_000007570.tiff.tiff,0,test_external_seen_family,community-forensics-eval,real:RAISE,test,test_external_seen_family,RAISE,DeciDiffusionV2,,LatDiff,not_applicable,12529ff30389f09ec8194b361e44b59e890079f6463165db566f5e0ddbb25fb2,a363b2eba0056d3d,20260828,7d4a74a88d2cac93b513c0853bf92c260eaceea0,data/CompEval-00324-of-00413.parquet,1,19,3264,4928,TIFF,23650958
cf_test_external_seen_family_real_1475ad29c5cdd421,test_external_seen_family/real/cf_test_external_seen_family_real_1475ad29c5cdd421_000000159049.jpg.jpg,0,test_external_seen_family,community-forensics-eval,real:COCO,test,test_external_seen_family,COCO,DFGAN,,GAN,not_applicable,4810f135606ce6fb6a963584ae99a0f7de3340a1a49f6af4d49aee154fa00328,c341ccdbcb84ccd9,20260828,7d4a74a88d2cac93b513c0853bf92c260eaceea0,data/CompEval-00353-of-00413.parquet,1,19,480,640,JPEG,116909
cf_test_external_seen_family_real_14aed7cde6966138,test_external_seen_family/real/cf_test_external_seen_family_real_14aed7cde6966138_12723.png.png,0,test_external_seen_family,community-forensics-eval,real:FFHQ,test,test_external_seen_family,FFHQ,Hourglass,,PixDiff,not_applicable,c4e9ad95189ae2ca98357361c517c0745cc411335024d9628d122715d12b29b4,8a0e7692f181d5dd,20260828,7d4a74a88d2cac93b513c0853bf92c260eaceea0,data/CompEval-00109-of-00413.parquet,2,18,1024,1024,PNG,1544359
cf_test_external_seen_family_real_1513a3d7b2778b0f,test_external_seen_family/real/cf_test_external_seen_family_real_1513a3d7b2778b0f_000000175823.jpg.jpg,0,test_external_seen_family,community-forensics-eval,real:COCO,test,test_external_seen_family,COCO,DFGAN,,GAN,not_applicable,b01a39da1efe77c33888f80a3189ca4ed17d15577b3c9ee946a56e36a8b06b70,ab3094a5b2d6e15b,20260828,7d4a74a88d2cac93b513c0853bf92c260eaceea0,data/CompEval-00351-of-00413.parquet,2,4,640,303,JPEG,48887
cf_test_external_seen_family_real_155e94e7ad4d11d9,test_external_seen_family/real/cf_test_external_seen_family_real_155e94e7ad4d11d9_000000012.tiff.tiff,0,test_external_seen_family,community-forensics-eval,real:RAISE,test,test_external_seen_family,RAISE,DeciDiffusionV2,,LatDiff,not_applicable,31f782c931ae5a435e00d02b8d8ce4bab14456217f3df553f519ef532214dbf6,8231bd49c9a71ead,20260828,7d4a74a88d2cac93b513c0853bf92c260eaceea0,data/CompEval-00319-of-00413.parquet,3,15,4288,2848,TIFF,25832820
cf_test_external_seen_family_real_15cdfa85c318a236,test_external_seen_family/real/cf_test_external_seen_family_real_15cdfa85c318a236_000000010622.jpg.jpg,0,test_external_seen_family,community-forensics-eval,real:COCO,test,test_external_seen_family,COCO,DFGAN,,GAN,not_applicable,cc4ebbe96c7f0fa866fba4e36acc07343bedeb1f1b74a978827c592d0d29ae4e,d8c6372cac796c62,20260828,7d4a74a88d2cac93b513c0853bf92c260eaceea0,data/CompEval-00356-of-00413.parquet,0,23,640,427,JPEG,78518
cf_test_external_seen_family_real_1638ad965f42b028,test_external_seen_family/real/cf_test_external_seen_family_real_1638ad965f42b028_14137.png.png,0,test_external_seen_family,community-forensics-eval,real:FFHQ,test,test_external_seen_family,FFHQ,Hourglass,,PixDiff,not_applicable,049cb3f8764093094f7da84ce0d090d420a174f95b5c2237ffe23c30c415973d,a5b71ab078b1da89,20260828,7d4a74a88d2cac93b513c0853bf92c260eaceea0,data/CompEval-00108-of-00413.parquet,2,24,1024,1024,PNG,1329758
cf_test_external_seen_family_real_1664318199cf99ed,test_external_seen_family/real/cf_test_external_seen_family_real_1664318199cf99ed_000000344542.jpg.jpg,0,test_external_seen_family,community-forensics-eval,real:COCO,test,test_external_seen_family,COCO,DFGAN,,GAN,not_applicable,2bad6aee87c82e2ff34711e58a7cbc6dbd06008fccce5b6ca921e36a3e48d31b,9e696596596127c6,20260828,7d4a74a88d2cac93b513c0853bf92c260eaceea0,data/CompEval-00356-of-00413.parquet,0,5,500,333,JPEG,18156
cf_test_external_seen_family_real_16d580c141334ffd,test_external_seen_family/real/cf_test_external_seen_family_real_16d580c141334ffd_000000258938.jpg.jpg,0,test_external_seen_family,community-forensics-eval,real:COCO,test,test_external_seen_family,COCO,DFGAN,,GAN,not_applicable,4384941bb0668dd88b8edd203c4c10a71d4009031820887dda53c6cbe6655171,b5ea2415623c6d75,20260828,7d4a74a88d2cac93b513c0853bf92c260eaceea0,data/CompEval-00354-of-00413.parquet,2,24,427,640,JPEG,55038
cf_test_external_seen_family_real_17424211cf82d1dc,test_external_seen_family/real/cf_test_external_seen_family_real_17424211cf82d1dc_00015223.jpeg.jpg,0,test_external_seen_family,community-forensics-eval,real:LAION,test,test_external_seen_family,LAION,Dalle2,,Commercial,not_applicable,48b15a2d29ad6182d10bf1d38b9615781b0b3926f007a54178056a1fe93966a1,d60758e98f0e629e,20260828,7d4a74a88d2cac93b513c0853bf92c260eaceea0,data/CompEval-00347-of-00413.parquet,2,9,474,708,JPEG,48897
cf_test_external_seen_family_real_1758ba20da670301,test_external_seen_family/real/cf_test_external_seen_family_real_1758ba20da670301_23461.png.png,0,test_external_seen_family,community-forensics-eval,real:FFHQ,test,test_external_seen_family,FFHQ,Hourglass,,PixDiff,not_applicable,6ad15aa333437fce3424099744f2882d429feed38951c316c83d01e31d66a43a,d86a6132a76396cb,20260828,7d4a74a88d2cac93b513c0853bf92c260eaceea0,data/CompEval-00106-of-00413.parquet,2,1,1024,1024,PNG,1294992
cf_test_external_seen_family_real_179397f624874f87,test_external_seen_family/real/cf_test_external_seen_family_real_179397f624874f87_17663.png.png,0,test_external_seen_family,community-forensics-eval,real:FFHQ,test,test_external_seen_family,FFHQ,Hourglass,,PixDiff,not_applicable,b9b2f2927abe3ac26c2c13b39f0aecbf4c1f15f20f6f12856aa4d757f673fcdb,825cf00efc23fe89,20260828,7d4a74a88d2cac93b513c0853bf92c260eaceea0,data/CompEval-00277-of-00413.parquet,4,0,1024,1024,PNG,1237529
cf_test_external_seen_family_real_179f76ecd3efd339,test_external_seen_family/real/cf_test_external_seen_family_real_179f76ecd3efd339_000000637.tiff.tiff,0,test_external_seen_family,community-forensics-eval,real:RAISE,test,test_external_seen_family,RAISE,LCM_lora_sdxl,,LatDiff,not_applicable,b2452c81dc3b8ee52c1b57b0c2195394782ec6b37532ecf182ee402e870164a9,9774706a6b69684e,20260828,7d4a74a88d2cac93b513c0853bf92c260eaceea0,data/CompEval-00380-of-00413.parquet,2,1,4928,3264,TIFF,26410860
cf_test_external_seen_family_real_17a0f0ae3ea7fe48,test_external_seen_family/real/cf_test_external_seen_family_real_17a0f0ae3ea7fe48_000008072.tiff.tiff,0,test_external_seen_family,community-forensics-eval,real:RAISE,test,test_external_seen_family,RAISE,LCM_lora_ssd1b,,LatDiff,not_applicable,1025f98b3af855f6dae4b86453a37b69bebc483e60540b26fae4c8c6b8d2c756,cc65a54ead870e87,20260828,7d4a74a88d2cac93b513c0853bf92c260eaceea0,data/CompEval-00398-of-00413.parquet,4,22,4928,3264,TIFF,31666202
cf_test_external_seen_family_real_17fcbd5b7ce0aa1a,test_external_seen_family/real/cf_test_external_seen_family_real_17fcbd5b7ce0aa1a_65296.png.png,0,test_external_seen_family,community-forensics-eval,real:FFHQ,test,test_external_seen_family,FFHQ,Hourglass,,PixDiff,not_applicable,72738dd9713de6257af09fbf0809ab1fce0579c5e4cb59d3450e10e904a37990,8f367493d02cfec0,20260828,7d4a74a88d2cac93b513c0853bf92c260eaceea0,data/CompEval-00108-of-00413.parquet,3,10,1024,1024,PNG,1191985
cf_test_external_seen_family_real_18df2dd4a8e0bca5,test_external_seen_family/real/cf_test_external_seen_family_real_18df2dd4a8e0bca5_000000328060.jpg.jpg,0,test_external_seen_family,community-forensics-eval,real:COCO,test,test_external_seen_family,COCO,DFGAN,,GAN,not_applicable,766849adac770147f2c322a4d28dad5797517fd135ef9a9c16a44d757a93395d,e9eb5816a5178ca6,20260828,7d4a74a88d2cac93b513c0853bf92c260eaceea0,data/CompEval-00349-of-00413.parquet,3,14,640,427,JPEG,47303
cf_test_external_seen_family_real_1956974afaf44f8f,test_external_seen_family/real/cf_test_external_seen_family_real_1956974afaf44f8f_000000168860.jpg.jpg,0,test_external_seen_family,community-forensics-eval,real:COCO,test,test_external_seen_family,COCO,DFGAN,,GAN,not_applicable,530070a4bb917bfae9a4b206b62af24ba2b76b3bf380e39f98486ef2bfb8a066,ae3bc5d5df12006a,20260828,7d4a74a88d2cac93b513c0853bf92c260eaceea0,data/CompEval-00351-of-00413.parquet,1,19,640,360,JPEG,18581
cf_test_external_seen_family_real_1971d373a2570f47,test_external_seen_family/real/cf_test_external_seen_family_real_1971d373a2570f47_01169.png.png,0,test_external_seen_family,community-forensics-eval,real:FFHQ,test,test_external_seen_family,FFHQ,Hourglass,,PixDiff,not_applicable,59e6509224bd011007ac4e7ece5849481808a678ba2b4edf695fcc0367bd1215,d0387d33048dde8f,20260828,7d4a74a88d2cac93b513c0853bf92c260eaceea0,data/CompEval-00271-of-00413.parquet,2,12,1024,1024,PNG,980534
cf_test_external_seen_family_real_1a722f5b74eefdad,test_external_seen_family/real/cf_test_external_seen_family_real_1a722f5b74eefdad_000000379710.jpg.jpg,0,test_external_seen_family,community-forensics-eval,real:COCO,test,test_external_seen_family,COCO,DFGAN,,GAN,not_applicable,a3519941108afb2b3302785297e6f02d79da4e9083b442f62e1b3571824d2042,af141225ddda813f,20260828,7d4a74a88d2cac93b513c0853bf92c260eaceea0,data/CompEval-00353-of-00413.parquet,1,5,640,480,JPEG,48641
cf_test_external_seen_family_real_1aa3d6b2d6df6151,test_external_seen_family/real/cf_test_external_seen_family_real_1aa3d6b2d6df6151_000000068216.jpg.jpg,0,test_external_seen_family,community-forensics-eval,real:COCO,test,test_external_seen_family,COCO,DFGAN,,GAN,not_applicable,82b22f652c60a598a49abd423975832a78e0671c3e653388cbef33a31d7723de,d32c3bc6d22f6c30,20260828,7d4a74a88d2cac93b513c0853bf92c260eaceea0,data/CompEval-00356-of-00413.parquet,0,13,361,640,JPEG,29616
cf_test_external_seen_family_real_1ac12a67d4021dc7,test_external_seen_family/real/cf_test_external_seen_family_real_1ac12a67d4021dc7_54209.png.png,0,test_external_seen_family,community-forensics-eval,real:FFHQ,test,test_external_seen_family,FFHQ,Hourglass,,PixDiff,not_applicable,e6f4ebe24da13fa9a653852fadde2ca8f5637eb40c496b920b772e1ab09de43f,82683c773475b2d6,20260828,7d4a74a88d2cac93b513c0853bf92c260eaceea0,data/CompEval-00276-of-00413.parquet,3,20,1024,1024,PNG,1442610
cf_test_external_seen_family_real_1ad87f2a608daeff,test_external_seen_family/real/cf_test_external_seen_family_real_1ad87f2a608daeff_000000351.tiff.tiff,0,test_external_seen_family,community-forensics-eval,real:RAISE,test,test_external_seen_family,RAISE,kvikontent_midjourney_v6,,LatDiff,not_applicable,0aae5b18608f5888cd1b7b6b5970e52ec11440cb1c7a8b4c9b63aa2f59ac9676,e48e39db1671a718,20260828,7d4a74a88d2cac93b513c0853bf92c260eaceea0,data/CompEval-00093-of-00413.parquet,1,17,3264,4928,TIFF,20767578
cf_test_external_seen_family_real_1ae3b303d996cca8,test_external_seen_family/real/cf_test_external_seen_family_real_1ae3b303d996cca8_000006476.tiff.tiff,0,test_external_seen_family,community-forensics-eval,real:RAISE,test,test_external_seen_family,RAISE,LCM_lora_sdxl,,LatDiff,not_applicable,5a659403eb655a0411c803a9d1c893b1f1eb928a200802fb20057592205795bd,f58ed936865817c4,20260828,7d4a74a88d2cac93b513c0853bf92c260eaceea0,data/CompEval-00380-of-00413.parquet,1,23,4928,3264,TIFF,28687406
cf_test_external_seen_family_real_1af881a606a32761,test_external_seen_family/real/cf_test_external_seen_family_real_1af881a606a32761_000007143.tiff.tiff,0,test_external_seen_family,community-forensics-eval,real:RAISE,test,test_external_seen_family,RAISE,kvikontent_midjourney_v6,,LatDiff,not_applicable,75530fd3b8d80323f832820c5be68910ce5b96ab44371e7e8400f985c886b1d6,dee7b2704448d0cf,20260828,7d4a74a88d2cac93b513c0853bf92c260eaceea0,data/CompEval-00089-of-00413.parquet,3,15,4928,3264,TIFF,32597716
cf_test_external_seen_family_real_1b6c4181a5068e11,test_external_seen_family/real/cf_test_external_seen_family_real_1b6c4181a5068e11_00045044.jpeg.jpg,0,test_external_seen_family,community-forensics-eval,real:LAION,test,test_external_seen_family,LAION,IdeogramV1,,Commercial,not_applicable,6f46b7c89d009a0df2ffa10c63dce47232bb72338c842dac0e4420bf2690e20f,f7caaab4ad628831,20260828,7d4a74a88d2cac93b513c0853bf92c260eaceea0,data/CompEval-00381-of-00413.parquet,3,3,300,300,JPEG,10390
cf_test_external_seen_family_real_1ba77b03cbc60acd,test_external_seen_family/real/cf_test_external_seen_family_real_1ba77b03cbc60acd_00055234.jpeg.jpg,0,test_external_seen_family,community-forensics-eval,real:LAION,test,test_external_seen_family,LAION,IdeogramV1,,Commercial,not_applicable,0baa83de55cc0d5206d7005b480d4817597feff96756028879e2ebaab5fb8d28,d13152b3abf6098d,20260828,7d4a74a88d2cac93b513c0853bf92c260eaceea0,data/CompEval-00385-of-00413.parquet,3,2,551,310,JPEG,29981
cf_test_external_seen_family_real_1bd91c1caf14f67d,test_external_seen_family/real/cf_test_external_seen_family_real_1bd91c1caf14f67d_00006778.jpeg.jpg,0,test_external_seen_family,community-forensics-eval,real:LAION,test,test_external_seen_family,LAION,Imagen3,,Commercial,not_applicable,c2affbda3d20c9552c212fc74ca20ee5b44a6f11ca8f6d8539d13a5f07ec3d6a,996e4e71946164cf,20260828,7d4a74a88d2cac93b513c0853bf92c260eaceea0,data/CompEval-00169-of-00413.parquet,3,22,374,450,JPEG,49050
cf_test_external_seen_family_real_1c076d9bc47a3ac6,test_external_seen_family/real/cf_test_external_seen_family_real_1c076d9bc47a3ac6_000000451676.jpg.jpg,0,test_external_seen_family,community-forensics-eval,real:COCO,test,test_external_seen_family,COCO,DFGAN,,GAN,not_applicable,54e5c543f52a3591dd2d05b6e7a6b994eb9c3abf58af9153f3fa439d7f39cd42,d7847819399b664e,20260828,7d4a74a88d2cac93b513c0853bf92c260eaceea0,data/CompEval-00350-of-00413.parquet,1,16,640,480,JPEG,45604
cf_test_external_seen_family_real_1c6285ec97030112,test_external_seen_family/real/cf_test_external_seen_family_real_1c6285ec97030112_54532.png.png,0,test_external_seen_family,community-forensics-eval,real:FFHQ,test,test_external_seen_family,FFHQ,Hourglass,,PixDiff,not_applicable,43e60a9216e20b3d60ffae6d44ac2de4784042650976d8bb714ec183f05f836d,9b44f263b551a595,20260828,7d4a74a88d2cac93b513c0853bf92c260eaceea0,data/CompEval-00105-of-00413.parquet,4,17,1024,1024,PNG,1345330
cf_test_external_seen_family_real_1c67c1ac968a1836,test_external_seen_family/real/cf_test_external_seen_family_real_1c67c1ac968a1836_08148.png.png,0,test_external_seen_family,community-forensics-eval,real:FFHQ,test,test_external_seen_family,FFHQ,Hourglass,,PixDiff,not_applicable,e96c9bcb09968f123eded8d361b13e4b5787579d1e84f4c41da2db85d30317a0,9ed1399220bfa29d,20260828,7d4a74a88d2cac93b513c0853bf92c260eaceea0,data/CompEval-00110-of-00413.parquet,1,6,1024,1024,PNG,1518876
cf_test_external_seen_family_real_1c6c8b5cae5ec32a,test_external_seen_family/real/cf_test_external_seen_family_real_1c6c8b5cae5ec32a_000000172272.jpg.jpg,0,test_external_seen_family,community-forensics-eval,real:COCO,test,test_external_seen_family,COCO,DFGAN,,GAN,not_applicable,7d2113fb28b25c81131afeab162ae45184a90d6678316ebc475d2d02a48706b3,f8f89f11408c7c3b,20260828,7d4a74a88d2cac93b513c0853bf92c260eaceea0,data/CompEval-00350-of-00413.parquet,1,13,427,640,JPEG,54795
cf_test_external_seen_family_real_1c7ff76e77a22a3f,test_external_seen_family/real/cf_test_external_seen_family_real_1c7ff76e77a22a3f_000000274.tiff.tiff,0,test_external_seen_family,community-forensics-eval,real:RAISE,test,test_external_seen_family,RAISE,stable_cascade,,Other,not_applicable,655cf32f471bf952008e4929083178144e1d37e02371cc711c2bd126df0fbabc,906b0b6baa9de594,20260828,7d4a74a88d2cac93b513c0853bf92c260eaceea0,data/CompEval-00261-of-00413.parquet,4,13,3264,4928,TIFF,18666330
cf_test_external_seen_family_real_1ce72178ab99cd85,test_external_seen_family/real/cf_test_external_seen_family_real_1ce72178ab99cd85_52915.png.png,0,test_external_seen_family,community-forensics-eval,real:FFHQ,test,test_external_seen_family,FFHQ,Hourglass,,PixDiff,not_applicable,577f98b911a0e789f6f61afc4fe29e1ff310faa92ef4f5be45ea7c1016dc8eb0,89bd26f67e30229a,20260828,7d4a74a88d2cac93b513c0853bf92c260eaceea0,data/CompEval-00104-of-00413.parquet,2,5,1024,1024,PNG,1225092
cf_test_external_seen_family_real_1d192647a26c3606,test_external_seen_family/real/cf_test_external_seen_family_real_1d192647a26c3606_000000495550.jpg.jpg,0,test_external_seen_family,community-forensics-eval,real:COCO,test,test_external_seen_family,COCO,DFGAN,,GAN,not_applicable,368e9e8a4471e0088d9259de7ceec567fc89fbcf47ce000c3fd93fe17db06f6d,942f556f6e244665,20260828,7d4a74a88d2cac93b513c0853bf92c260eaceea0,data/CompEval-00356-of-00413.parquet,2,1,640,480,JPEG,49278
cf_test_external_seen_family_real_1d2a3c33146f462a,test_external_seen_family/real/cf_test_external_seen_family_real_1d2a3c33146f462a_00049508.jpeg.jpg,0,test_external_seen_family,community-forensics-eval,real:LAION,test,test_external_seen_family,LAION,Firefly_Image3,,Commercial,not_applicable,80541ec2dcdf5d4ef31e1bcfe7e9891c816c07e7e53f45e893af94f36b0ab64f,94cc4a1b696d6d3c,20260828,7d4a74a88d2cac93b513c0853bf92c260eaceea0,data/CompEval-00337-of-00413.parquet,2,21,542,700,JPEG,47607
cf_test_external_seen_family_real_1d67d078e9084150,test_external_seen_family/real/cf_test_external_seen_family_real_1d67d078e9084150_03388.png.png,0,test_external_seen_family,community-forensics-eval,real:FFHQ,test,test_external_seen_family,FFHQ,Hourglass,,PixDiff,not_applicable,bf237f407985a64b2b45b1f3124ae37d4eaef17755f17c29e2fd2eb466d60088,eeb1f182c68ac7c8,20260828,7d4a74a88d2cac93b513c0853bf92c260eaceea0,data/CompEval-00105-of-00413.parquet,2,22,1024,1024,PNG,1227485
cf_test_external_seen_family_real_1d6b03e79e138970,test_external_seen_family/real/cf_test_external_seen_family_real_1d6b03e79e138970_53524.png.png,0,test_external_seen_family,community-forensics-eval,real:FFHQ,test,test_external_seen_family,FFHQ,Hourglass,,PixDiff,not_applicable,2050a1d5877a8456feaf4ba876dd5fe6ae02724c5abe1f7640aa2e83be4fc20a,8b3d35b075d2c68a,20260828,7d4a74a88d2cac93b513c0853bf92c260eaceea0,data/CompEval-00107-of-00413.parquet,1,22,1024,1024,PNG,1612433
cf_test_external_seen_family_real_1db3f197dbd3379b,test_external_seen_family/real/cf_test_external_seen_family_real_1db3f197dbd3379b_000000738.tiff.tiff,0,test_external_seen_family,community-forensics-eval,real:RAISE,test,test_external_seen_family,RAISE,GALIP,,GAN,not_applicable,79651262b42084b36d5485abb0a0434a839a03a1a5ffc77188d25c9d371b5ccd,c5f2da24a4da5b25,20260828,7d4a74a88d2cac93b513c0853bf92c260eaceea0,data/CompEval-00045-of-00413.parquet,2,3,4928,3264,TIFF,19162630
cf_test_external_seen_family_real_1e13201e59950f25,test_external_seen_family/real/cf_test_external_seen_family_real_1e13201e59950f25_000000992.tiff.tiff,0,test_external_seen_family,community-forensics-eval,real:RAISE,test,test_external_seen_family,RAISE,LCM_lora_sdxl,,LatDiff,not_applicable,564ba5ff9433fe43afe6573d82a68d58140c82516c3aae57fbab0d294bf79cc9,c080fa1fd4613b9f,20260828,7d4a74a88d2cac93b513c0853bf92c260eaceea0,data/CompEval-00374-of-00413.parquet,0,4,3264,4928,TIFF,20182992
cf_test_external_seen_family_real_1ea0c4adf51e357a,test_external_seen_family/real/cf_test_external_seen_family_real_1ea0c4adf51e357a_09880.png.png,0,test_external_seen_family,community-forensics-eval,real:FFHQ,test,test_external_seen_family,FFHQ,Hourglass,,PixDiff,not_applicable,639299930ad40b92395010352d4be81e8f88faf975b857f423cadc9e88363666,8b8f2986330b67cd,20260828,7d4a74a88d2cac93b513c0853bf92c260eaceea0,data/CompEval-00107-of-00413.parquet,2,3,1024,1024,PNG,1495116
cf_test_external_seen_family_real_1eab0faf43e8fd05,test_external_seen_family/real/cf_test_external_seen_family_real_1eab0faf43e8fd05_000004521.tiff.tiff,0,test_external_seen_family,community-forensics-eval,real:RAISE,test,test_external_seen_family,RAISE,LCM_lora_sdv15,,LatDiff,not_applicable,023e736c5334d83161092cd5798f9c8af087809f5518414b3a8ed2e5bdb2a957,91b8477947b70f21,20260828,7d4a74a88d2cac93b513c0853bf92c260eaceea0,data/CompEval-00115-of-00413.parquet,2,13,4928,3264,TIFF,26540272
cf_test_external_seen_family_real_1f38c46b0b21695f,test_external_seen_family/real/cf_test_external_seen_family_real_1f38c46b0b21695f_000000371625.jpg.jpg,0,test_external_seen_family,community-forensics-eval,real:COCO,test,test_external_seen_family,COCO,DFGAN,,GAN,not_applicable,76c07de994e8b747f887318ca461e1b509958d7042c105c0093814bcba47fb4e,917a853ae307eb15,20260828,7d4a74a88d2cac93b513c0853bf92c260eaceea0,data/CompEval-00354-of-00413.parquet,0,17,640,360,JPEG,57697
cf_test_external_seen_family_real_1f58409de90bcb47,test_external_seen_family/real/cf_test_external_seen_family_real_1f58409de90bcb47_54109.png.png,0,test_external_seen_family,community-forensics-eval,real:FFHQ,test,test_external_seen_family,FFHQ,Hourglass,,PixDiff,not_applicable,ae8752b2e35f74ab3df7291dec0f5cb78e167a7e1dce02d8c7d7533f34e00fec,ef7a72b410a99ac8,20260828,7d4a74a88d2cac93b513c0853bf92c260eaceea0,data/CompEval-00106-of-00413.parquet,3,12,1024,1024,PNG,1247522
cf_test_external_seen_family_real_1f64e96f9e12a3d1,test_external_seen_family/real/cf_test_external_seen_family_real_1f64e96f9e12a3d1_59069.png.png,0,test_external_seen_family,community-forensics-eval,real:FFHQ,test,test_external_seen_family,FFHQ,Hourglass,,PixDiff,not_applicable,ad91376b69a4a58ee744a6ffe581e336b8915e2ff72187e4321e9e2bab9e1aef,97d6082a79396b99,20260828,7d4a74a88d2cac93b513c0853bf92c260eaceea0,data/CompEval-00108-of-00413.parquet,1,23,1024,1024,PNG,1265346
cf_test_external_seen_family_real_1f83c183f856233c,test_external_seen_family/real/cf_test_external_seen_family_real_1f83c183f856233c_000001127.tiff.tiff,0,test_external_seen_family,community-forensics-eval,real:RAISE,test,test_external_seen_family,RAISE,DeciDiffusionV2,,LatDiff,not_applicable,77a8af40f6ce43e6116b834fa24e27759e63548b27ea788c46c54d37f002149e,985a8c3c47b3e5a5,20260828,7d4a74a88d2cac93b513c0853bf92c260eaceea0,data/CompEval-00325-of-00413.parquet,3,2,4928,3264,TIFF,29986986
cf_test_external_seen_family_real_201318421517a44e,test_external_seen_family/real/cf_test_external_seen_family_real_201318421517a44e_48808.png.png,0,test_external_seen_family,community-forensics-eval,real:FFHQ,test,test_external_seen_family,FFHQ,Hourglass,,PixDiff,not_applicable,8689d769e0e0e6d86dcbf1700a6f02db522c7666754655d6f3baf8f148f7f444,a8f0f585a0e687cd,20260828,7d4a74a88d2cac93b513c0853bf92c260eaceea0,data/CompEval-00109-of-00413.parquet,4,15,1024,1024,PNG,1142037
cf_test_external_seen_family_real_20551fc0286399c6,test_external_seen_family/real/cf_test_external_seen_family_real_20551fc0286399c6_00022270.jpeg.jpg,0,test_external_seen_family,community-forensics-eval,real:LAION,test,test_external_seen_family,LAION,Firefly_Image3,,Commercial,not_applicable,0facfc07c7bf6029491d763aaa09c8201e4f0ecafe819c0d0c23c0cb443ab87b,b238c3e3cc4d9c9c,20260828,7d4a74a88d2cac93b513c0853bf92c260eaceea0,data/CompEval-00202-of-00413.parquet,2,0,300,300,JPEG,11951
cf_test_external_seen_family_real_20556217d1077c6d,test_external_seen_family/real/cf_test_external_seen_family_real_20556217d1077c6d_000000088318.jpg.jpg,0,test_external_seen_family,community-forensics-eval,real:COCO,test,test_external_seen_family,COCO,DFGAN,,GAN,not_applicable,6b9ea7cdd6bd12046d9a798411ac4ca4c5e11f73575b37727f6a302638a23313,ce67c363309e0e69,20260828,7d4a74a88d2cac93b513c0853bf92c260eaceea0,data/CompEval-00352-of-00413.parquet,0,13,640,428,JPEG,85040
cf_test_external_seen_family_real_2098f5b9000b042a,test_external_seen_family/real/cf_test_external_seen_family_real_2098f5b9000b042a_08519.png.png,0,test_external_seen_family,community-forensics-eval,real:FFHQ,test,test_external_seen_family,FFHQ,Hourglass,,PixDiff,not_applicable,5055a1c587056829f2d41daeaf38404222ef071117d5ddb363be65f49abd1c94,cea120a7b45e96ce,20260828,7d4a74a88d2cac93b513c0853bf92c260eaceea0,data/CompEval-00108-of-00413.parquet,3,6,1024,1024,PNG,1357948
cf_test_external_seen_family_real_20fe490cadd56d87,test_external_seen_family/real/cf_test_external_seen_family_real_20fe490cadd56d87_00019024.jpeg.jpg,0,test_external_seen_family,community-forensics-eval,real:LAION,test,test_external_seen_family,LAION,FLUX-schnell,,Commercial,not_applicable,86d70edd7255dfd21aae181f3001b33d02423a451f4b6bf771aa44ce8bb3f6d2,bf91c84e847a913e,20260828,7d4a74a88d2cac93b513c0853bf92c260eaceea0,data/CompEval-00138-of-00413.parquet,0,19,588,588,JPEG,34000
cf_test_external_seen_family_real_213bae629a2e4178,test_external_seen_family/real/cf_test_external_seen_family_real_213bae629a2e4178_000008105.tiff.tiff,0,test_external_seen_family,community-forensics-eval,real:RAISE,test,test_external_seen_family,RAISE,LCM_lora_ssd1b,,LatDiff,not_applicable,43710c8300f5fa603a9bae924bc5ee7ea7642f7338c2ed162296bd0fa3d27249,84195b657c5a6766,20260828,7d4a74a88d2cac93b513c0853bf92c260eaceea0,data/CompEval-00402-of-00413.parquet,3,17,4928,3264,TIFF,22988752
cf_test_external_seen_family_real_2181ade2bb2fff0a,test_external_seen_family/real/cf_test_external_seen_family_real_2181ade2bb2fff0a_000000191025.jpg.jpg,0,test_external_seen_family,community-forensics-eval,real:COCO,test,test_external_seen_family,COCO,DFGAN,,GAN,not_applicable,c765a7909a1d842ad4ee80c44ec473b5258fbb74148dd6f7794b67ed3757d252,d34bc4387ce4139e,20260828,7d4a74a88d2cac93b513c0853bf92c260eaceea0,data/CompEval-00357-of-00413.parquet,0,18,640,427,JPEG,102040
cf_test_external_seen_family_real_21a7dfea0486377e,test_external_seen_family/real/cf_test_external_seen_family_real_21a7dfea0486377e_000000033453.jpg.jpg,0,test_external_seen_family,community-forensics-eval,real:COCO,test,test_external_seen_family,COCO,DFGAN,,GAN,not_applicable,d974607e7b611228696f7d4ad19856031137114f0d40fb5ffa8d36484438458f,f3040bb1c6e9b34e,20260828,7d4a74a88d2cac93b513c0853bf92c260eaceea0,data/CompEval-00356-of-00413.parquet,2,9,640,482,JPEG,54471
cf_test_external_seen_family_real_21d03d3ff3b6d9b4,test_external_seen_family/real/cf_test_external_seen_family_real_21d03d3ff3b6d9b4_03537.png.png,0,test_external_seen_family,community-forensics-eval,real:FFHQ,test,test_external_seen_family,FFHQ,Hourglass,,PixDiff,not_applicable,ac66d9784b681c8a48838069df3d195c0f6149b9b068de77653d8fdd3063f074,ea9585d602fb85d8,20260828,7d4a74a88d2cac93b513c0853bf92c260eaceea0,data/CompEval-00277-of-00413.parquet,0,8,1024,1024,PNG,1082144
cf_test_external_seen_family_real_21ebc20e19c53c1d,test_external_seen_family/real/cf_test_external_seen_family_real_21ebc20e19c53c1d_02845.png.png,0,test_external_seen_family,community-forensics-eval,real:FFHQ,test,test_external_seen_family,FFHQ,Hourglass,,PixDiff,not_applicable,2bb0fb7cea56960deb80c3429ca7ffbcd7c9ca85a499ef8490350dba096e4ba1,e50bfc3058b58bcc,20260828,7d4a74a88d2cac93b513c0853bf92c260eaceea0,data/CompEval-00107-of-00413.parquet,3,21,1024,1024,PNG,1426848
cf_test_external_seen_family_real_21fc703f1b6fd640,test_external_seen_family/real/cf_test_external_seen_family_real_21fc703f1b6fd640_62015.png.png,0,test_external_seen_family,community-forensics-eval,real:FFHQ,test,test_external_seen_family,FFHQ,Hourglass,,PixDiff,not_applicable,cc8b0f590d45b2d74ed4c79faed971bd760a50fd59c54e2ef34d71853e557e05,de6d389263c8879c,20260828,7d4a74a88d2cac93b513c0853bf92c260eaceea0,data/CompEval-00276-of-00413.parquet,4,4,1024,1024,PNG,1225039
cf_test_external_seen_family_real_22200fbfb1b9323c,test_external_seen_family/real/cf_test_external_seen_family_real_22200fbfb1b9323c_00056490.jpeg.jpg,0,test_external_seen_family,community-forensics-eval,real:LAION,test,test_external_seen_family,LAION,Dalle2,,Commercial,not_applicable,3a57c91b0be22c68b247337bc830e354b4df93b8751a3c8f5a9c2bd6c100aa16,b9e2c784b8191be3,20260828,7d4a74a88d2cac93b513c0853bf92c260eaceea0,data/CompEval-00343-of-00413.parquet,2,8,400,267,JPEG,42293
cf_test_external_seen_family_real_22249d941d08013d,test_external_seen_family/real/cf_test_external_seen_family_real_22249d941d08013d_000005895.tiff.tiff,0,test_external_seen_family,community-forensics-eval,real:RAISE,test,test_external_seen_family,RAISE,kvikontent_midjourney_v6,,LatDiff,not_applicable,b5569e29875f051f144012d87508e4beba14ae0622ed2870e2ba58888dd9ad38,9fa1cd50d4ad2ad4,20260828,7d4a74a88d2cac93b513c0853bf92c260eaceea0,data/CompEval-00219-of-00413.parquet,1,18,4928,3264,TIFF,24452550
cf_test_external_seen_family_real_2276e8834ac49007,test_external_seen_family/real/cf_test_external_seen_family_real_2276e8834ac49007_000006200.tiff.tiff,0,test_external_seen_family,community-forensics-eval,real:RAISE,test,test_external_seen_family,RAISE,kvikontent_midjourney_v6,,LatDiff,not_applicable,314e340828f50b3460962eb88c7e87ca5c33fd1693fcb056fb8004f520c47978,a3c0f7dd0f5e08e0,20260828,7d4a74a88d2cac93b513c0853bf92c260eaceea0,data/CompEval-00089-of-00413.parquet,0,23,4928,3264,TIFF,26864202
cf_test_external_seen_family_real_227bfe44147a41e0,test_external_seen_family/real/cf_test_external_seen_family_real_227bfe44147a41e0_00021688.jpeg.jpg,0,test_external_seen_family,community-forensics-eval,real:LAION,test,test_external_seen_family,LAION,MidjourneyV6_1,,Commercial,not_applicable,01fb54663a7bfc0d891ad694acd426411a265b89f1b53f53f559e827ea06ceea,cad3f336ac9c9888,20260828,7d4a74a88d2cac93b513c0853bf92c260eaceea0,data/CompEval-00008-of-00413.parquet,3,0,324,600,JPEG,52655
cf_test_external_seen_family_real_2296456891bd4502,test_external_seen_family/real/cf_test_external_seen_family_real_2296456891bd4502_000000070633.jpg.jpg,0,test_external_seen_family,community-forensics-eval,real:COCO,test,test_external_seen_family,COCO,DFGAN,,GAN,not_applicable,fdebcc0ae1fa4d17add6ade2ac569c1b6b89ee576220400fa1408ce6677106b5,eba09fd42b295493,20260828,7d4a74a88d2cac93b513c0853bf92c260eaceea0,data/CompEval-00355-of-00413.parquet,1,2,360,640,JPEG,28277
cf_test_external_seen_family_real_22f5b7adc11d1c42,test_external_seen_family/real/cf_test_external_seen_family_real_22f5b7adc11d1c42_00003258.jpeg.jpg,0,test_external_seen_family,community-forensics-eval,real:LAION,test,test_external_seen_family,LAION,MidjourneyV6_1,,Commercial,not_applicable,5a70ec82b61466df9c2a4ca4a0e1c129e601d5ce41cc1be534fdb9cb13920a1c,eeea814595359996,20260828,7d4a74a88d2cac93b513c0853bf92c260eaceea0,data/CompEval-00013-of-00413.parquet,3,8,262,276,JPEG,9068
cf_test_external_seen_family_real_232b1c143a0533be,test_external_seen_family/real/cf_test_external_seen_family_real_232b1c143a0533be_44135.png.png,0,test_external_seen_family,community-forensics-eval,real:FFHQ,test,test_external_seen_family,FFHQ,Hourglass,,PixDiff,not_applicable,10aeaeed57dc9b094d5304f7d7fb53e8ecaeea39f75dc8cc655458d4e174781c,aa7174f3d2484b4d,20260828,7d4a74a88d2cac93b513c0853bf92c260eaceea0,data/CompEval-00277-of-00413.parquet,3,20,1024,1024,PNG,1413598
cf_test_external_seen_family_real_2335df710c85350d,test_external_seen_family/real/cf_test_external_seen_family_real_2335df710c85350d_00033995.jpeg.jpg,0,test_external_seen_family,community-forensics-eval,real:LAION,test,test_external_seen_family,LAION,MidjourneyV5_2,,Commercial,not_applicable,9960f8fccf696e3cf8c74609a009f98afbe28ab8d3e0c4c0d557dc2e15905052,ecb3434c396e32c3,20260828,7d4a74a88d2cac93b513c0853bf92c260eaceea0,data/CompEval-00368-of-00413.parquet,0,3,480,360,JPEG,24763
cf_test_external_seen_family_real_2355410307dbb89e,test_external_seen_family/real/cf_test_external_seen_family_real_2355410307dbb89e_000000401349.jpg.jpg,0,test_external_seen_family,community-forensics-eval,real:COCO,test,test_external_seen_family,COCO,DFGAN,,GAN,not_applicable,260292d0174d3139740ae729095cb44692448d233c0ef5c48f34e2d194d51eb3,aa60c4843927ff5b,20260828,7d4a74a88d2cac93b513c0853bf92c260eaceea0,data/CompEval-00354-of-00413.parquet,4,1,640,425,JPEG,33958
cf_test_external_seen_family_real_23de5ee1b0651907,test_external_seen_family/real/cf_test_external_seen_family_real_23de5ee1b0651907_53033.png.png,0,test_external_seen_family,community-forensics-eval,real:FFHQ,test,test_external_seen_family,FFHQ,Hourglass,,PixDiff,not_applicable,282471ded3fd867e97b747043c17aef59b9218d418c8add1efb4f4fe59bd94cc,ef2d2430a10fc2df,20260828,7d4a74a88d2cac93b513c0853bf92c260eaceea0,data/CompEval-00277-of-00413.parquet,2,7,1024,1024,PNG,1590577
cf_test_external_seen_family_real_23e7074625d33ddb,test_external_seen_family/real/cf_test_external_seen_family_real_23e7074625d33ddb_10291.png.png,0,test_external_seen_family,community-forensics-eval,real:FFHQ,test,test_external_seen_family,FFHQ,Hourglass,,PixDiff,not_applicable,26e821c5a77ea0eb7cfc57d53f71246b61bbfd3fb217e66d3b18d7ae0502d7b6,cfe4ad90bd89848e,20260828,7d4a74a88d2cac93b513c0853bf92c260eaceea0,data/CompEval-00277-of-00413.parquet,1,8,1024,1024,PNG,1385827
cf_test_external_seen_family_real_240dc915afe7ea05,test_external_seen_family/real/cf_test_external_seen_family_real_240dc915afe7ea05_63098.png.png,0,test_external_seen_family,community-forensics-eval,real:FFHQ,test,test_external_seen_family,FFHQ,Hourglass,,PixDiff,not_applicable,7f8e6147735eaf9e27ee35e7a8d737c2e0718d7ee2633ea5b0e95f0891ffa32e,aff6e0c2091e919b,20260828,7d4a74a88d2cac93b513c0853bf92c260eaceea0,data/CompEval-00105-of-00413.parquet,2,9,1024,1024,PNG,1205971
cf_test_external_seen_family_real_24705e3474a7ade5,test_external_seen_family/real/cf_test_external_seen_family_real_24705e3474a7ade5_00022013.jpeg.jpg,0,test_external_seen_family,community-forensics-eval,real:LAION,test,test_external_seen_family,LAION,Dalle2,,Commercial,not_applicable,57548fe7f2535bec3919ab817bd7fd3ff178f6d20c738fcb305e5d9fc52b738f,96b5c469e3e6690a,20260828,7d4a74a88d2cac93b513c0853bf92c260eaceea0,data/CompEval-00346-of-00413.parquet,0,21,400,267,JPEG,23134
cf_test_external_seen_family_real_24beb46b598114ea,test_external_seen_family/real/cf_test_external_seen_family_real_24beb46b598114ea_56719.png.png,0,test_external_seen_family,community-forensics-eval,real:FFHQ,test,test_external_seen_family,FFHQ,Hourglass,,PixDiff,not_applicable,282e83e681417c5f2c6d11ee3b2330363e9967cff4b112f52cda71f0930258fa,d3fefd202025e383,20260828,7d4a74a88d2cac93b513c0853bf92c260eaceea0,data/CompEval-00107-of-00413.parquet,2,7,1024,1024,PNG,1286520
cf_test_external_seen_family_real_25280c198d5581ad,test_external_seen_family/real/cf_test_external_seen_family_real_25280c198d5581ad_000007070.tiff.tiff,0,test_external_seen_family,community-forensics-eval,real:RAISE,test,test_external_seen_family,RAISE,LCM_lora_sdxl,,LatDiff,not_applicable,601ce0212c15f1947859c9a14d6b83148cd175c97ee85cd585c0aecae41366f9,d5d5a54531b16d89,20260828,7d4a74a88d2cac93b513c0853bf92c260eaceea0,data/CompEval-00374-of-00413.parquet,2,0,4928,3264,TIFF,24628818
cf_test_external_seen_family_real_253698650d5269e5,test_external_seen_family/real/cf_test_external_seen_family_real_253698650d5269e5_000000405946.jpg.jpg,0,test_external_seen_family,community-forensics-eval,real:COCO,test,test_external_seen_family,COCO,DFGAN,,GAN,not_applicable,b17d02e1969ad012eac7735a0d45607ec7976d3416ef36c2e51b68bebbddb580,86a9b1c67963d668,20260828,7d4a74a88d2cac93b513c0853bf92c260eaceea0,data/CompEval-00351-of-00413.parquet,4,23,640,427,JPEG,78542
cf_test_external_seen_family_real_2566bca49e406373,test_external_seen_family/real/cf_test_external_seen_family_real_2566bca49e406373_000000335777.jpg.jpg,0,test_external_seen_family,community-forensics-eval,real:COCO,test,test_external_seen_family,COCO,DFGAN,,GAN,not_applicable,86ba6358f74693ab932dd33e70303750eab11c9599203f5244173d56fe3193e3,b7f8e2491db53c02,20260828,7d4a74a88d2cac93b513c0853bf92c260eaceea0,data/CompEval-00354-of-00413.parquet,1,24,480,640,JPEG,47758
cf_test_external_seen_family_real_25a8836ff9914778,test_external_seen_family/real/cf_test_external_seen_family_real_25a8836ff9914778_00054699.jpeg.jpg,0,test_external_seen_family,community-forensics-eval,real:LAION,test,test_external_seen_family,LAION,FLUX-schnell,,Commercial,not_applicable,201ecbd5eea9426785c009ca68973a5c00799379a623bd531a106aab920df2c6,93d3e80c973ee42a,20260828,7d4a74a88d2cac93b513c0853bf92c260eaceea0,data/CompEval-00187-of-00413.parquet,1,4,424,360,JPEG,27999
cf_test_external_seen_family_real_25c1af713e07d9e0,test_external_seen_family/real/cf_test_external_seen_family_real_25c1af713e07d9e0_00040115.jpeg.jpg,0,test_external_seen_family,community-forensics-eval,real:LAION,test,test_external_seen_family,LAION,Imagen3,,Commercial,not_applicable,11b4e8a86a80b7c4aec7901da5732afcb1f001be8126a7beba498b3dc0cf155c,d0c92f1679f8460f,20260828,7d4a74a88d2cac93b513c0853bf92c260eaceea0,data/CompEval-00237-of-00413.parquet,4,13,270,270,JPEG,11297
cf_test_external_seen_family_real_26b08765635912ea,test_external_seen_family/real/cf_test_external_seen_family_real_26b08765635912ea_50919.png.png,0,test_external_seen_family,community-forensics-eval,real:FFHQ,test,test_external_seen_family,FFHQ,Hourglass,,PixDiff,not_applicable,73b0a1ec28b6bef6cb32a5c2268f7cfae6fd6770655be1c9fe53108264fa1249,b0a8e585c687da8f,20260828,7d4a74a88d2cac93b513c0853bf92c260eaceea0,data/CompEval-00107-of-00413.parquet,1,0,1024,1024,PNG,1316151
cf_test_external_seen_family_real_2712a07197ad19ed,test_external_seen_family/real/cf_test_external_seen_family_real_2712a07197ad19ed_55184.png.png,0,test_external_seen_family,community-forensics-eval,real:FFHQ,test,test_external_seen_family,FFHQ,Hourglass,,PixDiff,not_applicable,b068521d711338b9a98a1f36ea4d2969feadd34f6ae1ab1a0e27b141b1c972fa,8f8c3caf702c37c8,20260828,7d4a74a88d2cac93b513c0853bf92c260eaceea0,data/CompEval-00104-of-00413.parquet,1,20,1024,1024,PNG,1254684
cf_test_external_seen_family_real_272103d5600b3733,test_external_seen_family/real/cf_test_external_seen_family_real_272103d5600b3733_000003714.tiff.tiff,0,test_external_seen_family,community-forensics-eval,real:RAISE,test,test_external_seen_family,RAISE,DeciDiffusionV2,,LatDiff,not_applicable,f0f3f7302321ebc150dd3470d9042ac5da1cb6c03b03b03ceca181bb86b8275a,925f5176c64a2acb,20260828,7d4a74a88d2cac93b513c0853bf92c260eaceea0,data/CompEval-00323-of-00413.parquet,4,21,4288,2848,TIFF,22357254
cf_test_external_seen_family_real_2797a3a368a98092,test_external_seen_family/real/cf_test_external_seen_family_real_2797a3a368a98092_000000404774.jpg.jpg,0,test_external_seen_family,community-forensics-eval,real:COCO,test,test_external_seen_family,COCO,DFGAN,,GAN,not_applicable,b56eef4aa0689ec21c290ea27171dabd663ac093e040aa480d610e8dfc9ba6e7,be7013cf71894c5c,20260828,7d4a74a88d2cac93b513c0853bf92c260eaceea0,data/CompEval-00351-of-00413.parquet,0,16,480,640,JPEG,59421
cf_test_external_seen_family_real_27bb451e2b1a4c1e,test_external_seen_family/real/cf_test_external_seen_family_real_27bb451e2b1a4c1e_46234.png.png,0,test_external_seen_family,community-forensics-eval,real:FFHQ,test,test_external_seen_family,FFHQ,Hourglass,,PixDiff,not_applicable,b54182bb9fad3cdd0969c3d5cd2c83a90333af245029f2af28615593f5b2398c,bfd0d0e453ec8a8a,20260828,7d4a74a88d2cac93b513c0853bf92c260eaceea0,data/CompEval-00110-of-00413.parquet,1,18,1024,1024,PNG,1546221
cf_test_external_seen_family_real_27c780d5bb975c9a,test_external_seen_family/real/cf_test_external_seen_family_real_27c780d5bb975c9a_06497.png.png,0,test_external_seen_family,community-forensics-eval,real:FFHQ,test,test_external_seen_family,FFHQ,Hourglass,,PixDiff,not_applicable,a5e7cf8fd923cffdefcb05bac88da0bf81621dc9893e97c5af83ff1046cece03,85b672997189cbcc,20260828,7d4a74a88d2cac93b513c0853bf92c260eaceea0,data/CompEval-00104-of-00413.parquet,1,15,1024,1024,PNG,1232747
cf_test_external_seen_family_real_27d54f9d82a5576c,test_external_seen_family/real/cf_test_external_seen_family_real_27d54f9d82a5576c_000000377288.jpg.jpg,0,test_external_seen_family,community-forensics-eval,real:COCO,test,test_external_seen_family,COCO,DFGAN,,GAN,not_applicable,b1fd2e64567624138786085166ee2890ff6966afa00d5b647245b0f7bb302fad,d1f72fc2340bc23c,20260828,7d4a74a88d2cac93b513c0853bf92c260eaceea0,data/CompEval-00354-of-00413.parquet,4,9,400,500,JPEG,13954
cf_test_external_seen_family_real_27fe9ee90ed3cc0c,test_external_seen_family/real/cf_test_external_seen_family_real_27fe9ee90ed3cc0c_18609.png.png,0,test_external_seen_family,community-forensics-eval,real:FFHQ,test,test_external_seen_family,FFHQ,Hourglass,,PixDiff,not_applicable,18392fba0aac56e080b89e180902c9d2b3f402b6208e8a98e58dce5962cad0e5,e944e1f2a1b1c793,20260828,7d4a74a88d2cac93b513c0853bf92c260eaceea0,data/CompEval-00108-of-00413.parquet,3,16,1024,1024,PNG,1163481
cf_test_external_seen_family_real_282112b473a34eb3,test_external_seen_family/real/cf_test_external_seen_family_real_282112b473a34eb3_000007542.tiff.tiff,0,test_external_seen_family,community-forensics-eval,real:RAISE,test,test_external_seen_family,RAISE,LCM_lora_ssd1b,,LatDiff,not_applicable,22b29e1c3735a02dbea5ae796c51bf2f2c970566bc565f2813684a023e6ffd40,f9f5c49946cc31c2,20260828,7d4a74a88d2cac93b513c0853bf92c260eaceea0,data/CompEval-00403-of-00413.parquet,4,24,3264,4928,TIFF,29314360
cf_test_external_seen_family_real_282d2ed70b48635b,test_external_seen_family/real/cf_test_external_seen_family_real_282d2ed70b48635b_11543.png.png,0,test_external_seen_family,community-forensics-eval,real:FFHQ,test,test_external_seen_family,FFHQ,Hourglass,,PixDiff,not_applicable,cc12eea4ed0b60b0d99f6210a8339232f033d0a48aaff87a13d38f322f92de85,8bf464c2761ad999,20260828,7d4a74a88d2cac93b513c0853bf92c260eaceea0,data/CompEval-00107-of-00413.parquet,4,19,1024,1024,PNG,1311447
cf_test_external_seen_family_real_28402ad7ffb38aac,test_external_seen_family/real/cf_test_external_seen_family_real_28402ad7ffb38aac_000007160.tiff.tiff,0,test_external_seen_family,community-forensics-eval,real:RAISE,test,test_external_seen_family,RAISE,LCM_lora_sdxl,,LatDiff,not_applicable,ebb2faf54d239a95eda01250ad17e266409cde6027ef774159610b07a58cd3bb,f422d19405ab5abf,20260828,7d4a74a88d2cac93b513c0853bf92c260eaceea0,data/CompEval-00380-of-00413.parquet,1,13,4928,3264,TIFF,30608536
cf_test_external_seen_family_real_28e269d7cf16b17b,test_external_seen_family/real/cf_test_external_seen_family_real_28e269d7cf16b17b_00024125.jpeg.jpg,0,test_external_seen_family,community-forensics-eval,real:LAION,test,test_external_seen_family,LAION,Firefly_Image2,,Commercial,not_applicable,c38105408248ff5e76e79f30317ddae3f672e8a4317c4123f5655786e368bde1,9e2ac9e172dae4e0,20260828,7d4a74a88d2cac93b513c0853bf92c260eaceea0,data/CompEval-00035-of-00413.parquet,2,16,601,514,JPEG,66245
cf_test_external_seen_family_real_2900d28ce613a5cd,test_external_seen_family/real/cf_test_external_seen_family_real_2900d28ce613a5cd_68173.png.png,0,test_external_seen_family,community-forensics-eval,real:FFHQ,test,test_external_seen_family,FFHQ,Hourglass,,PixDiff,not_applicable,d778af2188fb93b8c5f02281052791e6e1937a7dc48230e93fcd373f85263ea4,f868a7c38629749e,20260828,7d4a74a88d2cac93b513c0853bf92c260eaceea0,data/CompEval-00278-of-00413.parquet,0,15,1024,1024,PNG,1335391
cf_test_external_seen_family_real_29593ebd5bd04fd1,test_external_seen_family/real/cf_test_external_seen_family_real_29593ebd5bd04fd1_20657.png.png,0,test_external_seen_family,community-forensics-eval,real:FFHQ,test,test_external_seen_family,FFHQ,Hourglass,,PixDiff,not_applicable,7ee9bc30a261cfa22d6d69b223f55ff8f15dd683424dbd4bbbdd6d1d4b32056f,ab8c6afd144b9f20,20260828,7d4a74a88d2cac93b513c0853bf92c260eaceea0,data/CompEval-00108-of-00413.parquet,1,18,1024,1024,PNG,1383049
cf_test_external_seen_family_real_2988b552e2fc732f,test_external_seen_family/real/cf_test_external_seen_family_real_2988b552e2fc732f_22089.png.png,0,test_external_seen_family,community-forensics-eval,real:FFHQ,test,test_external_seen_family,FFHQ,Hourglass,,PixDiff,not_applicable,bb70868bb6a19e9de407e914f635e8791ce9fce78300adc299f052cce01eb778,8f513c43e52bc68d,20260828,7d4a74a88d2cac93b513c0853bf92c260eaceea0,data/CompEval-00105-of-00413.parquet,2,21,1024,1024,PNG,1539581
cf_test_external_seen_family_real_298f212d62dbe48e,test_external_seen_family/real/cf_test_external_seen_family_real_298f212d62dbe48e_48980.png.png,0,test_external_seen_family,community-forensics-eval,real:FFHQ,test,test_external_seen_family,FFHQ,Hourglass,,PixDiff,not_applicable,ec40677bbb7d4e9506acf3bf47ade7446098de2ab84f34e004f1eac2a8e6f562,c1536ea13423cbdd,20260828,7d4a74a88d2cac93b513c0853bf92c260eaceea0,data/CompEval-00276-of-00413.parquet,4,12,1024,1024,PNG,1560462
cf_test_external_seen_family_real_2a544aec7b8b88c9,test_external_seen_family/real/cf_test_external_seen_family_real_2a544aec7b8b88c9_000004455.tiff.tiff,0,test_external_seen_family,community-forensics-eval,real:RAISE,test,test_external_seen_family,RAISE,stable_cascade,,Other,not_applicable,16b369e2de16bd7076e15b1534cceb7171222a03b9a12f5260f206d696a894fd,d7886217e98abc0f,20260828,7d4a74a88d2cac93b513c0853bf92c260eaceea0,data/CompEval-00257-of-00413.parquet,2,21,3264,4928,TIFF,17594132
cf_test_external_seen_family_real_2a73c04504077db3,test_external_seen_family/real/cf_test_external_seen_family_real_2a73c04504077db3_000000181202.jpg.jpg,0,test_external_seen_family,community-forensics-eval,real:COCO,test,test_external_seen_family,COCO,DFGAN,,GAN,not_applicable,75ff4bf3fd5f562baaf2ddecf578e6f977fbd35aac9f3c4be5efc64a2b00aac0,9a2bac36a525b2d6,20260828,7d4a74a88d2cac93b513c0853bf92c260eaceea0,data/CompEval-00350-of-00413.parquet,1,15,640,426,JPEG,77768
cf_test_external_seen_family_real_2a7c9a2038930e00,test_external_seen_family/real/cf_test_external_seen_family_real_2a7c9a2038930e00_000000134464.jpg.jpg,0,test_external_seen_family,community-forensics-eval,real:COCO,test,test_external_seen_family,COCO,DFGAN,,GAN,not_applicable,2d90c6e3b572f8cf47cfe606dcc7cb7d48d69fd59907619eaaa2cc07a90ac4d6,a10bbaa68cb9a717,20260828,7d4a74a88d2cac93b513c0853bf92c260eaceea0,data/CompEval-00357-of-00413.parquet,2,4,640,494,JPEG,97545
cf_test_external_seen_family_real_2ae0e13b3827f54d,test_external_seen_family/real/cf_test_external_seen_family_real_2ae0e13b3827f54d_000000522641.jpg.jpg,0,test_external_seen_family,community-forensics-eval,real:COCO,test,test_external_seen_family,COCO,DFGAN,,GAN,not_applicable,71c261e85b3ae168b38b3c41062f8ef78341178b991623d672a49c747d9046ab,cc33e649b30c7387,20260828,7d4a74a88d2cac93b513c0853bf92c260eaceea0,data/CompEval-00349-of-00413.parquet,4,22,280,500,JPEG,13893
cf_test_external_seen_family_real_2b4432234e6f6453,test_external_seen_family/real/cf_test_external_seen_family_real_2b4432234e6f6453_00021951.jpeg.jpg,0,test_external_seen_family,community-forensics-eval,real:LAION,test,test_external_seen_family,LAION,MidjourneyV6_1,,Commercial,not_applicable,a1c0a535e8ff2cd3f74753dc0f26599599c5e036af879fe9402e69d75cf0138f,a58707f45ad95919,20260828,7d4a74a88d2cac93b513c0853bf92c260eaceea0,data/CompEval-00010-of-00413.parquet,4,2,350,350,JPEG,17983
cf_test_external_seen_family_real_2bc4227f88b5ebb3,test_external_seen_family/real/cf_test_external_seen_family_real_2bc4227f88b5ebb3_00048537.jpeg.jpg,0,test_external_seen_family,community-forensics-eval,real:LAION,test,test_external_seen_family,LAION,Firefly_Image2,,Commercial,not_applicable,8e142ef60b10541e891e7f5167ca75880fdf7fd818c857a7f8322165ec971a59,e51319fc4adc9c4a,20260828,7d4a74a88d2cac93b513c0853bf92c260eaceea0,data/CompEval-00177-of-00413.parquet,2,13,604,315,JPEG,35309
cf_test_external_seen_family_real_2bc7eb33b280c8fa,test_external_seen_family/real/cf_test_external_seen_family_real_2bc7eb33b280c8fa_000007232.tiff.tiff,0,test_external_seen_family,community-forensics-eval,real:RAISE,test,test_external_seen_family,RAISE,LCM_lora_sdxl,,LatDiff,not_applicable,458c2e27d30b19e8cbff0358a586aff3d3be8fb95499d9f13feb3eb73b61fb65,c57e0317f489326b,20260828,7d4a74a88d2cac93b513c0853bf92c260eaceea0,data/CompEval-00380-of-00413.parquet,4,8,4928,3264,TIFF,26748560
cf_test_external_seen_family_real_2c48aa824912969f,test_external_seen_family/real/cf_test_external_seen_family_real_2c48aa824912969f_000000366483.jpg.jpg,0,test_external_seen_family,community-forensics-eval,real:COCO,test,test_external_seen_family,COCO,DFGAN,,GAN,not_applicable,c1fcd3360c4428480fa63b530f5b837584c6695281d7332ba98030b9dba4c11d,96b47068666c5bf1,20260828,7d4a74a88d2cac93b513c0853bf92c260eaceea0,data/CompEval-00351-of-00413.parquet,4,0,640,480,JPEG,68342
cf_test_external_seen_family_real_2d06d76d8c8237b2,test_external_seen_family/real/cf_test_external_seen_family_real_2d06d76d8c8237b2_000006522.tiff.tiff,0,test_external_seen_family,community-forensics-eval,real:RAISE,test,test_external_seen_family,RAISE,LCM_lora_sdv15,,LatDiff,not_applicable,e7e81d5e0c59ce085ef9ab826374740a51989869b4904d838ab4483b9bfb841a,81983e64bb9364db,20260828,7d4a74a88d2cac93b513c0853bf92c260eaceea0,data/CompEval-00359-of-00413.parquet,3,16,4928,3264,TIFF,23308718
cf_test_external_seen_family_real_2d1e575e2ec1fb41,test_external_seen_family/real/cf_test_external_seen_family_real_2d1e575e2ec1fb41_00011628.jpeg.jpg,0,test_external_seen_family,community-forensics-eval,real:LAION,test,test_external_seen_family,LAION,Imagen3,,Commercial,not_applicable,3d3ba0c59ce3573d61ba5e7fee8743da4980de58bae4f920f4f82620fe372e5f,f99387c3ce1c9c12,20260828,7d4a74a88d2cac93b513c0853bf92c260eaceea0,data/CompEval-00172-of-00413.parquet,1,8,400,600,JPEG,39941
cf_test_external_seen_family_real_2d5fdb2967c6772b,test_external_seen_family/real/cf_test_external_seen_family_real_2d5fdb2967c6772b_000000293093.jpg.jpg,0,test_external_seen_family,community-forensics-eval,real:COCO,test,test_external_seen_family,COCO,DFGAN,,GAN,not_applicable,808047848dc95bd61f8ee269a8a19c7acca97721432766029193b5565842c596,fb2e9678d0c6d032,20260828,7d4a74a88d2cac93b513c0853bf92c260eaceea0,data/CompEval-00351-of-00413.parquet,4,20,371,500,JPEG,36807
cf_test_external_seen_family_real_2d8096c10c235d8f,test_external_seen_family/real/cf_test_external_seen_family_real_2d8096c10c235d8f_000006640.tiff.tiff,0,test_external_seen_family,community-forensics-eval,real:RAISE,test,test_external_seen_family,RAISE,kvikontent_midjourney_v6,,LatDiff,not_applicable,6f0218e77942c24c2e42dcf7e1ee0af0abef4ca137899d9f21b0ab8b322d73d0,a23bc061f9c3ed98,20260828,7d4a74a88d2cac93b513c0853bf92c260eaceea0,data/CompEval-00219-of-00413.parquet,2,5,4928,3264,TIFF,24183752
cf_test_external_seen_family_real_2ddb085df5bf5fc5,test_external_seen_family/real/cf_test_external_seen_family_real_2ddb085df5bf5fc5_000000423914.jpg.jpg,0,test_external_seen_family,community-forensics-eval,real:COCO,test,test_external_seen_family,COCO,DFGAN,,GAN,not_applicable,5679b3ad8301ed6ecf3826179b17de8af59550758c4781af2649ffcdfb5471fe,89b63a8ca423dfd8,20260828,7d4a74a88d2cac93b513c0853bf92c260eaceea0,data/CompEval-00353-of-00413.parquet,2,10,640,591,JPEG,66534
cf_test_external_seen_family_real_2e458057fe2ffbfd,test_external_seen_family/real/cf_test_external_seen_family_real_2e458057fe2ffbfd_11230.png.png,0,test_external_seen_family,community-forensics-eval,real:FFHQ,test,test_external_seen_family,FFHQ,Hourglass,,PixDiff,not_applicable,ef574b4219d3df27a1b2cb2f18486f7a7f88c11106622ba03662303253510c34,d5c54ad229692dcd,20260828,7d4a74a88d2cac93b513c0853bf92c260eaceea0,data/CompEval-00106-of-00413.parquet,2,23,1024,1024,PNG,1471906
cf_test_external_seen_family_real_2eadc5c4d7000876,test_external_seen_family/real/cf_test_external_seen_family_real_2eadc5c4d7000876_000000209340.jpg.jpg,0,test_external_seen_family,community-forensics-eval,real:COCO,test,test_external_seen_family,COCO,DFGAN,,GAN,not_applicable,31e5756c9bef3dd1281d52936fc6a2250aded257f714db77988ef845d6841416,c3e345ee8e33160e,20260828,7d4a74a88d2cac93b513c0853bf92c260eaceea0,data/CompEval-00356-of-00413.parquet,3,3,425,640,JPEG,42491
cf_test_external_seen_family_real_2fa2c9549353d2bd,test_external_seen_family/real/cf_test_external_seen_family_real_2fa2c9549353d2bd_000001269.tiff.tiff,0,test_external_seen_family,community-forensics-eval,real:RAISE,test,test_external_seen_family,RAISE,LCM_lora_sdv15,,LatDiff,not_applicable,31061e16984baf969927abbe61366c6780f056fdb12535055852fb00dcecfd51,cd963831f10ec63e,20260828,7d4a74a88d2cac93b513c0853bf92c260eaceea0,data/CompEval-00118-of-00413.parquet,3,4,3264,4928,TIFF,21391206
cf_test_external_seen_family_real_2ff7a01f55fdf453,test_external_seen_family/real/cf_test_external_seen_family_real_2ff7a01f55fdf453_000006045.tiff.tiff,0,test_external_seen_family,community-forensics-eval,real:RAISE,test,test_external_seen_family,RAISE,LCM_lora_sdxl,,LatDiff,not_applicable,7e67c11331df572c37a90608b6f3c150944fff85f3377dc427675d7b7935c98b,c69301cef03c8ff2,20260828,7d4a74a88d2cac93b513c0853bf92c260eaceea0,data/CompEval-00377-of-00413.parquet,2,18,4928,3264,TIFF,18023458
cf_test_external_seen_family_real_2ffc0666d472f198,test_external_seen_family/real/cf_test_external_seen_family_real_2ffc0666d472f198_000007332.tiff.tiff,0,test_external_seen_family,community-forensics-eval,real:RAISE,test,test_external_seen_family,RAISE,stable_cascade,,Other,not_applicable,fd9a7a0c7c40c3c902d684af577ed545551f965ccbc7a90679d3db15281e6f3e,d4062faeac85379a,20260828,7d4a74a88d2cac93b513c0853bf92c260eaceea0,data/CompEval-00258-of-00413.parquet,4,13,4928,3264,TIFF,29457038
cf_test_external_seen_family_real_2ffee1a1c0190f22,test_external_seen_family/real/cf_test_external_seen_family_real_2ffee1a1c0190f22_00042043.jpeg.jpg,0,test_external_seen_family,community-forensics-eval,real:LAION,test,test_external_seen_family,LAION,Imagen3,,Commercial,not_applicable,c3cfb11f314ddb748071cf96e23eb2035a9d02b92caa3fcc74459bbbadfc0118,a48fbf24ceaa70c2,20260828,7d4a74a88d2cac93b513c0853bf92c260eaceea0,data/CompEval-00169-of-00413.parquet,2,24,510,387,JPEG,29894
cf_test_external_seen_family_real_3079106f64e9da7c,test_external_seen_family/real/cf_test_external_seen_family_real_3079106f64e9da7c_06989.png.png,0,test_external_seen_family,community-forensics-eval,real:FFHQ,test,test_external_seen_family,FFHQ,Hourglass,,PixDiff,not_applicable,9662f9d5225564abad45f020a963c889e5976a699c3ef1118bd6831f08f7a397,e0ffa7a8bc949091,20260828,7d4a74a88d2cac93b513c0853bf92c260eaceea0,data/CompEval-00108-of-00413.parquet,0,23,1024,1024,PNG,1337372
cf_test_external_seen_family_real_30ace4d6e659fb6c,test_external_seen_family/real/cf_test_external_seen_family_real_30ace4d6e659fb6c_000008082.tiff.tiff,0,test_external_seen_family,community-forensics-eval,real:RAISE,test,test_external_seen_family,RAISE,DeciDiffusionV2,,LatDiff,not_applicable,d7d0f68b265f7a94fa03eede4bdbe1b7890220fb9f4ffd1f1945896946d9c70e,ceaec5b5b5189292,20260828,7d4a74a88d2cac93b513c0853bf92c260eaceea0,data/CompEval-00323-of-00413.parquet,0,19,3264,4928,TIFF,29195492
cf_test_external_seen_family_real_313c8819d4f5b8e3,test_external_seen_family/real/cf_test_external_seen_family_real_313c8819d4f5b8e3_000008000.tiff.tiff,0,test_external_seen_family,community-forensics-eval,real:RAISE,test,test_external_seen_family,RAISE,GALIP,,GAN,not_applicable,51a1c1cd72e3b8b7831698152290b9aae297745de942201504bdfa3c4f743578,d59ce1f470b2ea88,20260828,7d4a74a88d2cac93b513c0853bf92c260eaceea0,data/CompEval-00044-of-00413.parquet,2,17,4928,3264,TIFF,21982828
cf_test_external_seen_family_real_31562a598d97bccb,test_external_seen_family/real/cf_test_external_seen_family_real_31562a598d97bccb_000000405537.jpg.jpg,0,test_external_seen_family,community-forensics-eval,real:COCO,test,test_external_seen_family,COCO,DFGAN,,GAN,not_applicable,ce54a5da09c84d59ec9715b6a7bff633cf5905b23cf16fac476fd58d78b90d52,9e00b5fd5248e379,20260828,7d4a74a88d2cac93b513c0853bf92c260eaceea0,data/CompEval-00351-of-00413.parquet,4,16,640,480,JPEG,38335
cf_test_external_seen_family_real_317131cfed134ab6,test_external_seen_family/real/cf_test_external_seen_family_real_317131cfed134ab6_00011577.jpeg.jpg,0,test_external_seen_family,community-forensics-eval,real:LAION,test,test_external_seen_family,LAION,Imagen3,,Commercial,not_applicable,c7aad347116a8f743a465648b531e25031f3acc222314e741dacaa61e8cf3fa4,ae2a012e1de0eff1,20260828,7d4a74a88d2cac93b513c0853bf92c260eaceea0,data/CompEval-00173-of-00413.parquet,2,18,346,260,JPEG,24106
cf_test_external_seen_family_real_3180a81ae627922b,test_external_seen_family/real/cf_test_external_seen_family_real_3180a81ae627922b_00047748.jpeg.jpg,0,test_external_seen_family,community-forensics-eval,real:LAION,test,test_external_seen_family,LAION,MidjourneyV6_1,,Commercial,not_applicable,c48db2d684ba7ae7d679fcb8fd05c2147dcfd4ddb2a43c957a483cdd61ec5cc6,de9b6074c6d1c1d2,20260828,7d4a74a88d2cac93b513c0853bf92c260eaceea0,data/CompEval-00393-of-00413.parquet,2,5,600,400,JPEG,57567
cf_test_external_seen_family_real_31bd47d3106e783c,test_external_seen_family/real/cf_test_external_seen_family_real_31bd47d3106e783c_000000131707.jpg.jpg,0,test_external_seen_family,community-forensics-eval,real:COCO,test,test_external_seen_family,COCO,DFGAN,,GAN,not_applicable,0db4b4f1b4512cedd95c74fd8f3ad20a5e8e98d14e9919f6460a64e43243f1cc,b91e066d9b34d472,20260828,7d4a74a88d2cac93b513c0853bf92c260eaceea0,data/CompEval-00357-of-00413.parquet,0,4,640,426,JPEG,41636
cf_test_external_seen_family_real_31f6d974a7f60ad3,test_external_seen_family/real/cf_test_external_seen_family_real_31f6d974a7f60ad3_00058551.webp.webp,0,test_external_seen_family,community-forensics-eval,real:LAION,test,test_external_seen_family,LAION,Dalle3,,Commercial,not_applicable,b2ac1bcd2b12b63a3e882d1299200d1e35bc121e7fa23c5931871cf5930291c2,fae88517d6a068f8,20260828,7d4a74a88d2cac93b513c0853bf92c260eaceea0,data/CompEval-00103-of-00413.parquet,3,5,500,500,WEBP,6200
cf_test_external_seen_family_real_322f4f64db41e3a0,test_external_seen_family/real/cf_test_external_seen_family_real_322f4f64db41e3a0_000000569097.jpg.jpg,0,test_external_seen_family,community-forensics-eval,real:COCO,test,test_external_seen_family,COCO,DFGAN,,GAN,not_applicable,73471a3bb1cf537eeeb47dd3bbbbea163ebcdb60faa537e6c2a9593d2839d69e,da362ddb54a926c2,20260828,7d4a74a88d2cac93b513c0853bf92c260eaceea0,data/CompEval-00356-of-00413.parquet,2,21,640,426,JPEG,42787
cf_test_external_seen_family_real_323de4cbfb198ce9,test_external_seen_family/real/cf_test_external_seen_family_real_323de4cbfb198ce9_00043241.jpeg.jpg,0,test_external_seen_family,community-forensics-eval,real:LAION,test,test_external_seen_family,LAION,FLUX-dev,,Commercial,not_applicable,4c97b5a06fb06884baec992df6467794a3429432971556b50fb314cbe13cdbc6,bfea50aa30a24a9f,20260828,7d4a74a88d2cac93b513c0853bf92c260eaceea0,data/CompEval-00129-of-00413.parquet,3,22,960,720,JPEG,92148
cf_test_external_seen_family_real_32d862e24f99b035,test_external_seen_family/real/cf_test_external_seen_family_real_32d862e24f99b035_00049741.png.png,0,test_external_seen_family,community-forensics-eval,real:LAION,test,test_external_seen_family,LAION,Firefly_Image3,,Commercial,not_applicable,027e4f799df114987da4f92bbdef94e02e1cf8dbd364dc710b3bace45b8241dd,e43478c635ba5a53,20260828,7d4a74a88d2cac93b513c0853bf92c260eaceea0,data/CompEval-00199-of-00413.parquet,3,12,400,600,PNG,365908
cf_test_external_seen_family_real_32f20485eef8d285,test_external_seen_family/real/cf_test_external_seen_family_real_32f20485eef8d285_000000380107.jpg.jpg,0,test_external_seen_family,community-forensics-eval,real:COCO,test,test_external_seen_family,COCO,DFGAN,,GAN,not_applicable,aee3f64aa0390f4f4a25f375cebeadee40a2b36ea4e7646cc7ed2ebf7f82d9cb,8c7193cc98673ce9,20260828,7d4a74a88d2cac93b513c0853bf92c260eaceea0,data/CompEval-00352-of-00413.parquet,0,24,640,429,JPEG,33008
cf_test_external_seen_family_real_33038ef9ae531934,test_external_seen_family/real/cf_test_external_seen_family_real_33038ef9ae531934_000003952.tiff.tiff,0,test_external_seen_family,community-forensics-eval,real:RAISE,test,test_external_seen_family,RAISE,LCM_lora_sdxl,,LatDiff,not_applicable,750b237bc0ff2b2a52cc185129c1c99e495df10ea5a25892448c2b1f8e77f270,d3ae6cc216695ca5,20260828,7d4a74a88d2cac93b513c0853bf92c260eaceea0,data/CompEval-00376-of-00413.parquet,1,8,4288,2848,TIFF,18308626
cf_test_external_seen_family_real_33070c84897c1eee,test_external_seen_family/real/cf_test_external_seen_family_real_33070c84897c1eee_00034732.jpeg.jpg,0,test_external_seen_family,community-forensics-eval,real:LAION,test,test_external_seen_family,LAION,IdeogramV2,,Commercial,not_applicable,b5abf29e465ce9c1ef06ccc942b39829c6287c9c82500beb7d12998bc0986ce1,cc2e1bd1276e3326,20260828,7d4a74a88d2cac93b513c0853bf92c260eaceea0,data/CompEval-00150-of-00413.parquet,0,12,480,360,JPEG,17796
cf_test_external_seen_family_real_3330c290acce4f59,test_external_seen_family/real/cf_test_external_seen_family_real_3330c290acce4f59_000007421.tiff.tiff,0,test_external_seen_family,community-forensics-eval,real:RAISE,test,test_external_seen_family,RAISE,stable_cascade,,Other,not_applicable,1ab9f53364d600c30976bdf57ac49ec1a3c9f591baf8c38d9ec9a809ada9671d,97627cb035849e1f,20260828,7d4a74a88d2cac93b513c0853bf92c260eaceea0,data/CompEval-00261-of-00413.parquet,1,4,4928,3264,TIFF,20027920
cf_test_external_seen_family_real_334a2b446eb7e043,test_external_seen_family/real/cf_test_external_seen_family_real_334a2b446eb7e043_000000373759.jpg.jpg,0,test_external_seen_family,community-forensics-eval,real:COCO,test,test_external_seen_family,COCO,DFGAN,,GAN,not_applicable,96bf625ecd597f7c52f0a20b30f78422471e3ff0a3d7a070c49a5d62c432f07f,f5bcb0e43fc218e0,20260828,7d4a74a88d2cac93b513c0853bf92c260eaceea0,data/CompEval-00354-of-00413.parquet,1,13,375,500,JPEG,17426
cf_test_external_seen_family_real_33565bc544fc6b8f,test_external_seen_family/real/cf_test_external_seen_family_real_33565bc544fc6b8f_000005274.tiff.tiff,0,test_external_seen_family,community-forensics-eval,real:RAISE,test,test_external_seen_family,RAISE,LCM_lora_ssd1b,,LatDiff,not_applicable,51c57999089616af23c3a62f0555bf7fc1bad2247921b8efa4e25ef42dfe325d,fc5c43711c8c71da,20260828,7d4a74a88d2cac93b513c0853bf92c260eaceea0,data/CompEval-00397-of-00413.parquet,2,1,4928,3264,TIFF,14930390
cf_test_external_seen_family_real_337f780b562b2456,test_external_seen_family/real/cf_test_external_seen_family_real_337f780b562b2456_000003676.tiff.tiff,0,test_external_seen_family,community-forensics-eval,real:RAISE,test,test_external_seen_family,RAISE,stable_cascade,,Other,not_applicable,c5101962a727e4b1ed0b02f9c795601ccd584ab112f5cc767b5471c37b256f4d,9894b96d156ce8b6,20260828,7d4a74a88d2cac93b513c0853bf92c260eaceea0,data/CompEval-00255-of-00413.parquet,4,15,4288,2848,TIFF,19755896
cf_test_external_seen_family_real_33b7112b45378ad1,test_external_seen_family/real/cf_test_external_seen_family_real_33b7112b45378ad1_00033766.jpeg.jpg,0,test_external_seen_family,community-forensics-eval,real:LAION,test,test_external_seen_family,LAION,MidjourneyV5_2,,Commercial,not_applicable,b967baac65c2854024d28c6d263b9396811694d6f83aa81b27bc7152febe581e,aed1282fd02ed36c,20260828,7d4a74a88d2cac93b513c0853bf92c260eaceea0,data/CompEval-00368-of-00413.parquet,4,0,1100,1687,JPEG,118597
cf_test_external_seen_family_real_3405cb06e43f9fe2,test_external_seen_family/real/cf_test_external_seen_family_real_3405cb06e43f9fe2_00048933.jpeg.jpg,0,test_external_seen_family,community-forensics-eval,real:LAION,test,test_external_seen_family,LAION,Firefly_Image2,,Commercial,not_applicable,b58450f004757d6304f90202a508a5ef63c4789b051126936aca81c8e83ba92b,ebe1a6ccb694c194,20260828,7d4a74a88d2cac93b513c0853bf92c260eaceea0,data/CompEval-00037-of-00413.parquet,0,18,1062,1600,JPEG,226010
cf_test_external_seen_family_real_34196100323edc55,test_external_seen_family/real/cf_test_external_seen_family_real_34196100323edc55_000004421.tiff.tiff,0,test_external_seen_family,community-forensics-eval,real:RAISE,test,test_external_seen_family,RAISE,LCM_lora_sdxl,,LatDiff,not_applicable,ad833274361b23b6b45c894591e47305dc957695f83150495b41f4ac9b71a156,e5a11acd079b89da,20260828,7d4a74a88d2cac93b513c0853bf92c260eaceea0,data/CompEval-00373-of-00413.parquet,2,22,4928,3264,TIFF,28201710
cf_test_external_seen_family_real_34329cff0ae9f0c9,test_external_seen_family/real/cf_test_external_seen_family_real_34329cff0ae9f0c9_000005599.tiff.tiff,0,test_external_seen_family,community-forensics-eval,real:RAISE,test,test_external_seen_family,RAISE,stable_cascade,,Other,not_applicable,5823acbe527901fa015721f14dd100ff05e8c37faf285fb7b46d54cf752072a1,d185bfc806e7b426,20260828,7d4a74a88d2cac93b513c0853bf92c260eaceea0,data/CompEval-00259-of-00413.parquet,1,21,4928,3264,TIFF,30902460
cf_test_external_seen_family_real_3435871e8829d99e,test_external_seen_family/real/cf_test_external_seen_family_real_3435871e8829d99e_00056582.jpeg.jpg,0,test_external_seen_family,community-forensics-eval,real:LAION,test,test_external_seen_family,LAION,MidjourneyV5_2,,Commercial,not_applicable,8a986a2590dca7abb2cbf1eae7caa6cc8677a2ff0382d4ae84e6bcf6dbca3183,e6c7ad199ec8b405,20260828,7d4a74a88d2cac93b513c0853bf92c260eaceea0,data/CompEval-00372-of-00413.parquet,2,13,400,525,JPEG,30810
cf_test_external_seen_family_real_344a78bafecd8ed6,test_external_seen_family/real/cf_test_external_seen_family_real_344a78bafecd8ed6_000006673.tiff.tiff,0,test_external_seen_family,community-forensics-eval,real:RAISE,test,test_external_seen_family,RAISE,stable_cascade,,Other,not_applicable,62a1f02114e02290eb9f6b760e46fc33f50851ed4350afdd11e1083d23e5c01f,ccfc1b89f8c38370,20260828,7d4a74a88d2cac93b513c0853bf92c260eaceea0,data/CompEval-00260-of-00413.parquet,0,24,4928,3264,TIFF,30840896
cf_test_external_seen_family_real_345710979c83ab48,test_external_seen_family/real/cf_test_external_seen_family_real_345710979c83ab48_000000349533.jpg.jpg,0,test_external_seen_family,community-forensics-eval,real:COCO,test,test_external_seen_family,COCO,DFGAN,,GAN,not_applicable,8853d609c9162b8202dfb41d56986d74bd17de2eb1c139a477b6821a7e599008,b3df85ac2e03d194,20260828,7d4a74a88d2cac93b513c0853bf92c260eaceea0,data/CompEval-00353-of-00413.parquet,0,17,427,640,JPEG,55998
cf_test_external_seen_family_real_34863ff0fd112515,test_external_seen_family/real/cf_test_external_seen_family_real_34863ff0fd112515_51887.png.png,0,test_external_seen_family,community-forensics-eval,real:FFHQ,test,test_external_seen_family,FFHQ,Hourglass,,PixDiff,not_applicable,e5fc1e04fae0d91ddb1ce899e412dccd26c29969bb4941cbd0d4da7e3b7268dc,a7f9b2fe11d880c8,20260828,7d4a74a88d2cac93b513c0853bf92c260eaceea0,data/CompEval-00277-of-00413.parquet,0,5,1024,1024,PNG,1167717
cf_test_external_seen_family_real_348cb065a9cc49ff,test_external_seen_family/real/cf_test_external_seen_family_real_348cb065a9cc49ff_000000383650.jpg.jpg,0,test_external_seen_family,community-forensics-eval,real:COCO,test,test_external_seen_family,COCO,DFGAN,,GAN,not_applicable,55bce8d459ada834fe8fc65b79c9db7ab9d1b20f35617b462c294b8b902d9bca,d1d3d22e4a60b99d,20260828,7d4a74a88d2cac93b513c0853bf92c260eaceea0,data/CompEval-00354-of-00413.parquet,0,11,640,426,JPEG,69210
cf_test_external_seen_family_real_348f282572fdd8d2,test_external_seen_family/real/cf_test_external_seen_family_real_348f282572fdd8d2_000000022.tiff.tiff,0,test_external_seen_family,community-forensics-eval,real:RAISE,test,test_external_seen_family,RAISE,LCM_lora_sdxl,,LatDiff,not_applicable,20996fd6b7390da57b9082f1544293f77fd6799362dd04bcdac2b323a75a7500,d5d253e92cac0cce,20260828,7d4a74a88d2cac93b513c0853bf92c260eaceea0,data/CompEval-00376-of-00413.parquet,1,24,4288,2848,TIFF,17349838
cf_test_external_seen_family_real_348f9183ef35f27d,test_external_seen_family/real/cf_test_external_seen_family_real_348f9183ef35f27d_00011297.png.png,0,test_external_seen_family,community-forensics-eval,real:LAION,test,test_external_seen_family,LAION,Imagen3,,Commercial,not_applicable,8a0dc223c7e29e2b4f37456e0b487e49ab295df0e4c3a5cf52b10bf235a2e6a0,858705257ada5a5f,20260828,7d4a74a88d2cac93b513c0853bf92c260eaceea0,data/CompEval-00171-of-00413.parquet,1,19,321,320,PNG,22449
cf_test_external_seen_family_real_3511ef6f4767f6b3,test_external_seen_family/real/cf_test_external_seen_family_real_3511ef6f4767f6b3_00014662.webp.webp,0,test_external_seen_family,community-forensics-eval,real:LAION,test,test_external_seen_family,LAION,IdeogramV1,,Commercial,not_applicable,763e4b6aed5aee25dd39d96bc1fcd08fcc133a64d4d98560ff893b7d37a4c260,ef9a346d7234a322,20260828,7d4a74a88d2cac93b513c0853bf92c260eaceea0,data/CompEval-00381-of-00413.parquet,3,19,260,260,WEBP,3440
cf_test_external_seen_family_real_35fec087400fe3b4,test_external_seen_family/real/cf_test_external_seen_family_real_35fec087400fe3b4_00042825.jpeg.jpg,0,test_external_seen_family,community-forensics-eval,real:LAION,test,test_external_seen_family,LAION,Dalle3,,Commercial,not_applicable,66402363653b94f2dbaa310133fa23962c5c889a613941b8cc24f073b5898314,bb42b8fcb80a86c7,20260828,7d4a74a88d2cac93b513c0853bf92c260eaceea0,data/CompEval-00100-of-00413.parquet,3,19,636,667,JPEG,88731
cf_test_external_seen_family_real_362388c615c5e640,test_external_seen_family/real/cf_test_external_seen_family_real_362388c615c5e640_000000185285.jpg.jpg,0,test_external_seen_family,community-forensics-eval,real:COCO,test,test_external_seen_family,COCO,DFGAN,,GAN,not_applicable,66126009d10062f99eb86821a216bb6b26ce6065a55ef0886adbf577699d0d53,a9a8ae2919b4f8dc,20260828,7d4a74a88d2cac93b513c0853bf92c260eaceea0,data/CompEval-00351-of-00413.parquet,3,11,640,480,JPEG,83010
cf_test_external_seen_family_real_362f853ec59804c5,test_external_seen_family/real/cf_test_external_seen_family_real_362f853ec59804c5_000000546182.jpg.jpg,0,test_external_seen_family,community-forensics-eval,real:COCO,test,test_external_seen_family,COCO,DFGAN,,GAN,not_applicable,1711274d3b78e235e7169ab4a1cc83a6f6a9e808b5693a7db02354e13b4e7114,fc82b14b894da55e,20260828,7d4a74a88d2cac93b513c0853bf92c260eaceea0,data/CompEval-00356-of-00413.parquet,3,5,640,480,JPEG,49298
cf_test_external_seen_family_real_3635a3142eb27f4c,test_external_seen_family/real/cf_test_external_seen_family_real_3635a3142eb27f4c_04751.png.png,0,test_external_seen_family,community-forensics-eval,real:FFHQ,test,test_external_seen_family,FFHQ,Hourglass,,PixDiff,not_applicable,d7b829c7c9ff3bfd26b715dcdbc3b90e0965ebe1ec9ea843b34c5258ae8db060,de4968612563b7ca,20260828,7d4a74a88d2cac93b513c0853bf92c260eaceea0,data/CompEval-00277-of-00413.parquet,1,20,1024,1024,PNG,1172437
cf_test_external_seen_family_real_3766142937184ea9,test_external_seen_family/real/cf_test_external_seen_family_real_3766142937184ea9_00001050.jpeg.jpg,0,test_external_seen_family,community-forensics-eval,real:LAION,test,test_external_seen_family,LAION,FLUX-schnell,,Commercial,not_applicable,b5906f27c1576a53da122ca6908c031987d4f78eca0c8ee6211f6ce82ea15de3,d1f20363ba6f8649,20260828,7d4a74a88d2cac93b513c0853bf92c260eaceea0,data/CompEval-00188-of-00413.parquet,4,22,462,310,JPEG,22791
cf_test_external_seen_family_real_3773dcc1c10e3b07,test_external_seen_family/real/cf_test_external_seen_family_real_3773dcc1c10e3b07_00011085.jpeg.jpg,0,test_external_seen_family,community-forensics-eval,real:LAION,test,test_external_seen_family,LAION,Imagen3,,Commercial,not_applicable,babfe00bea8a2ce8cdc9c2a2668292912099d77e63e01f01798c00c89d208b11,afc4b1f9842a513b,20260828,7d4a74a88d2cac93b513c0853bf92c260eaceea0,data/CompEval-00172-of-00413.parquet,2,1,600,600,JPEG,46655
cf_test_external_seen_family_real_37f35cfa44e7c712,test_external_seen_family/real/cf_test_external_seen_family_real_37f35cfa44e7c712_00024433.jpeg.jpg,0,test_external_seen_family,community-forensics-eval,real:LAION,test,test_external_seen_family,LAION,Firefly_Image2,,Commercial,not_applicable,3c570d617512f1285646f68ade2a17e39ec0c6608475f55b91583ab64f9a9f23,93996cc63b6cc4b1,20260828,7d4a74a88d2cac93b513c0853bf92c260eaceea0,data/CompEval-00038-of-00413.parquet,1,13,425,599,JPEG,63072
cf_test_external_seen_family_real_381f2e33eb6aaf26,test_external_seen_family/real/cf_test_external_seen_family_real_381f2e33eb6aaf26_25431.png.png,0,test_external_seen_family,community-forensics-eval,real:FFHQ,test,test_external_seen_family,FFHQ,Hourglass,,PixDiff,not_applicable,8d29eefeb9f322481e70a551140fd73aba53e973c017b2bb6f76c7b8a832da9c,f28ebca5355592c8,20260828,7d4a74a88d2cac93b513c0853bf92c260eaceea0,data/CompEval-00270-of-00413.parquet,4,12,1024,1024,PNG,1422309
cf_test_external_seen_family_real_3851bc1294a8ee4c,test_external_seen_family/real/cf_test_external_seen_family_real_3851bc1294a8ee4c_000002250.tiff.tiff,0,test_external_seen_family,community-forensics-eval,real:RAISE,test,test_external_seen_family,RAISE,LCM_lora_sdv15,,LatDiff,not_applicable,690670fd33f68297f4f1313b692d401ca2f07f2bd83f7e8321e4b49311da40a5,8bb43132e3cf4c3a,20260828,7d4a74a88d2cac93b513c0853bf92c260eaceea0,data/CompEval-00118-of-00413.parquet,0,13,2848,4288,TIFF,25067766
cf_test_external_seen_family_real_385634a0a31e0f42,test_external_seen_family/real/cf_test_external_seen_family_real_385634a0a31e0f42_50284.png.png,0,test_external_seen_family,community-forensics-eval,real:FFHQ,test,test_external_seen_family,FFHQ,Hourglass,,PixDiff,not_applicable,36ea0ca4b6945477137ddf01bc03c9701ca6c09081f84def8984117cd0212e45,dae961a72384a59d,20260828,7d4a74a88d2cac93b513c0853bf92c260eaceea0,data/CompEval-00270-of-00413.parquet,4,3,1024,1024,PNG,1518605
cf_test_external_seen_family_real_3898bb2ee33b7311,test_external_seen_family/real/cf_test_external_seen_family_real_3898bb2ee33b7311_000000038133.jpg.jpg,0,test_external_seen_family,community-forensics-eval,real:COCO,test,test_external_seen_family,COCO,DFGAN,,GAN,not_applicable,29d55cb2143ef48c6e8b1584d5b700b4b367a4a166d94834add528a98a63332c,b34e0cbe43b98f60,20260828,7d4a74a88d2cac93b513c0853bf92c260eaceea0,data/CompEval-00357-of-00413.parquet,0,24,640,431,JPEG,69026
cf_test_external_seen_family_real_38995984a8abdb9b,test_external_seen_family/real/cf_test_external_seen_family_real_38995984a8abdb9b_68199.png.png,0,test_external_seen_family,community-forensics-eval,real:FFHQ,test,test_external_seen_family,FFHQ,Hourglass,,PixDiff,not_applicable,ff6aa3b2c16eff6c4b678c9ed529268541fbdbf9f45a450f44be42bd5a4fb35b,db39644bc0391fc6,20260828,7d4a74a88d2cac93b513c0853bf92c260eaceea0,data/CompEval-00108-of-00413.parquet,2,22,1024,1024,PNG,1653181
cf_test_external_seen_family_real_38dd71c0036e4237,test_external_seen_family/real/cf_test_external_seen_family_real_38dd71c0036e4237_00028853.png.png,0,test_external_seen_family,community-forensics-eval,real:LAION,test,test_external_seen_family,LAION,IdeogramV2,,Commercial,not_applicable,138b650357c635f17bf281a35d7e40336bbb76bbef3e83fb50cf6bb0d429e027,ce793886b038cfd1,20260828,7d4a74a88d2cac93b513c0853bf92c260eaceea0,data/CompEval-00236-of-00413.parquet,2,13,480,480,PNG,100544
cf_test_external_seen_family_real_390a75f63d9d8ad8,test_external_seen_family/real/cf_test_external_seen_family_real_390a75f63d9d8ad8_000004079.tiff.tiff,0,test_external_seen_family,community-forensics-eval,real:RAISE,test,test_external_seen_family,RAISE,LCM_lora_sdv15,,LatDiff,not_applicable,14369abc5b67727a63ae970838f57df3b768a784e5e575b5751e35009ebaa2a2,caf0b543c35cc8b5,20260828,7d4a74a88d2cac93b513c0853bf92c260eaceea0,data/CompEval-00119-of-00413.parquet,2,6,4928,3264,TIFF,24304312
cf_test_external_seen_family_real_39280896641f1576,test_external_seen_family/real/cf_test_external_seen_family_real_39280896641f1576_000000580594.jpg.jpg,0,test_external_seen_family,community-forensics-eval,real:COCO,test,test_external_seen_family,COCO,DFGAN,,GAN,not_applicable,7cd42adce6732cdfe72a31e687d0cc24b036eb5df277747c610a7477c1dc5c66,a8afde23887c560d,20260828,7d4a74a88d2cac93b513c0853bf92c260eaceea0,data/CompEval-00357-of-00413.parquet,0,0,445,640,JPEG,69871
cf_test_external_seen_family_real_3929fb44d5e10218,test_external_seen_family/real/cf_test_external_seen_family_real_3929fb44d5e10218_03015.png.png,0,test_external_seen_family,community-forensics-eval,real:FFHQ,test,test_external_seen_family,FFHQ,Hourglass,,PixDiff,not_applicable,ea46b04d2fdd58745538571be38c6bd07d29de21392a25f3780797359c6ef92f,af3570b450abd0cb,20260828,7d4a74a88d2cac93b513c0853bf92c260eaceea0,data/CompEval-00270-of-00413.parquet,4,14,1024,1024,PNG,1161046
cf_test_external_seen_family_real_394d5b65a9148631,test_external_seen_family/real/cf_test_external_seen_family_real_394d5b65a9148631_000000333757.jpg.jpg,0,test_external_seen_family,community-forensics-eval,real:COCO,test,test_external_seen_family,COCO,DFGAN,,GAN,not_applicable,508a1a0a9627b2c34236172dfbf3ee886b154bbc19fa33d8dfe647e1e8c716fa,eed1cae2626705c9,20260828,7d4a74a88d2cac93b513c0853bf92c260eaceea0,data/CompEval-00351-of-00413.parquet,2,22,640,480,JPEG,59861
cf_test_external_seen_family_real_39b14ae4dd60a058,test_external_seen_family/real/cf_test_external_seen_family_real_39b14ae4dd60a058_45236.png.png,0,test_external_seen_family,community-forensics-eval,real:FFHQ,test,test_external_seen_family,FFHQ,Hourglass,,PixDiff,not_applicable,d4db67f40d53020eb2c4e80b8ccf0f6a9de3d3b48e79c89ea51e6de3846c9e68,c3293f70217dd28e,20260828,7d4a74a88d2cac93b513c0853bf92c260eaceea0,data/CompEval-00108-of-00413.parquet,2,15,1024,1024,PNG,1100257
cf_test_external_seen_family_real_39d15c0417dcf1ae,test_external_seen_family/real/cf_test_external_seen_family_real_39d15c0417dcf1ae_64579.png.png,0,test_external_seen_family,community-forensics-eval,real:FFHQ,test,test_external_seen_family,FFHQ,Hourglass,,PixDiff,not_applicable,f1fd89ef4d5a4052a0cd26f002c1fb33bf0ca10e8aa6469966837db83ea8fa91,cf813c713043d3cf,20260828,7d4a74a88d2cac93b513c0853bf92c260eaceea0,data/CompEval-00104-of-00413.parquet,0,22,1024,1024,PNG,1482388
cf_test_external_seen_family_real_39d77ff5e0fd9d0b,test_external_seen_family/real/cf_test_external_seen_family_real_39d77ff5e0fd9d0b_000000528444.jpg.jpg,0,test_external_seen_family,community-forensics-eval,real:COCO,test,test_external_seen_family,COCO,DFGAN,,GAN,not_applicable,a0a17781269330214933e28d7f8ecf57a86ef0034d10ceacf8fe5d88d3393c79,cef9336460333ccc,20260828,7d4a74a88d2cac93b513c0853bf92c260eaceea0,data/CompEval-00355-of-00413.parquet,1,6,364,500,JPEG,28595
cf_test_external_seen_family_real_39e20b0fc19c5ec1,test_external_seen_family/real/cf_test_external_seen_family_real_39e20b0fc19c5ec1_00048590.jpeg.jpg,0,test_external_seen_family,community-forensics-eval,real:LAION,test,test_external_seen_family,LAION,IdeogramV2,,Commercial,not_applicable,f98cd6125a84fc5b7439d4992e4c6371abc13015c4d75d4368797059aab69976,976834d3740b57aa,20260828,7d4a74a88d2cac93b513c0853bf92c260eaceea0,data/CompEval-00230-of-00413.parquet,3,21,305,500,JPEG,44320
cf_test_external_seen_family_real_3a06b59ec2ee9511,test_external_seen_family/real/cf_test_external_seen_family_real_3a06b59ec2ee9511_000003501.tiff.tiff,0,test_external_seen_family,community-forensics-eval,real:RAISE,test,test_external_seen_family,RAISE,stable_cascade,,Other,not_applicable,d3075c055b03bfcbdea84e907f3d6eb684b1d445adb0858883251ff01c03737c,80777c5ad162736c,20260828,7d4a74a88d2cac93b513c0853bf92c260eaceea0,data/CompEval-00261-of-00413.parquet,0,12,4288,2848,TIFF,20634706
cf_test_external_seen_family_real_3afba8c1728a1bb4,test_external_seen_family/real/cf_test_external_seen_family_real_3afba8c1728a1bb4_000000283077.jpg.jpg,0,test_external_seen_family,community-forensics-eval,real:COCO,test,test_external_seen_family,COCO,DFGAN,,GAN,not_applicable,acedd8221d53250a4096058e2663b60b1875285f3c6b8cf33602e6c771fe9b3d,81a157cc2eef1933,20260828,7d4a74a88d2cac93b513c0853bf92c260eaceea0,data/CompEval-00351-of-00413.parquet,3,24,480,640,JPEG,30340
cf_test_external_seen_family_real_3bed065dfa865c22,test_external_seen_family/real/cf_test_external_seen_family_real_3bed065dfa865c22_00024843.jpeg.jpg,0,test_external_seen_family,community-forensics-eval,real:LAION,test,test_external_seen_family,LAION,Firefly_Image2,,Commercial,not_applicable,dadc4e22177d7f8653e66f1cec4f3620f0ba17faeb87dbc2be1e45c4d4a1eaf7,ed52b2bde191d092,20260828,7d4a74a88d2cac93b513c0853bf92c260eaceea0,data/CompEval-00037-of-00413.parquet,1,3,381,568,JPEG,14180
cf_test_external_seen_family_real_3cec611f828ba098,test_external_seen_family/real/cf_test_external_seen_family_real_3cec611f828ba098_000002370.tiff.tiff,0,test_external_seen_family,community-forensics-eval,real:RAISE,test,test_external_seen_family,RAISE,LCM_lora_sdv15,,LatDiff,not_applicable,60a58cd5676deef2126930c8d7d529aa803a6c374bb158f4f33a7c45342b4e22,c4ecb3d2be24324b,20260828,7d4a74a88d2cac93b513c0853bf92c260eaceea0,data/CompEval-00364-of-00413.parquet,4,14,4928,3264,TIFF,26833830
cf_test_external_seen_family_real_3d39419842d40824,test_external_seen_family/real/cf_test_external_seen_family_real_3d39419842d40824_00005269.jpeg.jpg,0,test_external_seen_family,community-forensics-eval,real:LAION,test,test_external_seen_family,LAION,Dalle3,,Commercial,not_applicable,3a0b3784d8aebd15bed7d5918740262423fbbff79acf18fa66caeb1de75735eb,f194acc65e8b6561,20260828,7d4a74a88d2cac93b513c0853bf92c260eaceea0,data/CompEval-00096-of-00413.parquet,3,18,640,360,JPEG,39317
cf_test_external_seen_family_real_3dd571922be9e804,test_external_seen_family/real/cf_test_external_seen_family_real_3dd571922be9e804_60800.png.png,0,test_external_seen_family,community-forensics-eval,real:FFHQ,test,test_external_seen_family,FFHQ,Hourglass,,PixDiff,not_applicable,47f26ba57ce33ea72318530335860ec64731947c015e7f8496534313c07ca19e,f26e27c0a4ca178f,20260828,7d4a74a88d2cac93b513c0853bf92c260eaceea0,data/CompEval-00277-of-00413.parquet,5,0,1024,1024,PNG,1539511
cf_test_external_seen_family_real_3dd6eb6548068ae8,test_external_seen_family/real/cf_test_external_seen_family_real_3dd6eb6548068ae8_000001960.tiff.tiff,0,test_external_seen_family,community-forensics-eval,real:RAISE,test,test_external_seen_family,RAISE,LCM_lora_sdxl,,LatDiff,not_applicable,582598b9c6b80ea1522a9c016e4d71a46b8af52c6efeed81a5340665d114eacd,80f27f0cfcf2051e,20260828,7d4a74a88d2cac93b513c0853bf92c260eaceea0,data/CompEval-00063-of-00413.parquet,3,23,4288,2848,TIFF,19972020
cf_test_external_seen_family_real_3df628e9e3c18a67,test_external_seen_family/real/cf_test_external_seen_family_real_3df628e9e3c18a67_00054865.jpeg.jpg,0,test_external_seen_family,community-forensics-eval,real:LAION,test,test_external_seen_family,LAION,FLUX-schnell,,Commercial,not_applicable,b1da205f121cd734fb4f4fe54a9ca2fd60c01e2c874b09cd3bfd3351481567a9,ef6fc01b928c2764,20260828,7d4a74a88d2cac93b513c0853bf92c260eaceea0,data/CompEval-00187-of-00413.parquet,0,1,320,320,JPEG,9728
cf_test_external_seen_family_real_3e36b301499b1465,test_external_seen_family/real/cf_test_external_seen_family_real_3e36b301499b1465_00047860.jpeg.jpg,0,test_external_seen_family,community-forensics-eval,real:LAION,test,test_external_seen_family,LAION,MidjourneyV6_1,,Commercial,not_applicable,9e5062b58dbe4ac7b102245d3713288c66badcb48740ff5fa777a7f265e964d2,d0c02f2fb4362bd5,20260828,7d4a74a88d2cac93b513c0853bf92c260eaceea0,data/CompEval-00393-of-00413.parquet,0,9,640,640,JPEG,28257
cf_test_external_seen_family_real_3e7fcac8061e7328,test_external_seen_family/real/cf_test_external_seen_family_real_3e7fcac8061e7328_00038373.jpeg.jpg,0,test_external_seen_family,community-forensics-eval,real:LAION,test,test_external_seen_family,LAION,Dalle3,,Commercial,not_applicable,f0951015b41307b7e9a282f2e1d8c4689c27680c43d2802f0df2e66346a30ff2,edc69c7892274d61,20260828,7d4a74a88d2cac93b513c0853bf92c260eaceea0,data/CompEval-00098-of-00413.parquet,4,23,300,300,JPEG,21949
cf_test_external_seen_family_real_3f571b0a3a377c56,test_external_seen_family/real/cf_test_external_seen_family_real_3f571b0a3a377c56_00012145.jpeg.jpg,0,test_external_seen_family,community-forensics-eval,real:LAION,test,test_external_seen_family,LAION,IdeogramV2,,Commercial,not_applicable,ef39839899e9d37e4e890f97aa2aa436f0db305c8c0dec3c8425ea72759e29c1,f80e8721b1f8d353,20260828,7d4a74a88d2cac93b513c0853bf92c260eaceea0,data/CompEval-00231-of-00413.parquet,1,7,1000,1200,JPEG,151016
cf_test_external_seen_family_real_3f8f0c3a606eaedb,test_external_seen_family/real/cf_test_external_seen_family_real_3f8f0c3a606eaedb_20336.png.png,0,test_external_seen_family,community-forensics-eval,real:FFHQ,test,test_external_seen_family,FFHQ,Hourglass,,PixDiff,not_applicable,45497d55723b4292a70de84bff46a0359998f516d213781261ac5f1fc5d93d09,87f880002f5fbc7e,20260828,7d4a74a88d2cac93b513c0853bf92c260eaceea0,data/CompEval-00109-of-00413.parquet,1,10,1024,1024,PNG,1192503
cf_test_external_seen_family_real_3f981fbb4aa18728,test_external_seen_family/real/cf_test_external_seen_family_real_3f981fbb4aa18728_000006367.tiff.tiff,0,test_external_seen_family,community-forensics-eval,real:RAISE,test,test_external_seen_family,RAISE,stable_cascade,,Other,not_applicable,788d9552329d99a0a97f9c9b3bfb02dcacf79d62b53e05f06a3e8faa25f5150b,cab5168155d074fe,20260828,7d4a74a88d2cac93b513c0853bf92c260eaceea0,data/CompEval-00256-of-00413.parquet,3,14,4928,3264,TIFF,34185196
cf_test_external_seen_family_real_4064b93d05d46ebc,test_external_seen_family/real/cf_test_external_seen_family_real_4064b93d05d46ebc_000000755.tiff.tiff,0,test_external_seen_family,community-forensics-eval,real:RAISE,test,test_external_seen_family,RAISE,kvikontent_midjourney_v6,,LatDiff,not_applicable,662d36fb9ecc12cf25a9f0dce3c05ef6f98273d150a9030f91dca01c9bd282f4,da9b6de9c9c04067,20260828,7d4a74a88d2cac93b513c0853bf92c260eaceea0,data/CompEval-00088-of-00413.parquet,3,1,4928,3264,TIFF,23811826
cf_test_external_seen_family_real_408551900916338b,test_external_seen_family/real/cf_test_external_seen_family_real_408551900916338b_000000400020.jpg.jpg,0,test_external_seen_family,community-forensics-eval,real:COCO,test,test_external_seen_family,COCO,DFGAN,,GAN,not_applicable,36652df5c03be30000ba74067dc55d1738edee327f4d2e1232ea10a321c2652a,8b8c51f85fc87465,20260828,7d4a74a88d2cac93b513c0853bf92c260eaceea0,data/CompEval-00350-of-00413.parquet,4,13,640,425,JPEG,42667
cf_test_external_seen_family_real_41096b6892180e3c,test_external_seen_family/real/cf_test_external_seen_family_real_41096b6892180e3c_00027706.jpeg.jpg,0,test_external_seen_family,community-forensics-eval,real:LAION,test,test_external_seen_family,LAION,Dalle3,,Commercial,not_applicable,c9ab844a24b3ac324059a5761ed33a40ca6c9757fc688c06e791c1a58d3da017,dd6a32d84f28b6c2,20260828,7d4a74a88d2cac93b513c0853bf92c260eaceea0,data/CompEval-00103-of-00413.parquet,0,22,300,300,JPEG,23694
cf_test_external_seen_family_real_4175250415740d0c,test_external_seen_family/real/cf_test_external_seen_family_real_4175250415740d0c_000000166636.jpg.jpg,0,test_external_seen_family,community-forensics-eval,real:COCO,test,test_external_seen_family,COCO,DFGAN,,GAN,not_applicable,433096fe98ddf44a649629490ec9c7aa45d2d25eeb002837cb0eacd4821eaf75,dbcba173364c0963,20260828,7d4a74a88d2cac93b513c0853bf92c260eaceea0,data/CompEval-00356-of-00413.parquet,2,20,427,640,JPEG,25025
cf_test_external_seen_family_real_419eaa54863d14a8,test_external_seen_family/real/cf_test_external_seen_family_real_419eaa54863d14a8_000003098.tiff.tiff,0,test_external_seen_family,community-forensics-eval,real:RAISE,test,test_external_seen_family,RAISE,LCM_lora_ssd1b,,LatDiff,not_applicable,29d3cd3587f13a6f988fc3d647fb18e918da7f17ffaaa1b805f24adcea608a35,858d969292eb6d6c,20260828,7d4a74a88d2cac93b513c0853bf92c260eaceea0,data/CompEval-00198-of-00413.parquet,4,15,2848,4288,TIFF,19321696
cf_test_external_seen_family_real_41a365a66d992134,test_external_seen_family/real/cf_test_external_seen_family_real_41a365a66d992134_000000324216.jpg.jpg,0,test_external_seen_family,community-forensics-eval,real:COCO,test,test_external_seen_family,COCO,DFGAN,,GAN,not_applicable,e43d67cc444e7761f1bc1eba1915a6af4386b0fdae49c654ffbcb0cbb1ede87a,b2300fc61d678ec7,20260828,7d4a74a88d2cac93b513c0853bf92c260eaceea0,data/CompEval-00356-of-00413.parquet,3,23,640,426,JPEG,23126
cf_test_external_seen_family_real_41a828a274685491,test_external_seen_family/real/cf_test_external_seen_family_real_41a828a274685491_00048978.jpeg.jpg,0,test_external_seen_family,community-forensics-eval,real:LAION,test,test_external_seen_family,LAION,Firefly_Image2,,Commercial,not_applicable,be7accefea8913cf2b6698d9faeae75f515b949185b2d3dc96751afe342ee71e,e2958d72966a9c8d,20260828,7d4a74a88d2cac93b513c0853bf92c260eaceea0,data/CompEval-00176-of-00413.parquet,3,9,324,324,JPEG,9574
cf_test_external_seen_family_real_42a114830d532b1b,test_external_seen_family/real/cf_test_external_seen_family_real_42a114830d532b1b_000002909.tiff.tiff,0,test_external_seen_family,community-forensics-eval,real:RAISE,test,test_external_seen_family,RAISE,kandinsky_2_2,,LatDiff,not_applicable,83b5e0cb7eab0af5c78383964289582552b6bb01b3a572f5a496a358d0502ca6,af8448dbf61669a4,20260828,7d4a74a88d2cac93b513c0853bf92c260eaceea0,data/CompEval-00165-of-00413.parquet,2,10,4288,2848,TIFF,23783908
cf_test_external_seen_family_real_438ec5e3b122c810,test_external_seen_family/real/cf_test_external_seen_family_real_438ec5e3b122c810_00011060.jpeg.jpg,0,test_external_seen_family,community-forensics-eval,real:LAION,test,test_external_seen_family,LAION,Imagen3,,Commercial,not_applicable,7e868b942495a312977e60ebcc439a0b50b185de4e3ce2404edd634883b9db1e,e887c4da9b299665,20260828,7d4a74a88d2cac93b513c0853bf92c260eaceea0,data/CompEval-00170-of-00413.parquet,4,23,350,350,JPEG,25098
cf_test_external_seen_family_real_43e56d21f68df826,test_external_seen_family/real/cf_test_external_seen_family_real_43e56d21f68df826_00016189.jpeg.jpg,0,test_external_seen_family,community-forensics-eval,real:LAION,test,test_external_seen_family,LAION,Firefly_Image3,,Commercial,not_applicable,64c4fa8a58ef16084770c7c076a796c08fdac02e46547dae6c3dbe40758e82b8,c415cb63349feb30,20260828,7d4a74a88d2cac93b513c0853bf92c260eaceea0,data/CompEval-00339-of-00413.parquet,2,4,1080,1920,JPEG,287084
cf_test_external_seen_family_real_44002a54a9425634,test_external_seen_family/real/cf_test_external_seen_family_real_44002a54a9425634_000003343.tiff.tiff,0,test_external_seen_family,community-forensics-eval,real:RAISE,test,test_external_seen_family,RAISE,LCM_lora_sdv15,,LatDiff,not_applicable,35a8cb4290b628be40eae0cf4e01a0f3186c40ffb8b4df7513cb8da314a17755,9abea5c30ac3628f,20260828,7d4a74a88d2cac93b513c0853bf92c260eaceea0,data/CompEval-00114-of-00413.parquet,2,3,4288,2848,TIFF,21734846
cf_test_external_seen_family_real_4442c6369a6e23ee,test_external_seen_family/real/cf_test_external_seen_family_real_4442c6369a6e23ee_000000458628.jpg.jpg,0,test_external_seen_family,community-forensics-eval,real:COCO,test,test_external_seen_family,COCO,DFGAN,,GAN,not_applicable,ad483d5694a7ee0cadb4154af3dc7a470648b2601eb4bf7f16fbed0e3c3c66f4,92a1b2b6acb76499,20260828,7d4a74a88d2cac93b513c0853bf92c260eaceea0,data/CompEval-00351-of-00413.parquet,4,1,416,640,JPEG,44073
cf_test_external_seen_family_real_44897385b010c67e,test_external_seen_family/real/cf_test_external_seen_family_real_44897385b010c67e_00012392.jpeg.jpg,0,test_external_seen_family,community-forensics-eval,real:LAION,test,test_external_seen_family,LAION,IdeogramV1,,Commercial,not_applicable,6aef96bcd038442f7b7eb0ccb6bbb5eae31b2b7a8351ae826184b77307aa8135,f986605996699673,20260828,7d4a74a88d2cac93b513c0853bf92c260eaceea0,data/CompEval-00412-of-00413.parquet,0,15,283,283,JPEG,10219
cf_test_external_seen_family_real_450916f89e572a25,test_external_seen_family/real/cf_test_external_seen_family_real_450916f89e572a25_000006879.tiff.tiff,0,test_external_seen_family,community-forensics-eval,real:RAISE,test,test_external_seen_family,RAISE,LCM_lora_ssd1b,,LatDiff,not_applicable,7822cde09670bd8f2f77fe6adcc3636b2d2cf17bc018bdd7985ea14efc7081b3,9595dd39e7c64181,20260828,7d4a74a88d2cac93b513c0853bf92c260eaceea0,data/CompEval-00399-of-00413.parquet,2,6,4928,3264,TIFF,28716654
cf_test_external_seen_family_real_451c5de21da7ae21,test_external_seen_family/real/cf_test_external_seen_family_real_451c5de21da7ae21_44772.png.png,0,test_external_seen_family,community-forensics-eval,real:FFHQ,test,test_external_seen_family,FFHQ,Hourglass,,PixDiff,not_applicable,22b8db9a4b6867286e8aebc94ff4088a54dd0ec9320c02b56617a97e836d8eaf,9e6f61c2e4687299,20260828,7d4a74a88d2cac93b513c0853bf92c260eaceea0,data/CompEval-00106-of-00413.parquet,0,6,1024,1024,PNG,1622697
cf_test_external_seen_family_real_4548c8ef402b1afb,test_external_seen_family/real/cf_test_external_seen_family_real_4548c8ef402b1afb_000000489630.jpg.jpg,0,test_external_seen_family,community-forensics-eval,real:COCO,test,test_external_seen_family,COCO,DFGAN,,GAN,not_applicable,51a6595e726c8597a65e898fb188fac061b20c83b662a2dcdf8960ea142f5576,dff6f48444819b98,20260828,7d4a74a88d2cac93b513c0853bf92c260eaceea0,data/CompEval-00352-of-00413.parquet,1,3,512,640,JPEG,52334
cf_test_external_seen_family_real_457aa26cb737dc73,test_external_seen_family/real/cf_test_external_seen_family_real_457aa26cb737dc73_000000102853.jpg.jpg,0,test_external_seen_family,community-forensics-eval,real:COCO,test,test_external_seen_family,COCO,DFGAN,,GAN,not_applicable,f91aad010e3873bff0e3287bb8e6da3724799230099eee335310e95ad8ddddc1,d639c6097b354cd4,20260828,7d4a74a88d2cac93b513c0853bf92c260eaceea0,data/CompEval-00353-of-00413.parquet,0,15,480,640,JPEG,47071
cf_test_external_seen_family_real_4589151f78d0ca3f,test_external_seen_family/real/cf_test_external_seen_family_real_4589151f78d0ca3f_00051780.jpeg.jpg,0,test_external_seen_family,community-forensics-eval,real:LAION,test,test_external_seen_family,LAION,Firefly_Image2,,Commercial,not_applicable,f308261b355bc8ed6d3c11567cb4f9e6c566de9d90fed419793cb0f5cbccf625,f959c365ccc65198,20260828,7d4a74a88d2cac93b513c0853bf92c260eaceea0,data/CompEval-00176-of-00413.parquet,0,17,1000,1000,JPEG,66749
cf_test_external_seen_family_real_45e591a0f38d4d12,test_external_seen_family/real/cf_test_external_seen_family_real_45e591a0f38d4d12_00030314.jpeg.jpg,0,test_external_seen_family,community-forensics-eval,real:LAION,test,test_external_seen_family,LAION,MidjourneyV5_2,,Commercial,not_applicable,de824686aec9fcb3ed086f76d6ba5a5824ae2d948d0277fedd8ba44981e0d0a8,848759e897165a3f,20260828,7d4a74a88d2cac93b513c0853bf92c260eaceea0,data/CompEval-00369-of-00413.parquet,3,15,320,320,JPEG,16347
cf_test_external_seen_family_real_45f3d11c2aa787e9,test_external_seen_family/real/cf_test_external_seen_family_real_45f3d11c2aa787e9_000000098758.jpg.jpg,0,test_external_seen_family,community-forensics-eval,real:COCO,test,test_external_seen_family,COCO,DFGAN,,GAN,not_applicable,e0947d7b4e0f5009ba70cd33b94e4f2dc8df9ec77c87fb4e937a3a2c910281c6,e59e524307b67343,20260828,7d4a74a88d2cac93b513c0853bf92c260eaceea0,data/CompEval-00350-of-00413.parquet,2,11,640,480,JPEG,58706
cf_test_external_seen_family_real_460f424fda245a2d,test_external_seen_family/real/cf_test_external_seen_family_real_460f424fda245a2d_000003865.tiff.tiff,0,test_external_seen_family,community-forensics-eval,real:RAISE,test,test_external_seen_family,RAISE,LCM_lora_ssd1b,,LatDiff,not_applicable,52644c784d72bd2c7629bd1bbc289be98dd410000cf301aa67c18436c9a0309b,d4d652b29be3c948,20260828,7d4a74a88d2cac93b513c0853bf92c260eaceea0,data/CompEval-00404-of-00413.parquet,1,22,4288,2848,TIFF,25928222
cf_test_external_seen_family_real_4655a716766bc591,test_external_seen_family/real/cf_test_external_seen_family_real_4655a716766bc591_00049971.jpeg.jpg,0,test_external_seen_family,community-forensics-eval,real:LAION,test,test_external_seen_family,LAION,Firefly_Image3,,Commercial,not_applicable,fa497a12ca2ee653f25aa9ec3e6087335df7bf143999111688db47836c729eac,fc7c360e8943e0f4,20260828,7d4a74a88d2cac93b513c0853bf92c260eaceea0,data/CompEval-00341-of-00413.parquet,2,9,375,500,JPEG,40647
cf_test_external_seen_family_real_465bf4c2393f067b,test_external_seen_family/real/cf_test_external_seen_family_real_465bf4c2393f067b_58864.png.png,0,test_external_seen_family,community-forensics-eval,real:FFHQ,test,test_external_seen_family,FFHQ,Hourglass,,PixDiff,not_applicable,210f23d759cbfd786e2754a1bdb30f68a21836738c09a4cfc6d1f43c71d581bb,8d52a0fdf0ab85d8,20260828,7d4a74a88d2cac93b513c0853bf92c260eaceea0,data/CompEval-00277-of-00413.parquet,2,4,1024,1024,PNG,1349515
cf_test_external_seen_family_real_4688b1243030f5ae,test_external_seen_family/real/cf_test_external_seen_family_real_4688b1243030f5ae_00022522.jpeg.jpg,0,test_external_seen_family,community-forensics-eval,real:LAION,test,test_external_seen_family,LAION,Firefly_Image2,,Commercial,not_applicable,7f83aa5b8be0190d12731399c0ebdecb91c6bb5a8dbc5ba65757a66f1adbc377,cac9ed20b734a2ba,20260828,7d4a74a88d2cac93b513c0853bf92c260eaceea0,data/CompEval-00034-of-00413.parquet,2,18,424,360,JPEG,23058
cf_test_external_seen_family_real_46b1c000702218dd,test_external_seen_family/real/cf_test_external_seen_family_real_46b1c000702218dd_28439.png.png,0,test_external_seen_family,community-forensics-eval,real:FFHQ,test,test_external_seen_family,FFHQ,Hourglass,,PixDiff,not_applicable,dfcc8316e9e14e70ea8ad00421e3563ad4d574794dd5849ef7cc57c93c5d54c6,f0eaa3a76524d28e,20260828,7d4a74a88d2cac93b513c0853bf92c260eaceea0,data/CompEval-00108-of-00413.parquet,4,0,1024,1024,PNG,1288879
cf_test_external_seen_family_real_46d38fb2a94b9aca,test_external_seen_family/real/cf_test_external_seen_family_real_46d38fb2a94b9aca_55420.png.png,0,test_external_seen_family,community-forensics-eval,real:FFHQ,test,test_external_seen_family,FFHQ,Hourglass,,PixDiff,not_applicable,40ccbba9f9b9bbc7df8660cb2e7d7ebc2b5eda783ee488596705a5de087c5de4,a5055a24bc777d91,20260828,7d4a74a88d2cac93b513c0853bf92c260eaceea0,data/CompEval-00108-of-00413.parquet,4,1,1024,1024,PNG,1333293
cf_test_external_seen_family_real_475a0782b059c63a,test_external_seen_family/real/cf_test_external_seen_family_real_475a0782b059c63a_000002177.tiff.tiff,0,test_external_seen_family,community-forensics-eval,real:RAISE,test,test_external_seen_family,RAISE,stable_cascade,,Other,not_applicable,5d85b27f5b2de931029145be35f66852789a21f2b933c3d1f3d6cf2847692175,9796152d0d6949cf,20260828,7d4a74a88d2cac93b513c0853bf92c260eaceea0,data/CompEval-00256-of-00413.parquet,4,6,2848,4288,TIFF,26901548
cf_test_external_seen_family_real_476c7fd693e01780,test_external_seen_family/real/cf_test_external_seen_family_real_476c7fd693e01780_00005404.jpeg.jpg,0,test_external_seen_family,community-forensics-eval,real:LAION,test,test_external_seen_family,LAION,FLUX-schnell,,Commercial,not_applicable,f0b2962743052c3678bd48a6e70ab97f2d3e7fdf2194d29a5382a07739ed9c51,bc4adbb0c08fc317,20260828,7d4a74a88d2cac93b513c0853bf92c260eaceea0,data/CompEval-00187-of-00413.parquet,0,15,190,190,JPEG,5439
cf_test_external_seen_family_real_476d08e54649042e,test_external_seen_family/real/cf_test_external_seen_family_real_476d08e54649042e_32125.png.png,0,test_external_seen_family,community-forensics-eval,real:FFHQ,test,test_external_seen_family,FFHQ,Hourglass,,PixDiff,not_applicable,bf817bb258441aa01ea49b2de571f1bb25baf3df758445d8e0d3e9edadee4584,c33e3e34387892d9,20260828,7d4a74a88d2cac93b513c0853bf92c260eaceea0,data/CompEval-00108-of-00413.parquet,3,22,1024,1024,PNG,1423953
cf_test_external_seen_family_real_4771996a9e98a327,test_external_seen_family/real/cf_test_external_seen_family_real_4771996a9e98a327_00016478.jpeg.jpg,0,test_external_seen_family,community-forensics-eval,real:LAION,test,test_external_seen_family,LAION,Firefly_Image3,,Commercial,not_applicable,cc42f6bf30622daedf903a766a07cebf4f452a42f35de4d19b7e5645a3bf200b,d9f827063aef2311,20260828,7d4a74a88d2cac93b513c0853bf92c260eaceea0,data/CompEval-00203-of-00413.parquet,1,10,480,360,JPEG,21427
cf_test_external_seen_family_real_47da1c70bee8bbe1,test_external_seen_family/real/cf_test_external_seen_family_real_47da1c70bee8bbe1_000000270.tiff.tiff,0,test_external_seen_family,community-forensics-eval,real:RAISE,test,test_external_seen_family,RAISE,GALIP,,GAN,not_applicable,fbc5ad290a51c5d08a8e816f53cd51ed4dc087062d6c3dfba8d4ebc5a858be49,97c2e83a07de6558,20260828,7d4a74a88d2cac93b513c0853bf92c260eaceea0,data/CompEval-00268-of-00413.parquet,4,16,4928,3264,TIFF,25714414
cf_test_external_seen_family_real_47f8379347d76b67,test_external_seen_family/real/cf_test_external_seen_family_real_47f8379347d76b67_58447.png.png,0,test_external_seen_family,community-forensics-eval,real:FFHQ,test,test_external_seen_family,FFHQ,Hourglass,,PixDiff,not_applicable,d1871a7be2bb55c3f85a7e6cf0445ffe770cac25e7b7b85ab17fe2aa5fc1ae4e,eb85c3ca2d302ed9,20260828,7d4a74a88d2cac93b513c0853bf92c260eaceea0,data/CompEval-00278-of-00413.parquet,0,14,1024,1024,PNG,1514484
cf_test_external_seen_family_real_48490dcc31c01988,test_external_seen_family/real/cf_test_external_seen_family_real_48490dcc31c01988_000001197.tiff.tiff,0,test_external_seen_family,community-forensics-eval,real:RAISE,test,test_external_seen_family,RAISE,GALIP,,GAN,not_applicable,e7cdc37df70668f87caca96db002b672dc0e07c986ab55903dcfb1dec916ff78,d5d5854b7a3884b5,20260828,7d4a74a88d2cac93b513c0853bf92c260eaceea0,data/CompEval-00042-of-00413.parquet,3,23,4928,3264,TIFF,19963490
cf_test_external_seen_family_real_485bc6e46e4e31c6,test_external_seen_family/real/cf_test_external_seen_family_real_485bc6e46e4e31c6_29723.png.png,0,test_external_seen_family,community-forensics-eval,real:FFHQ,test,test_external_seen_family,FFHQ,Hourglass,,PixDiff,not_applicable,87f77134e8b5bcd607231983215e988ebf594716e24721191c2e862561c7652c,9b306d376518c69b,20260828,7d4a74a88d2cac93b513c0853bf92c260eaceea0,data/CompEval-00277-of-00413.parquet,0,20,1024,1024,PNG,1093300
cf_test_external_seen_family_real_485c420dcf020d70,test_external_seen_family/real/cf_test_external_seen_family_real_485c420dcf020d70_00011749.jpeg.jpg,0,test_external_seen_family,community-forensics-eval,real:LAION,test,test_external_seen_family,LAION,Imagen3,,Commercial,not_applicable,68a7afac4604baa143a6548c0d35f8335700d3b3d2fd6e32ae27794d6dae42d0,eb84847a942d7ab6,20260828,7d4a74a88d2cac93b513c0853bf92c260eaceea0,data/CompEval-00173-of-00413.parquet,0,18,336,596,JPEG,19308
cf_test_external_seen_family_real_487b02fbfe84b2fe,test_external_seen_family/real/cf_test_external_seen_family_real_487b02fbfe84b2fe_06936.png.png,0,test_external_seen_family,community-forensics-eval,real:FFHQ,test,test_external_seen_family,FFHQ,Hourglass,,PixDiff,not_applicable,3db5222d22155cba95b741fd3bf96cd6b8e4532d2fd4a8574bdab98cd661e866,8e5ce172a578c72a,20260828,7d4a74a88d2cac93b513c0853bf92c260eaceea0,data/CompEval-00277-of-00413.parquet,0,14,1024,1024,PNG,1330741
cf_test_external_seen_family_real_4880327a9bd656ff,test_external_seen_family/real/cf_test_external_seen_family_real_4880327a9bd656ff_04928.png.png,0,test_external_seen_family,community-forensics-eval,real:FFHQ,test,test_external_seen_family,FFHQ,Hourglass,,PixDiff,not_applicable,f054e63e886bb1ad2f65876c4971598c2e71b83bab2ea7ffd7cea445ab86fdbe,bffa60d2c2c9c988,20260828,7d4a74a88d2cac93b513c0853bf92c260eaceea0,data/CompEval-00277-of-00413.parquet,1,21,1024,1024,PNG,1356360
cf_test_external_seen_family_real_48ae0ec20c3806a1,test_external_seen_family/real/cf_test_external_seen_family_real_48ae0ec20c3806a1_000003524.tiff.tiff,0,test_external_seen_family,community-forensics-eval,real:RAISE,test,test_external_seen_family,RAISE,LCM_lora_ssd1b,,LatDiff,not_applicable,ebf900dda1cd28a9f938be6fff90afe6273b33fa41936d2f29810ed7927e628d,dcc68f3197622b25,20260828,7d4a74a88d2cac93b513c0853bf92c260eaceea0,data/CompEval-00401-of-00413.parquet,4,18,2848,4288,TIFF,18716846
cf_test_external_seen_family_real_48d394fc4702ad61,test_external_seen_family/real/cf_test_external_seen_family_real_48d394fc4702ad61_000000381114.jpg.jpg,0,test_external_seen_family,community-forensics-eval,real:COCO,test,test_external_seen_family,COCO,DFGAN,,GAN,not_applicable,a9c9c780b3ffc5afcf3c5d54b9658f29853a8bf4c8dcd736fedae8120c7bf792,a439c35b74ad9a54,20260828,7d4a74a88d2cac93b513c0853bf92c260eaceea0,data/CompEval-00350-of-00413.parquet,0,10,640,424,JPEG,27947
cf_test_external_seen_family_real_48ebcca0536b8984,test_external_seen_family/real/cf_test_external_seen_family_real_48ebcca0536b8984_000001237.tiff.tiff,0,test_external_seen_family,community-forensics-eval,real:RAISE,test,test_external_seen_family,RAISE,kvikontent_midjourney_v6,,LatDiff,not_applicable,e55f9d37bd47c4f8710f011431e63aa49ae335222ce27c32a26ffd0a7ce71a9d,e09cbe63630f8687,20260828,7d4a74a88d2cac93b513c0853bf92c260eaceea0,data/CompEval-00093-of-00413.parquet,4,20,4928,3264,TIFF,22727562
cf_test_external_seen_family_real_48f1e70406a5264d,test_external_seen_family/real/cf_test_external_seen_family_real_48f1e70406a5264d_00020021.jpeg.jpg,0,test_external_seen_family,community-forensics-eval,real:LAION,test,test_external_seen_family,LAION,FLUX-schnell,,Commercial,not_applicable,708a8ec8a3656dedbdf4ef8ee9c91b2e952cdc28fc9e07f08aa37225e56562b6,91373a973e3c3a05,20260828,7d4a74a88d2cac93b513c0853bf92c260eaceea0,data/CompEval-00136-of-00413.parquet,2,4,480,270,JPEG,15251
cf_test_external_seen_family_real_491efc5eb7443837,test_external_seen_family/real/cf_test_external_seen_family_real_491efc5eb7443837_00024812.jpeg.jpg,0,test_external_seen_family,community-forensics-eval,real:LAION,test,test_external_seen_family,LAION,Firefly_Image3,,Commercial,not_applicable,f9d923f083ae959b73053687abb9d23cadff9707cff091c74a5887a86c7038a2,d79168c23d2d6237,20260828,7d4a74a88d2cac93b513c0853bf92c260eaceea0,data/CompEval-00329-of-00413.parquet,4,1,322,450,JPEG,30949
cf_test_external_seen_family_real_4964ffc2d70fa258,test_external_seen_family/real/cf_test_external_seen_family_real_4964ffc2d70fa258_15007.png.png,0,test_external_seen_family,community-forensics-eval,real:FFHQ,test,test_external_seen_family,FFHQ,Hourglass,,PixDiff,not_applicable,184e5f8b79f3fa978fe9b69a3f9761f806102fab2120361d07ed80aed4308e95,92c55dd631292b9d,20260828,7d4a74a88d2cac93b513c0853bf92c260eaceea0,data/CompEval-00108-of-00413.parquet,2,23,1024,1024,PNG,1536896
cf_test_external_seen_family_real_4977584b9d9e8078,test_external_seen_family/real/cf_test_external_seen_family_real_4977584b9d9e8078_40141.png.png,0,test_external_seen_family,community-forensics-eval,real:FFHQ,test,test_external_seen_family,FFHQ,Hourglass,,PixDiff,not_applicable,e2319cf12af5f63424563c41b807ec49867f12731d3eb29b0d97472a0cd29461,9df400425b8fafcc,20260828,7d4a74a88d2cac93b513c0853bf92c260eaceea0,data/CompEval-00109-of-00413.parquet,3,19,1024,1024,PNG,1322266
cf_test_external_seen_family_real_4a3c838fdd96a3cc,test_external_seen_family/real/cf_test_external_seen_family_real_4a3c838fdd96a3cc_000000334360.jpg.jpg,0,test_external_seen_family,community-forensics-eval,real:COCO,test,test_external_seen_family,COCO,DFGAN,,GAN,not_applicable,9226fb59cccf21ee386574ab820fa56537f9e4fa894547d324ffc5e060fd314a,d6aad11959cc2573,20260828,7d4a74a88d2cac93b513c0853bf92c260eaceea0,data/CompEval-00352-of-00413.parquet,1,15,640,427,JPEG,36298
cf_test_external_seen_family_real_4a9edc334f5beda1,test_external_seen_family/real/cf_test_external_seen_family_real_4a9edc334f5beda1_000005087.tiff.tiff,0,test_external_seen_family,community-forensics-eval,real:RAISE,test,test_external_seen_family,RAISE,stable_cascade,,Other,not_applicable,fb710a55a79cc00475cdb7057e292189d8ed32cbcb27e68ebbe16159e79c6ad6,d97f7b05319840d3,20260828,7d4a74a88d2cac93b513c0853bf92c260eaceea0,data/CompEval-00258-of-00413.parquet,4,22,3264,4928,TIFF,32793748
cf_test_external_seen_family_real_4b42c3f661c262e9,test_external_seen_family/real/cf_test_external_seen_family_real_4b42c3f661c262e9_00020838.jpeg.jpg,0,test_external_seen_family,community-forensics-eval,real:LAION,test,test_external_seen_family,LAION,FLUX-schnell,,Commercial,not_applicable,5d06c851c68d9078f2901d4da34fe7eb4d36efed7e163a5e64dfaf48e2b0c76f,a2a32ec799b0979a,20260828,7d4a74a88d2cac93b513c0853bf92c260eaceea0,data/CompEval-00135-of-00413.parquet,4,8,320,320,JPEG,23445
cf_test_external_seen_family_real_4b845461003121fb,test_external_seen_family/real/cf_test_external_seen_family_real_4b845461003121fb_43274.png.png,0,test_external_seen_family,community-forensics-eval,real:FFHQ,test,test_external_seen_family,FFHQ,Hourglass,,PixDiff,not_applicable,569176e158e93a68689c590635fa94d39aa664373bda28c22deeed564b111b18,881734b7786b8acb,20260828,7d4a74a88d2cac93b513c0853bf92c260eaceea0,data/CompEval-00106-of-00413.parquet,3,16,1024,1024,PNG,1378025
cf_test_external_seen_family_real_4bb7480298e5404d,test_external_seen_family/real/cf_test_external_seen_family_real_4bb7480298e5404d_63402.png.png,0,test_external_seen_family,community-forensics-eval,real:FFHQ,test,test_external_seen_family,FFHQ,Hourglass,,PixDiff,not_applicable,f0cc3aea78529be234bcf08810bc610aac04dfc35032dbd6491a3ddf9ba4b3b3,f0606363a7c58e8f,20260828,7d4a74a88d2cac93b513c0853bf92c260eaceea0,data/CompEval-00106-of-00413.parquet,3,18,1024,1024,PNG,996488
cf_test_external_seen_family_real_4c35e9b00f527b6a,test_external_seen_family/real/cf_test_external_seen_family_real_4c35e9b00f527b6a_000000236286.jpg.jpg,0,test_external_seen_family,community-forensics-eval,real:COCO,test,test_external_seen_family,COCO,DFGAN,,GAN,not_applicable,5e564921aeb8dfb95f01840d308e2e6167f86533278447d9ca3141ceb5a905f8,c7b7686839978689,20260828,7d4a74a88d2cac93b513c0853bf92c260eaceea0,data/CompEval-00357-of-00413.parquet,2,6,640,480,JPEG,36553
cf_test_external_seen_family_real_4c6ffbf7deed83c1,test_external_seen_family/real/cf_test_external_seen_family_real_4c6ffbf7deed83c1_06625.png.png,0,test_external_seen_family,community-forensics-eval,real:FFHQ,test,test_external_seen_family,FFHQ,Hourglass,,PixDiff,not_applicable,978bf29d24498a36dea6544af7a67cd28807ce655a8cf7e9916c1ea0e33ec768,d0e325879c9cb39a,20260828,7d4a74a88d2cac93b513c0853bf92c260eaceea0,data/CompEval-00106-of-00413.parquet,5,0,1024,1024,PNG,1131489
cf_test_external_seen_family_real_4cbd568875538df6,test_external_seen_family/real/cf_test_external_seen_family_real_4cbd568875538df6_000000161.tiff.tiff,0,test_external_seen_family,community-forensics-eval,real:RAISE,test,test_external_seen_family,RAISE,GALIP,,GAN,not_applicable,28466974dbb60f8a48efabbae9584c1fb6dddc7a742b5a7ba3066409368d5288,e85c9f78e0217517,20260828,7d4a74a88d2cac93b513c0853bf92c260eaceea0,data/CompEval-00043-of-00413.parquet,1,12,2000,3008,TIFF,8446568
cf_test_external_seen_family_real_4ce19f4e5f8fb309,test_external_seen_family/real/cf_test_external_seen_family_real_4ce19f4e5f8fb309_28810.png.png,0,test_external_seen_family,community-forensics-eval,real:FFHQ,test,test_external_seen_family,FFHQ,Hourglass,,PixDiff,not_applicable,ac6d15ded2229ce8f704f2bd43f51e53b80bb7eda74da827d28d1b916cdab070,9ee26127e76d82c4,20260828,7d4a74a88d2cac93b513c0853bf92c260eaceea0,data/CompEval-00277-of-00413.parquet,1,19,1024,1024,PNG,1424598
cf_test_external_seen_family_real_4ce6c4481d763e64,test_external_seen_family/real/cf_test_external_seen_family_real_4ce6c4481d763e64_000000348051.jpg.jpg,0,test_external_seen_family,community-forensics-eval,real:COCO,test,test_external_seen_family,COCO,DFGAN,,GAN,not_applicable,ae2ca864c2dd0be530b0a25f427a0822e1486857768a6ced6b51d0689d4cbfeb,fab99531326263c9,20260828,7d4a74a88d2cac93b513c0853bf92c260eaceea0,data/CompEval-00357-of-00413.parquet,0,8,359,640,JPEG,54890
cf_test_external_seen_family_real_4d0678724fe2d5c4,test_external_seen_family/real/cf_test_external_seen_family_real_4d0678724fe2d5c4_000000539316.jpg.jpg,0,test_external_seen_family,community-forensics-eval,real:COCO,test,test_external_seen_family,COCO,DFGAN,,GAN,not_applicable,cb3eefba47dd75c0f5bf81af9e6128302654f69db79bffc15903bd5f8800331f,a799f0a89d2378cc,20260828,7d4a74a88d2cac93b513c0853bf92c260eaceea0,data/CompEval-00349-of-00413.parquet,3,21,640,429,JPEG,36801
cf_test_external_seen_family_real_4d593e0e61f2bcf5,test_external_seen_family/real/cf_test_external_seen_family_real_4d593e0e61f2bcf5_000001784.tiff.tiff,0,test_external_seen_family,community-forensics-eval,real:RAISE,test,test_external_seen_family,RAISE,kandinsky_2_2,,LatDiff,not_applicable,590608ce756350a522c6e77d98cb08a3e312712b814fdc93eabd41ef004814c8,a4c1e0b25d3dcb96,20260828,7d4a74a88d2cac93b513c0853bf92c260eaceea0,data/CompEval-00160-of-00413.parquet,0,5,4928,3264,TIFF,28788020
cf_test_external_seen_family_real_4d60bdbcb4b85f23,test_external_seen_family/real/cf_test_external_seen_family_real_4d60bdbcb4b85f23_20970.png.png,0,test_external_seen_family,community-forensics-eval,real:FFHQ,test,test_external_seen_family,FFHQ,Hourglass,,PixDiff,not_applicable,5ac8e129585d329edd46184edffdf617b3fad50a55a6ce82ea3f171919653cc4,ceb936b7727030c2,20260828,7d4a74a88d2cac93b513c0853bf92c260eaceea0,data/CompEval-00270-of-00413.parquet,4,2,1024,1024,PNG,1666657
cf_test_external_seen_family_real_4da2a0ea6e6865c8,test_external_seen_family/real/cf_test_external_seen_family_real_4da2a0ea6e6865c8_00007132.jpeg.jpg,0,test_external_seen_family,community-forensics-eval,real:LAION,test,test_external_seen_family,LAION,Imagen3,,Commercial,not_applicable,5e05f1500cd412bbda4833a251909378de6b7afa34fa524fae72a4c900bd8ddb,b8f08795f3c2486e,20260828,7d4a74a88d2cac93b513c0853bf92c260eaceea0,data/CompEval-00238-of-00413.parquet,0,16,462,600,JPEG,44148
cf_test_external_seen_family_real_4dcfba128c3e944c,test_external_seen_family/real/cf_test_external_seen_family_real_4dcfba128c3e944c_10923.png.png,0,test_external_seen_family,community-forensics-eval,real:FFHQ,test,test_external_seen_family,FFHQ,Hourglass,,PixDiff,not_applicable,48628a644867f4817b3cfb6fc013d13dc7f4252cdc7be0aafbf34c994d8f1e9e,cabc68d3e11da698,20260828,7d4a74a88d2cac93b513c0853bf92c260eaceea0,data/CompEval-00105-of-00413.parquet,4,15,1024,1024,PNG,1362359
cf_test_external_seen_family_real_4e34f14adc47f86e,test_external_seen_family/real/cf_test_external_seen_family_real_4e34f14adc47f86e_000001635.tiff.tiff,0,test_external_seen_family,community-forensics-eval,real:RAISE,test,test_external_seen_family,RAISE,kandinsky_2_2,,LatDiff,not_applicable,76b29fda75ab584c0afb52ed85ac7e6103ac6e37785ada5fdba51fd725b427c4,870fa78785955179,20260828,7d4a74a88d2cac93b513c0853bf92c260eaceea0,data/CompEval-00165-of-00413.parquet,2,2,4928,3264,TIFF,22001324
cf_test_external_seen_family_real_4e38238d2002465e,test_external_seen_family/real/cf_test_external_seen_family_real_4e38238d2002465e_000004502.tiff.tiff,0,test_external_seen_family,community-forensics-eval,real:RAISE,test,test_external_seen_family,RAISE,kvikontent_midjourney_v6,,LatDiff,not_applicable,d86595c02de9e47818f04b22460732f3efc933e3e6c5bbdf7fa5e31d382d0ce3,850fdf0d03e70727,20260828,7d4a74a88d2cac93b513c0853bf92c260eaceea0,data/CompEval-00093-of-00413.parquet,3,19,4928,3264,TIFF,11443702
cf_test_external_seen_family_real_4e4fc118ef1b7e6b,test_external_seen_family/real/cf_test_external_seen_family_real_4e4fc118ef1b7e6b_00031421.jpeg.jpg,0,test_external_seen_family,community-forensics-eval,real:LAION,test,test_external_seen_family,LAION,MidjourneyV6_1,,Commercial,not_applicable,41df7dfb8256d33a6943531e20881b2d54ced62416986a0995403d7d38ce76a9,bfc0e03fc8629378,20260828,7d4a74a88d2cac93b513c0853bf92c260eaceea0,data/CompEval-00391-of-00413.parquet,3,12,1500,2300,JPEG,107093
cf_test_external_seen_family_real_4e7a9dd063538c84,test_external_seen_family/real/cf_test_external_seen_family_real_4e7a9dd063538c84_61359.png.png,0,test_external_seen_family,community-forensics-eval,real:FFHQ,test,test_external_seen_family,FFHQ,Hourglass,,PixDiff,not_applicable,f9a3d777258cb750290b613eb17e226a4e14bbbaedd71989ba364d01cd53778e,da6521d607d85eaa,20260828,7d4a74a88d2cac93b513c0853bf92c260eaceea0,data/CompEval-00110-of-00413.parquet,1,2,1024,1024,PNG,1400619
cf_test_external_seen_family_real_4eb5df8f136806c2,test_external_seen_family/real/cf_test_external_seen_family_real_4eb5df8f136806c2_47222.png.png,0,test_external_seen_family,community-forensics-eval,real:FFHQ,test,test_external_seen_family,FFHQ,Hourglass,,PixDiff,not_applicable,91ffa1f5eb2c3a1504bf7210528fb95dbd5324016fd94e9c602ddc8c9da8a3f3,ebd0d0c3998da58e,20260828,7d4a74a88d2cac93b513c0853bf92c260eaceea0,data/CompEval-00109-of-00413.parquet,3,10,1024,1024,PNG,1188488
cf_test_external_seen_family_real_4eea2f9ce1d9fc99,test_external_seen_family/real/cf_test_external_seen_family_real_4eea2f9ce1d9fc99_000003798.tiff.tiff,0,test_external_seen_family,community-forensics-eval,real:RAISE,test,test_external_seen_family,RAISE,LCM_lora_ssd1b,,LatDiff,not_applicable,772e3ea4f0b800cc79489c4c581edd62cdaa06a89ffeecf8b65ed94c60b28902,936c55b2ad13ea45,20260828,7d4a74a88d2cac93b513c0853bf92c260eaceea0,data/CompEval-00402-of-00413.parquet,2,19,2848,4288,TIFF,19881876
cf_test_external_seen_family_real_4f067ed2404f0355,test_external_seen_family/real/cf_test_external_seen_family_real_4f067ed2404f0355_000002710.tiff.tiff,0,test_external_seen_family,community-forensics-eval,real:RAISE,test,test_external_seen_family,RAISE,kandinsky_2_2,,LatDiff,not_applicable,e878989e38e75ab827f289993261e5ae754bb38208da6e5c659323b69a796f03,d907a6b18d4ae749,20260828,7d4a74a88d2cac93b513c0853bf92c260eaceea0,data/CompEval-00166-of-00413.parquet,4,19,4288,2848,TIFF,21325216
cf_test_external_seen_family_real_4f349c256f15285b,test_external_seen_family/real/cf_test_external_seen_family_real_4f349c256f15285b_34291.png.png,0,test_external_seen_family,community-forensics-eval,real:FFHQ,test,test_external_seen_family,FFHQ,Hourglass,,PixDiff,not_applicable,5d0d2e8237a9333cc235ffb1fc0116c6b2d81376b756a3434c9f3cb348a47a51,f70df23c83b09781,20260828,7d4a74a88d2cac93b513c0853bf92c260eaceea0,data/CompEval-00276-of-00413.parquet,3,12,1024,1024,PNG,1318325
cf_test_external_seen_family_real_4f3e27c09c41381d,test_external_seen_family/real/cf_test_external_seen_family_real_4f3e27c09c41381d_000003254.tiff.tiff,0,test_external_seen_family,community-forensics-eval,real:RAISE,test,test_external_seen_family,RAISE,LCM_lora_ssd1b,,LatDiff,not_applicable,4258927435b2e102cba1d7ad3800e7286a26242f098a5c589cd4fe3d8cb6d90a,f6ec09413df60cc9,20260828,7d4a74a88d2cac93b513c0853bf92c260eaceea0,data/CompEval-00402-of-00413.parquet,2,0,2848,4288,TIFF,18101482
cf_test_external_seen_family_real_4f92ae5478814ce6,test_external_seen_family/real/cf_test_external_seen_family_real_4f92ae5478814ce6_000006770.tiff.tiff,0,test_external_seen_family,community-forensics-eval,real:RAISE,test,test_external_seen_family,RAISE,LCM_lora_sdxl,,LatDiff,not_applicable,bb17555de337f9546fc2c930d0a959269473b216dcfb5f42bfa5aa85b8cb2ebc,e7e330e1c139c4dc,20260828,7d4a74a88d2cac93b513c0853bf92c260eaceea0,data/CompEval-00375-of-00413.parquet,4,16,4928,3264,TIFF,18237124
cf_test_external_seen_family_real_5034b5da64630833,test_external_seen_family/real/cf_test_external_seen_family_real_5034b5da64630833_10732.png.png,0,test_external_seen_family,community-forensics-eval,real:FFHQ,test,test_external_seen_family,FFHQ,Hourglass,,PixDiff,not_applicable,301671aa0f340926fde2581f18513c90357a26252d41d58a5263f3789a17d514,911e63c90cdb5b93,20260828,7d4a74a88d2cac93b513c0853bf92c260eaceea0,data/CompEval-00106-of-00413.parquet,1,0,1024,1024,PNG,1394421
cf_test_external_seen_family_real_506cd8324e774f15,test_external_seen_family/real/cf_test_external_seen_family_real_506cd8324e774f15_69863.png.png,0,test_external_seen_family,community-forensics-eval,real:FFHQ,test,test_external_seen_family,FFHQ,Hourglass,,PixDiff,not_applicable,cce8f31e820ec1d4718d3385b5c1c42672725cc5a6c7d0425fad2066caf1fe7d,9f5068e764dc8399,20260828,7d4a74a88d2cac93b513c0853bf92c260eaceea0,data/CompEval-00108-of-00413.parquet,0,10,1024,1024,PNG,1382896
cf_test_external_seen_family_real_50ab8654e0ca7e19,test_external_seen_family/real/cf_test_external_seen_family_real_50ab8654e0ca7e19_000000075717.jpg.jpg,0,test_external_seen_family,community-forensics-eval,real:COCO,test,test_external_seen_family,COCO,DFGAN,,GAN,not_applicable,18ffa520091938462a8ec112aef2d1089f46ed27e55eb298b7e19f9dc8649ca8,9f159bbe50c9ec10,20260828,7d4a74a88d2cac93b513c0853bf92c260eaceea0,data/CompEval-00352-of-00413.parquet,0,0,640,425,JPEG,99472
cf_test_external_seen_family_real_5176f6a71a1a0514,test_external_seen_family/real/cf_test_external_seen_family_real_5176f6a71a1a0514_41520.png.png,0,test_external_seen_family,community-forensics-eval,real:FFHQ,test,test_external_seen_family,FFHQ,Hourglass,,PixDiff,not_applicable,1c64d9d6ad1f21cb9f8bd100ca92654d17345a2b197f040f3f4d37b151a07fd3,cc526e36363cca9c,20260828,7d4a74a88d2cac93b513c0853bf92c260eaceea0,data/CompEval-00104-of-00413.parquet,1,11,1024,1024,PNG,1449860
cf_test_external_seen_family_real_51c9a3d033329fa2,test_external_seen_family/real/cf_test_external_seen_family_real_51c9a3d033329fa2_00050819.jpeg.jpg,0,test_external_seen_family,community-forensics-eval,real:LAION,test,test_external_seen_family,LAION,MidjourneyV5_2,,Commercial,not_applicable,1c5d10ba043894a18d657640fbf2d72e01e0c0f9d725a17d4920e6c08f8b0ca1,e699866d96b26386,20260828,7d4a74a88d2cac93b513c0853bf92c260eaceea0,data/CompEval-00286-of-00413.parquet,3,10,600,600,JPEG,24587
cf_test_external_seen_family_real_51cdff6785836469,test_external_seen_family/real/cf_test_external_seen_family_real_51cdff6785836469_46976.png.png,0,test_external_seen_family,community-forensics-eval,real:FFHQ,test,test_external_seen_family,FFHQ,Hourglass,,PixDiff,not_applicable,0cafe10d16bb3b622927f4176508acf8c10c08d10f24343ae9c83d1fa691cece,ca743c93708dc6ce,20260828,7d4a74a88d2cac93b513c0853bf92c260eaceea0,data/CompEval-00271-of-00413.parquet,2,10,1024,1024,PNG,1291148
cf_test_external_seen_family_real_5248a78a41075ecf,test_external_seen_family/real/cf_test_external_seen_family_real_5248a78a41075ecf_000007496.tiff.tiff,0,test_external_seen_family,community-forensics-eval,real:RAISE,test,test_external_seen_family,RAISE,LCM_lora_sdxl,,LatDiff,not_applicable,fa9e12d731a5d3de3a79e1d6b8a6b5c5236ae05351a97425e6cb0dabf713fdda,c0c895a93b4b6b5b,20260828,7d4a74a88d2cac93b513c0853bf92c260eaceea0,data/CompEval-00375-of-00413.parquet,0,5,3264,4928,TIFF,28596442
cf_test_external_seen_family_real_525f92d62acff9e0,test_external_seen_family/real/cf_test_external_seen_family_real_525f92d62acff9e0_000000158983.jpg.jpg,0,test_external_seen_family,community-forensics-eval,real:COCO,test,test_external_seen_family,COCO,DFGAN,,GAN,not_applicable,3334382bed6d19f053eb96c262339a7e9dee662dc839db63da67fccf2aaf9211,cb562668b2d6ad0d,20260828,7d4a74a88d2cac93b513c0853bf92c260eaceea0,data/CompEval-00350-of-00413.parquet,0,6,640,427,JPEG,60533
cf_test_external_seen_family_real_526c60041b98d2e7,test_external_seen_family/real/cf_test_external_seen_family_real_526c60041b98d2e7_00049826.jpeg.jpg,0,test_external_seen_family,community-forensics-eval,real:LAION,test,test_external_seen_family,LAION,Firefly_Image3,,Commercial,not_applicable,44970d6a02abd5a532163102c6d76bce5ae29e31ba79e2428caca4daf0e1982a,a19ed661d9306e1e,20260828,7d4a74a88d2cac93b513c0853bf92c260eaceea0,data/CompEval-00337-of-00413.parquet,3,10,300,300,JPEG,8277
cf_test_external_seen_family_real_5368c74e5f252a59,test_external_seen_family/real/cf_test_external_seen_family_real_5368c74e5f252a59_000000840.tiff.tiff,0,test_external_seen_family,community-forensics-eval,real:RAISE,test,test_external_seen_family,RAISE,LCM_lora_sdxl,,LatDiff,not_applicable,9113c1a275efb474ab44e78590bbf5a9f4bfc6b8f7e9a9479647f5c75b229d5d,9405c3ba8c97babc,20260828,7d4a74a88d2cac93b513c0853bf92c260eaceea0,data/CompEval-00378-of-00413.parquet,4,7,4928,3264,TIFF,23887982
cf_test_external_seen_family_real_536f006e22ce76e9,test_external_seen_family/real/cf_test_external_seen_family_real_536f006e22ce76e9_000000129564.jpg.jpg,0,test_external_seen_family,community-forensics-eval,real:COCO,test,test_external_seen_family,COCO,DFGAN,,GAN,not_applicable,2484583349f72044f6c250db508a2becdc59a5e58bb625d79561399224ed0b13,bcc319b649b227e4,20260828,7d4a74a88d2cac93b513c0853bf92c260eaceea0,data/CompEval-00355-of-00413.parquet,3,13,500,370,JPEG,17341
cf_test_external_seen_family_real_54214f0c5ac39867,test_external_seen_family/real/cf_test_external_seen_family_real_54214f0c5ac39867_19173.png.png,0,test_external_seen_family,community-forensics-eval,real:FFHQ,test,test_external_seen_family,FFHQ,Hourglass,,PixDiff,not_applicable,3fef9ddceb7e3300976ea90e34b873f4ad9e1de9e15040091267d0660289d9b4,bd2f30f03492cada,20260828,7d4a74a88d2cac93b513c0853bf92c260eaceea0,data/CompEval-00108-of-00413.parquet,2,2,1024,1024,PNG,950378
cf_test_external_seen_family_real_546054ce0910fad2,test_external_seen_family/real/cf_test_external_seen_family_real_546054ce0910fad2_00047895.jpeg.jpg,0,test_external_seen_family,community-forensics-eval,real:LAION,test,test_external_seen_family,LAION,MidjourneyV6_1,,Commercial,not_applicable,f2de0e0e97daa8c21834376f5c4ebd810c2db70c349c5699bd4fa56512b93de7,f5cc5a7261c9c6a2,20260828,7d4a74a88d2cac93b513c0853bf92c260eaceea0,data/CompEval-00011-of-00413.parquet,2,16,300,300,JPEG,6555
cf_test_external_seen_family_real_54a11e4f27681e5c,test_external_seen_family/real/cf_test_external_seen_family_real_54a11e4f27681e5c_13758.png.png,0,test_external_seen_family,community-forensics-eval,real:FFHQ,test,test_external_seen_family,FFHQ,Hourglass,,PixDiff,not_applicable,f8ce617d8fe390b19f1c66ac3086df8f4ee54d486a72c13cb38d7d6968eab054,e0a041f70de3fa8e,20260828,7d4a74a88d2cac93b513c0853bf92c260eaceea0,data/CompEval-00108-of-00413.parquet,3,11,1024,1024,PNG,1367685
cf_test_external_seen_family_real_54e41a4c633ed262,test_external_seen_family/real/cf_test_external_seen_family_real_54e41a4c633ed262_000001007.tiff.tiff,0,test_external_seen_family,community-forensics-eval,real:RAISE,test,test_external_seen_family,RAISE,GALIP,,GAN,not_applicable,2923a9ea2544862cdd45227e8b7eab1b43c04836a29ab74a529d4310865ef580,956a621deae015eb,20260828,7d4a74a88d2cac93b513c0853bf92c260eaceea0,data/CompEval-00045-of-00413.parquet,3,0,4928,3264,TIFF,23741688
cf_test_external_seen_family_real_54f236b4ffae93fb,test_external_seen_family/real/cf_test_external_seen_family_real_54f236b4ffae93fb_00021392.png.png,0,test_external_seen_family,community-forensics-eval,real:LAION,test,test_external_seen_family,LAION,MidjourneyV6_1,,Commercial,not_applicable,90750928814e9473b3704fa84f2fa198f2d5c17f2adefc9116cb8043718f54bb,abd57a6b9404c3d2,20260828,7d4a74a88d2cac93b513c0853bf92c260eaceea0,data/CompEval-00285-of-00413.parquet,4,21,333,333,PNG,100956
cf_test_external_seen_family_real_553b2152c72e3cf2,test_external_seen_family/real/cf_test_external_seen_family_real_553b2152c72e3cf2_000000103721.jpg.jpg,0,test_external_seen_family,community-forensics-eval,real:COCO,test,test_external_seen_family,COCO,DFGAN,,GAN,not_applicable,7dcae73615f64ccdca2f5fe189c9aef9b140629ec386ffa8eac646182c7158de,adba4b6079e12c8b,20260828,7d4a74a88d2cac93b513c0853bf92c260eaceea0,data/CompEval-00353-of-00413.parquet,1,2,640,360,JPEG,50103
cf_test_external_seen_family_real_5605fbcea51fd74d,test_external_seen_family/real/cf_test_external_seen_family_real_5605fbcea51fd74d_000008019.tiff.tiff,0,test_external_seen_family,community-forensics-eval,real:RAISE,test,test_external_seen_family,RAISE,LCM_lora_ssd1b,,LatDiff,not_applicable,67e59f06214795338a814fb365254640ec4a2f8b175977b3b3c9bd4a8d0f0764,b08f2c96955acb8d,20260828,7d4a74a88d2cac93b513c0853bf92c260eaceea0,data/CompEval-00397-of-00413.parquet,0,14,3264,4928,TIFF,22129636
cf_test_external_seen_family_real_5645e4dc1a1ea4e1,test_external_seen_family/real/cf_test_external_seen_family_real_5645e4dc1a1ea4e1_000005068.tiff.tiff,0,test_external_seen_family,community-forensics-eval,real:RAISE,test,test_external_seen_family,RAISE,kandinsky_2_2,,LatDiff,not_applicable,4dd89c9c8288905d196129754e280bf964b1e203c0f239f970934244e5fa51d2,90b0d9cf6f3e1581,20260828,7d4a74a88d2cac93b513c0853bf92c260eaceea0,data/CompEval-00160-of-00413.parquet,4,5,4928,3264,TIFF,28420590
cf_test_external_seen_family_real_56de3f90f7711665,test_external_seen_family/real/cf_test_external_seen_family_real_56de3f90f7711665_00020993.jpeg.jpg,0,test_external_seen_family,community-forensics-eval,real:LAION,test,test_external_seen_family,LAION,IdeogramV2,,Commercial,not_applicable,e4d3d4a0a01116c2098bf3f8f31c58be2569b0b1ab9a0d2523f71c0fe0bb9610,911b7b90bfa06c6a,20260828,7d4a74a88d2cac93b513c0853bf92c260eaceea0,data/CompEval-00236-of-00413.parquet,4,3,680,510,JPEG,37452
cf_test_external_seen_family_real_572612bc1bfbf8b3,test_external_seen_family/real/cf_test_external_seen_family_real_572612bc1bfbf8b3_000000487301.jpg.jpg,0,test_external_seen_family,community-forensics-eval,real:COCO,test,test_external_seen_family,COCO,DFGAN,,GAN,not_applicable,4012f76fee43fe9073eb20ca9a079bc5f1589d53802c06075f3e64bbca47d84f,a94371683239f6d6,20260828,7d4a74a88d2cac93b513c0853bf92c260eaceea0,data/CompEval-00354-of-00413.parquet,4,22,640,427,JPEG,40978
cf_test_external_seen_family_real_573d392e2ccdad82,test_external_seen_family/real/cf_test_external_seen_family_real_573d392e2ccdad82_00028963.jpeg.jpg,0,test_external_seen_family,community-forensics-eval,real:LAION,test,test_external_seen_family,LAION,IdeogramV1,,Commercial,not_applicable,02eee64102ccb7b029c21e5595b9c04c8f8e6fb7011bcf5128c3bcce3dee483c,b364cf969c19c989,20260828,7d4a74a88d2cac93b513c0853bf92c260eaceea0,data/CompEval-00385-of-00413.parquet,3,1,600,900,JPEG,41693
cf_test_external_seen_family_real_574ba63ea6ae32dc,test_external_seen_family/real/cf_test_external_seen_family_real_574ba63ea6ae32dc_000000529949.jpg.jpg,0,test_external_seen_family,community-forensics-eval,real:COCO,test,test_external_seen_family,COCO,DFGAN,,GAN,not_applicable,5a955d404503a66623a58ec752cd4738aca77d63ef52a0ef0615a8478d0b6ed2,e76fc908eba222c3,20260828,7d4a74a88d2cac93b513c0853bf92c260eaceea0,data/CompEval-00357-of-00413.parquet,2,0,418,500,JPEG,37866
cf_test_external_seen_family_real_5809153e87cc7b3c,test_external_seen_family/real/cf_test_external_seen_family_real_5809153e87cc7b3c_00008402.jpeg.jpg,0,test_external_seen_family,community-forensics-eval,real:LAION,test,test_external_seen_family,LAION,FLUX-schnell,,Commercial,not_applicable,35300294e04b6692c531d044cdeeede7fc5d3d3d91f6508928b4e8aabc277c22,9b9e6c6d31326474,20260828,7d4a74a88d2cac93b513c0853bf92c260eaceea0,data/CompEval-00138-of-00413.parquet,4,11,480,360,JPEG,16341
cf_test_external_seen_family_real_5877734407ba939d,test_external_seen_family/real/cf_test_external_seen_family_real_5877734407ba939d_18960.png.png,0,test_external_seen_family,community-forensics-eval,real:FFHQ,test,test_external_seen_family,FFHQ,Hourglass,,PixDiff,not_applicable,ebd1597e2de4197ceb6a9113419833b8b05d040924033ee23388139cf61b685d,adf01fcc027ff024,20260828,7d4a74a88d2cac93b513c0853bf92c260eaceea0,data/CompEval-00277-of-00413.parquet,2,20,1024,1024,PNG,1079244
cf_test_external_seen_family_real_588af438ac28134c,test_external_seen_family/real/cf_test_external_seen_family_real_588af438ac28134c_32740.png.png,0,test_external_seen_family,community-forensics-eval,real:FFHQ,test,test_external_seen_family,FFHQ,Hourglass,,PixDiff,not_applicable,3cace894590e69763db6e615036abeb100bda705939cba1dcb39416031175427,ca083f73706d56ca,20260828,7d4a74a88d2cac93b513c0853bf92c260eaceea0,data/CompEval-00105-of-00413.parquet,2,24,1024,1024,PNG,1737832
cf_test_external_seen_family_real_58e47ed655b32edc,test_external_seen_family/real/cf_test_external_seen_family_real_58e47ed655b32edc_00022339.jpeg.jpg,0,test_external_seen_family,community-forensics-eval,real:LAION,test,test_external_seen_family,LAION,Firefly_Image3,,Commercial,not_applicable,79cfcde71e9ab32541f4e4fa84b827603bab6837ee686ea718e113c832566c42,9b8aa46f90d9195d,20260828,7d4a74a88d2cac93b513c0853bf92c260eaceea0,data/CompEval-00201-of-00413.parquet,2,20,550,550,JPEG,44880
cf_test_external_seen_family_real_5901388ac3291a8a,test_external_seen_family/real/cf_test_external_seen_family_real_5901388ac3291a8a_000003704.tiff.tiff,0,test_external_seen_family,community-forensics-eval,real:RAISE,test,test_external_seen_family,RAISE,LCM_lora_ssd1b,,LatDiff,not_applicable,c103013394a89c0efe0f5f77864ff95a58403c5e257306e47c9a99c4679b39e1,9e8672f0a46c85fa,20260828,7d4a74a88d2cac93b513c0853bf92c260eaceea0,data/CompEval-00398-of-00413.parquet,3,16,4288,2848,TIFF,21426130
cf_test_external_seen_family_real_593b3f4d7bef591a,test_external_seen_family/real/cf_test_external_seen_family_real_593b3f4d7bef591a_00011918.jpeg.jpg,0,test_external_seen_family,community-forensics-eval,real:LAION,test,test_external_seen_family,LAION,MidjourneyV5_2,,Commercial,not_applicable,8a502e337126d3ace8e34e68ba433c3b8ccf5d239004f6daad2e5ce340ae9338,d5b12e063379c8c7,20260828,7d4a74a88d2cac93b513c0853bf92c260eaceea0,data/CompEval-00370-of-00413.parquet,0,10,480,360,JPEG,18215
cf_test_external_seen_family_real_59bb8c5eaf072d39,test_external_seen_family/real/cf_test_external_seen_family_real_59bb8c5eaf072d39_60182.png.png,0,test_external_seen_family,community-forensics-eval,real:FFHQ,test,test_external_seen_family,FFHQ,Hourglass,,PixDiff,not_applicable,103b5403b5687a707d31a015916213ee0f9f3cbdd3a2e580cab375b637cf962b,efd270c1eaa107c9,20260828,7d4a74a88d2cac93b513c0853bf92c260eaceea0,data/CompEval-00271-of-00413.parquet,1,20,1024,1024,PNG,1551162
cf_test_external_seen_family_real_59bfcbf568d373bb,test_external_seen_family/real/cf_test_external_seen_family_real_59bfcbf568d373bb_31990.png.png,0,test_external_seen_family,community-forensics-eval,real:FFHQ,test,test_external_seen_family,FFHQ,Hourglass,,PixDiff,not_applicable,aee474091af9c87f061872a73d5fd11e2abd9b9218b30fec841cf28577307263,a50db63e323e329a,20260828,7d4a74a88d2cac93b513c0853bf92c260eaceea0,data/CompEval-00271-of-00413.parquet,0,21,1024,1024,PNG,1328962
cf_test_external_seen_family_real_59e61525421ab5b4,test_external_seen_family/real/cf_test_external_seen_family_real_59e61525421ab5b4_00015516.jpeg.jpg,0,test_external_seen_family,community-forensics-eval,real:LAION,test,test_external_seen_family,LAION,Dalle3,,Commercial,not_applicable,b240624152c4acc8f47def586be41da74c39e058c265ab379fe9898a7071c641,9376394dc2a4783e,20260828,7d4a74a88d2cac93b513c0853bf92c260eaceea0,data/CompEval-00102-of-00413.parquet,2,9,1920,1080,JPEG,194781
cf_test_external_seen_family_real_5a15137bc9c8b91c,test_external_seen_family/real/cf_test_external_seen_family_real_5a15137bc9c8b91c_18477.png.png,0,test_external_seen_family,community-forensics-eval,real:FFHQ,test,test_external_seen_family,FFHQ,Hourglass,,PixDiff,not_applicable,ef374a855a41603aecd4ef6425a1f4064eab4cea3ff72b1600d16f46dad6d50b,878295dfc4073d95,20260828,7d4a74a88d2cac93b513c0853bf92c260eaceea0,data/CompEval-00109-of-00413.parquet,3,7,1024,1024,PNG,1265571
cf_test_external_seen_family_real_5ad0799029b27d2b,test_external_seen_family/real/cf_test_external_seen_family_real_5ad0799029b27d2b_00004562.jpeg.jpg,0,test_external_seen_family,community-forensics-eval,real:LAION,test,test_external_seen_family,LAION,IdeogramV1,,Commercial,not_applicable,149053951bfff73a01f07366ed0c58c5a2b32d24e4fd2a31a008885d2b229412,8aa5dcf251287778,20260828,7d4a74a88d2cac93b513c0853bf92c260eaceea0,data/CompEval-00382-of-00413.parquet,0,17,690,518,JPEG,72224
cf_test_external_seen_family_real_5ae0c14747621d02,test_external_seen_family/real/cf_test_external_seen_family_real_5ae0c14747621d02_00053663.jpeg.jpg,0,test_external_seen_family,community-forensics-eval,real:LAION,test,test_external_seen_family,LAION,Dalle2,,Commercial,not_applicable,6485767d697d4960ad8a285e62f50e15e324e6eb9f4aa78d4fec321d2c894c5c,ab1ad4c5c4adc0e7,20260828,7d4a74a88d2cac93b513c0853bf92c260eaceea0,data/CompEval-00349-of-00413.parquet,0,17,320,320,JPEG,15561
cf_test_external_seen_family_real_5b91bc350a92ce5c,test_external_seen_family/real/cf_test_external_seen_family_real_5b91bc350a92ce5c_00050345.jpeg.jpg,0,test_external_seen_family,community-forensics-eval,real:LAION,test,test_external_seen_family,LAION,Dalle3,,Commercial,not_applicable,fda9e3aa629e454a5ca35a527d6a2f936c794d8ee3a1181385f6090523e3d45e,e1a9dc4c096fb8d1,20260828,7d4a74a88d2cac93b513c0853bf92c260eaceea0,data/CompEval-00098-of-00413.parquet,0,4,736,490,JPEG,78820
cf_test_external_seen_family_real_5bdf290abaad6d51,test_external_seen_family/real/cf_test_external_seen_family_real_5bdf290abaad6d51_00031998.jpeg.jpg,0,test_external_seen_family,community-forensics-eval,real:LAION,test,test_external_seen_family,LAION,IdeogramV1,,Commercial,not_applicable,4188befac611076aad8b97b86fdd9123801e156638ecdc20f0498f9060712d96,ea6acb3d31992427,20260828,7d4a74a88d2cac93b513c0853bf92c260eaceea0,data/CompEval-00386-of-00413.parquet,4,15,420,315,JPEG,13525
cf_test_external_seen_family_real_5c376e086afdd14a,test_external_seen_family/real/cf_test_external_seen_family_real_5c376e086afdd14a_000000500458.jpg.jpg,0,test_external_seen_family,community-forensics-eval,real:COCO,test,test_external_seen_family,COCO,DFGAN,,GAN,not_applicable,d104c54a1a4773d61934dc830875e4c8bf7dc9fa4b172f44a41244807dec7ee2,9c98b69699999c96,20260828,7d4a74a88d2cac93b513c0853bf92c260eaceea0,data/CompEval-00349-of-00413.parquet,4,3,640,454,JPEG,69659
cf_test_external_seen_family_real_5c4b2daba1da956b,test_external_seen_family/real/cf_test_external_seen_family_real_5c4b2daba1da956b_00039081.jpeg.jpg,0,test_external_seen_family,community-forensics-eval,real:LAION,test,test_external_seen_family,LAION,Imagen3,,Commercial,not_applicable,172a459370d639250df616f09bdb0b708b6c35626cfce1c0ebb18db24e3ee9e2,be81c025d17af13e,20260828,7d4a74a88d2cac93b513c0853bf92c260eaceea0,data/CompEval-00169-of-00413.parquet,3,20,960,720,JPEG,73008
cf_test_external_seen_family_real_5cc5739ee9af6252,test_external_seen_family/real/cf_test_external_seen_family_real_5cc5739ee9af6252_07501.png.png,0,test_external_seen_family,community-forensics-eval,real:FFHQ,test,test_external_seen_family,FFHQ,Hourglass,,PixDiff,not_applicable,ab931837d12d7185aea4d0299710ebd617779cd58d12dc506b7e005ba6bfc559,cff5b0b030ba51c9,20260828,7d4a74a88d2cac93b513c0853bf92c260eaceea0,data/CompEval-00109-of-00413.parquet,1,2,1024,1024,PNG,1456709
cf_test_external_seen_family_real_5e0b24c605e6af3e,test_external_seen_family/real/cf_test_external_seen_family_real_5e0b24c605e6af3e_51622.png.png,0,test_external_seen_family,community-forensics-eval,real:FFHQ,test,test_external_seen_family,FFHQ,Hourglass,,PixDiff,not_applicable,dac9a4be13ec15062d02de5d42ea5d0ec4d601594e69e2dbd541b6576abdc53f,e08583033d5f8bcf,20260828,7d4a74a88d2cac93b513c0853bf92c260eaceea0,data/CompEval-00107-of-00413.parquet,3,20,1024,1024,PNG,1511977
cf_test_external_seen_family_real_5e0c0d9567acdf80,test_external_seen_family/real/cf_test_external_seen_family_real_5e0c0d9567acdf80_69106.png.png,0,test_external_seen_family,community-forensics-eval,real:FFHQ,test,test_external_seen_family,FFHQ,Hourglass,,PixDiff,not_applicable,040ca18cf396e631c0262856e299db4360bbe6bd883f04be0921af2346c5253e,c9c32686331b635f,20260828,7d4a74a88d2cac93b513c0853bf92c260eaceea0,data/CompEval-00271-of-00413.parquet,0,1,1024,1024,PNG,1179789
cf_test_external_seen_family_real_5e5561225df8b65d,test_external_seen_family/real/cf_test_external_seen_family_real_5e5561225df8b65d_00041195.jpeg.jpg,0,test_external_seen_family,community-forensics-eval,real:LAION,test,test_external_seen_family,LAION,Dalle3,,Commercial,not_applicable,f1c9eceabb4bb892043cedffe24f54b88e5ace0f6759a32bae9fdd1f62ed79a2,eaf88595b426c46e,20260828,7d4a74a88d2cac93b513c0853bf92c260eaceea0,data/CompEval-00100-of-00413.parquet,4,15,300,300,JPEG,15542
cf_test_external_seen_family_real_5ec371aef2d27a0a,test_external_seen_family/real/cf_test_external_seen_family_real_5ec371aef2d27a0a_000003773.tiff.tiff,0,test_external_seen_family,community-forensics-eval,real:RAISE,test,test_external_seen_family,RAISE,kandinsky_2_2,,LatDiff,not_applicable,a48eeaa6055d6ef3a76ffdc2928729d212794bb4b737c53b49cf6fd778ed72ac,c9eb52993266b44e,20260828,7d4a74a88d2cac93b513c0853bf92c260eaceea0,data/CompEval-00163-of-00413.parquet,2,18,4288,2848,TIFF,22243194
cf_test_external_seen_family_real_5ed217faccf97899,test_external_seen_family/real/cf_test_external_seen_family_real_5ed217faccf97899_41766.png.png,0,test_external_seen_family,community-forensics-eval,real:FFHQ,test,test_external_seen_family,FFHQ,Hourglass,,PixDiff,not_applicable,c03043905eb7583fe57cfdbdbc5913f8b2ff73c81203624721e87a29c41e458c,89523f2270c557cf,20260828,7d4a74a88d2cac93b513c0853bf92c260eaceea0,data/CompEval-00109-of-00413.parquet,0,5,1024,1024,PNG,1388498
cf_test_external_seen_family_real_5f0f2f9f38cc648d,test_external_seen_family/real/cf_test_external_seen_family_real_5f0f2f9f38cc648d_50390.png.png,0,test_external_seen_family,community-forensics-eval,real:FFHQ,test,test_external_seen_family,FFHQ,Hourglass,,PixDiff,not_applicable,94395489db0b1d663a33836243ce829e9413a70eb48754a56b78ba3907ae56d8,d869756b276896c4,20260828,7d4a74a88d2cac93b513c0853bf92c260eaceea0,data/CompEval-00271-of-00413.parquet,0,3,1024,1024,PNG,1518695
cf_test_external_seen_family_real_5f14f42c8ab36ec0,test_external_seen_family/real/cf_test_external_seen_family_real_5f14f42c8ab36ec0_00009941.jpeg.jpg,0,test_external_seen_family,community-forensics-eval,real:LAION,test,test_external_seen_family,LAION,MidjourneyV5_2,,Commercial,not_applicable,df86fbbb14ed10aaacd6a55e975b03cd6c6a53afc7eea8f006386ad182f533c2,e969c7668c98d499,20260828,7d4a74a88d2cac93b513c0853bf92c260eaceea0,data/CompEval-00370-of-00413.parquet,2,9,400,300,JPEG,16113
cf_test_external_seen_family_real_5f3ff754ab9b189a,test_external_seen_family/real/cf_test_external_seen_family_real_5f3ff754ab9b189a_000000511764.jpg.jpg,0,test_external_seen_family,community-forensics-eval,real:COCO,test,test_external_seen_family,COCO,DFGAN,,GAN,not_applicable,fd0e40ee02e76ebf598305bb5175f0f5a894db49e3207374e13a079075ee625a,e9a5add9c25a8ab0,20260828,7d4a74a88d2cac93b513c0853bf92c260eaceea0,data/CompEval-00349-of-00413.parquet,4,6,500,333,JPEG,26845
cf_test_external_seen_family_real_5f578f6592ded71a,test_external_seen_family/real/cf_test_external_seen_family_real_5f578f6592ded71a_00024989.jpeg.jpg,0,test_external_seen_family,community-forensics-eval,real:LAION,test,test_external_seen_family,LAION,Firefly_Image3,,Commercial,not_applicable,369b6eb5d87f89d88349161b5ba903eedd98626088e997caf737f5de296c224b,803b7f61e0168f5e,20260828,7d4a74a88d2cac93b513c0853bf92c260eaceea0,data/CompEval-00328-of-00413.parquet,2,16,450,387,JPEG,38614
cf_test_external_seen_family_real_5f830ca68c6773f0,test_external_seen_family/real/cf_test_external_seen_family_real_5f830ca68c6773f0_00023165.jpeg.jpg,0,test_external_seen_family,community-forensics-eval,real:LAION,test,test_external_seen_family,LAION,Firefly_Image2,,Commercial,not_applicable,3ebc15f02c3263b2a4253baebd5869340db1975baf5649cf7f4014274df784fb,97a5ed74cc4a12a5,20260828,7d4a74a88d2cac93b513c0853bf92c260eaceea0,data/CompEval-00175-of-00413.parquet,2,16,640,688,JPEG,50800
cf_test_external_seen_family_real_5f9a50bcd632b3a6,test_external_seen_family/real/cf_test_external_seen_family_real_5f9a50bcd632b3a6_000007683.tiff.tiff,0,test_external_seen_family,community-forensics-eval,real:RAISE,test,test_external_seen_family,RAISE,DeciDiffusionV2,,LatDiff,not_applicable,cd355d6d14fe48ceb750e9c5f7a68950617a53bf608fc875db8dad67d3acc748,f8d4af22ea9e0790,20260828,7d4a74a88d2cac93b513c0853bf92c260eaceea0,data/CompEval-00322-of-00413.parquet,2,10,4928,3264,TIFF,17512160
cf_test_external_seen_family_real_60274954d8100246,test_external_seen_family/real/cf_test_external_seen_family_real_60274954d8100246_000000177365.jpg.jpg,0,test_external_seen_family,community-forensics-eval,real:COCO,test,test_external_seen_family,COCO,DFGAN,,GAN,not_applicable,f7c2dae0a09e7a4d5bc5d58a1c0a1b3978d5d07b931e9d6b9cbf4cafcd3624a8,ba2f1d1ac30bb09d,20260828,7d4a74a88d2cac93b513c0853bf92c260eaceea0,data/CompEval-00353-of-00413.parquet,3,20,512,640,JPEG,59686
cf_test_external_seen_family_real_604a1a59a01f351d,test_external_seen_family/real/cf_test_external_seen_family_real_604a1a59a01f351d_00055617.jpeg.jpg,0,test_external_seen_family,community-forensics-eval,real:LAION,test,test_external_seen_family,LAION,IdeogramV1,,Commercial,not_applicable,94ac6762aa5a60e7282120988b089b87a463027ff4c5eb7c47bcd83bc4a03527,a897186994a67aee,20260828,7d4a74a88d2cac93b513c0853bf92c260eaceea0,data/CompEval-00384-of-00413.parquet,1,4,640,426,JPEG,30496
cf_test_external_seen_family_real_607a6b3f461ff7dc,test_external_seen_family/real/cf_test_external_seen_family_real_607a6b3f461ff7dc_000000824.tiff.tiff,0,test_external_seen_family,community-forensics-eval,real:RAISE,test,test_external_seen_family,RAISE,GALIP,,GAN,not_applicable,ee594cd2ddc2699c5f54f23ac1613f0638f8b21d9e4dc70e9ec375d4e9fd5c12,cef1f10c4b83b478,20260828,7d4a74a88d2cac93b513c0853bf92c260eaceea0,data/CompEval-00269-of-00413.parquet,0,1,4928,3264,TIFF,17351338
cf_test_external_seen_family_real_607baf0b8e26f4ee,test_external_seen_family/real/cf_test_external_seen_family_real_607baf0b8e26f4ee_00021726.jpeg.jpg,0,test_external_seen_family,community-forensics-eval,real:LAION,test,test_external_seen_family,LAION,FLUX-schnell,,Commercial,not_applicable,f7b62005ee2872fe33a40c54213ec39f0ff5b36990b396d2c68f2b93a529f7d4,e111d2ece4b5b613,20260828,7d4a74a88d2cac93b513c0853bf92c260eaceea0,data/CompEval-00190-of-00413.parquet,3,13,728,410,JPEG,48535
cf_test_external_seen_family_real_609bdd0a90e22593,test_external_seen_family/real/cf_test_external_seen_family_real_609bdd0a90e22593_000000330525.jpg.jpg,0,test_external_seen_family,community-forensics-eval,real:COCO,test,test_external_seen_family,COCO,DFGAN,,GAN,not_applicable,b07eb66b0d79bb7843ad0fb95bc103adfc563d033f4cd27369b94faa5a7a245c,fa952568d72c7027,20260828,7d4a74a88d2cac93b513c0853bf92c260eaceea0,data/CompEval-00352-of-00413.parquet,0,10,640,480,JPEG,56147
cf_test_external_seen_family_real_60a56f60f4de9b39,test_external_seen_family/real/cf_test_external_seen_family_real_60a56f60f4de9b39_00022403.jpeg.jpg,0,test_external_seen_family,community-forensics-eval,real:LAION,test,test_external_seen_family,LAION,Firefly_Image3,,Commercial,not_applicable,220091f31230a9b1558796d65707792a2128ea26f6851203a2d7a3af472e7163,fbcb847e40318f34,20260828,7d4a74a88d2cac93b513c0853bf92c260eaceea0,data/CompEval-00202-of-00413.parquet,1,24,628,360,JPEG,32072
cf_test_external_seen_family_real_60e401bed9826355,test_external_seen_family/real/cf_test_external_seen_family_real_60e401bed9826355_000000544069.jpg.jpg,0,test_external_seen_family,community-forensics-eval,real:COCO,test,test_external_seen_family,COCO,DFGAN,,GAN,not_applicable,e68f30611fdb01791e803dfdc95ce4980730c2130c7a28807b76f230e27c6033,d494cbba3f8c2aa4,20260828,7d4a74a88d2cac93b513c0853bf92c260eaceea0,data/CompEval-00353-of-00413.parquet,1,18,640,480,JPEG,50283
cf_test_external_seen_family_real_60ebc5a7c7e03bc9,test_external_seen_family/real/cf_test_external_seen_family_real_60ebc5a7c7e03bc9_000000519941.jpg.jpg,0,test_external_seen_family,community-forensics-eval,real:COCO,test,test_external_seen_family,COCO,DFGAN,,GAN,not_applicable,611e87a803daff3e86389e9f9cd387fac0c09c87e0ce7158e45be0adaa5903b4,c39787b9cc68588b,20260828,7d4a74a88d2cac93b513c0853bf92c260eaceea0,data/CompEval-00350-of-00413.parquet,4,2,640,427,JPEG,53354
cf_test_external_seen_family_real_610079e9d475f6c3,test_external_seen_family/real/cf_test_external_seen_family_real_610079e9d475f6c3_000000513562.jpg.jpg,0,test_external_seen_family,community-forensics-eval,real:COCO,test,test_external_seen_family,COCO,DFGAN,,GAN,not_applicable,ec2837f2684e526a77931891cfeb49f0a66a6ca1beab49ec55b953e4e3fb395e,dd9922a4b91b6267,20260828,7d4a74a88d2cac93b513c0853bf92c260eaceea0,data/CompEval-00351-of-00413.parquet,3,19,500,375,JPEG,30912
cf_test_external_seen_family_real_611e7ad8182ea3aa,test_external_seen_family/real/cf_test_external_seen_family_real_611e7ad8182ea3aa_000000231482.jpg.jpg,0,test_external_seen_family,community-forensics-eval,real:COCO,test,test_external_seen_family,COCO,DFGAN,,GAN,not_applicable,12f01d61e3087ff931fd4ccc876c8ed02941bbf196a02241e64843e0fd49e751,9f7068bf00987b87,20260828,7d4a74a88d2cac93b513c0853bf92c260eaceea0,data/CompEval-00354-of-00413.parquet,3,3,640,369,JPEG,26740
cf_test_external_seen_family_real_6198ae8efc73be17,test_external_seen_family/real/cf_test_external_seen_family_real_6198ae8efc73be17_00055052.jpeg.jpg,0,test_external_seen_family,community-forensics-eval,real:LAION,test,test_external_seen_family,LAION,Dalle3,,Commercial,not_applicable,95d0db91254090edf83ac0adad94b3f12f535ddb332fdd4dadcc762d872a155a,f0f08eaa8fc6d605,20260828,7d4a74a88d2cac93b513c0853bf92c260eaceea0,data/CompEval-00099-of-00413.parquet,0,18,800,600,JPEG,44067
cf_test_external_seen_family_real_6233b511e8f3a10f,test_external_seen_family/real/cf_test_external_seen_family_real_6233b511e8f3a10f_20269.png.png,0,test_external_seen_family,community-forensics-eval,real:FFHQ,test,test_external_seen_family,FFHQ,Hourglass,,PixDiff,not_applicable,83868cc58c86e7c4509d3acae4ec298f186d7eb485359fa9914120ec1d8172b4,9a492525f67cb383,20260828,7d4a74a88d2cac93b513c0853bf92c260eaceea0,data/CompEval-00106-of-00413.parquet,3,6,1024,1024,PNG,1625402
cf_test_external_seen_family_real_6234782dc9ab3902,test_external_seen_family/real/cf_test_external_seen_family_real_6234782dc9ab3902_00048122.jpeg.jpg,0,test_external_seen_family,community-forensics-eval,real:LAION,test,test_external_seen_family,LAION,MidjourneyV6_1,,Commercial,not_applicable,a22818d224361b68de1a723e4586668f788d4ecb34820671d1d4df4ce05b04dd,bde3c239cb382d90,20260828,7d4a74a88d2cac93b513c0853bf92c260eaceea0,data/CompEval-00014-of-00413.parquet,4,15,310,416,JPEG,7732
cf_test_external_seen_family_real_63130624c915eee5,test_external_seen_family/real/cf_test_external_seen_family_real_63130624c915eee5_18294.png.png,0,test_external_seen_family,community-forensics-eval,real:FFHQ,test,test_external_seen_family,FFHQ,Hourglass,,PixDiff,not_applicable,8fabff9e67c5b264fac193b73daa8db842889dc1fa9e340e8c8b7f69217325d7,fabf15d0f800d4ca,20260828,7d4a74a88d2cac93b513c0853bf92c260eaceea0,data/CompEval-00110-of-00413.parquet,0,7,1024,1024,PNG,1642116
cf_test_external_seen_family_real_631c08940556584e,test_external_seen_family/real/cf_test_external_seen_family_real_631c08940556584e_000000121169.jpg.jpg,0,test_external_seen_family,community-forensics-eval,real:COCO,test,test_external_seen_family,COCO,DFGAN,,GAN,not_applicable,34a04f687d275657959afa0eee8132161a17d90532e553f57620d6fb83044a2a,aace8521c7e3f88c,20260828,7d4a74a88d2cac93b513c0853bf92c260eaceea0,data/CompEval-00355-of-00413.parquet,0,9,640,428,JPEG,49686
cf_test_external_seen_family_real_63204a46611ac0f1,test_external_seen_family/real/cf_test_external_seen_family_real_63204a46611ac0f1_000003979.tiff.tiff,0,test_external_seen_family,community-forensics-eval,real:RAISE,test,test_external_seen_family,RAISE,kandinsky_2_2,,LatDiff,not_applicable,e1d36c1bc02c12196c789624bcc9ba0ad32eacc9365070a7fe6c90ed192b704c,8094ca7177ba1dc7,20260828,7d4a74a88d2cac93b513c0853bf92c260eaceea0,data/CompEval-00165-of-00413.parquet,2,19,4288,2848,TIFF,18468152
cf_test_external_seen_family_real_6329e556592f86d9,test_external_seen_family/real/cf_test_external_seen_family_real_6329e556592f86d9_00031732.jpeg.jpg,0,test_external_seen_family,community-forensics-eval,real:LAION,test,test_external_seen_family,LAION,MidjourneyV6_1,,Commercial,not_applicable,88cae21428f2fd4caed415f2d3a591a87b42735d58ba753fae8b13ae99ae7552,ea674ac368cdc08f,20260828,7d4a74a88d2cac93b513c0853bf92c260eaceea0,data/CompEval-00284-of-00413.parquet,4,5,953,1191,JPEG,545916
cf_test_external_seen_family_real_63bc6b169cda20b5,test_external_seen_family/real/cf_test_external_seen_family_real_63bc6b169cda20b5_00012211.jpeg.jpg,0,test_external_seen_family,community-forensics-eval,real:LAION,test,test_external_seen_family,LAION,FLUX-dev,,Commercial,not_applicable,d8ce258f4dc09827da2c6360f00fa564b648dca11ebc81d2e8c365d4b2790c46,eac0871fd8304bf3,20260828,7d4a74a88d2cac93b513c0853bf92c260eaceea0,data/CompEval-00133-of-00413.parquet,1,19,300,300,JPEG,11280
cf_test_external_seen_family_real_6430b954e68417ef,test_external_seen_family/real/cf_test_external_seen_family_real_6430b954e68417ef_000000500279.jpg.jpg,0,test_external_seen_family,community-forensics-eval,real:COCO,test,test_external_seen_family,COCO,DFGAN,,GAN,not_applicable,878338d29d28c4d00b5016623e7d39eebd0d6dfcee8f8f0b69c68bf60fd94c9e,c2bb0f09599d9d86,20260828,7d4a74a88d2cac93b513c0853bf92c260eaceea0,data/CompEval-00356-of-00413.parquet,2,10,640,449,JPEG,63226
cf_test_external_seen_family_real_6446de7dffd12826,test_external_seen_family/real/cf_test_external_seen_family_real_6446de7dffd12826_27390.png.png,0,test_external_seen_family,community-forensics-eval,real:FFHQ,test,test_external_seen_family,FFHQ,Hourglass,,PixDiff,not_applicable,3149a73c181d50e9e10e35356d9da0bc3628513d56755d9a2b7670cf610a2322,9a9569d2496a05df,20260828,7d4a74a88d2cac93b513c0853bf92c260eaceea0,data/CompEval-00105-of-00413.parquet,2,13,1024,1024,PNG,1242804
cf_test_external_seen_family_real_6453ad524bc86f04,test_external_seen_family/real/cf_test_external_seen_family_real_6453ad524bc86f04_000000013288.jpg.jpg,0,test_external_seen_family,community-forensics-eval,real:COCO,test,test_external_seen_family,COCO,DFGAN,,GAN,not_applicable,e163ff7ca7328cdb3dd5a10c613414e2f27b68471502ec215bd254d25e9dbb76,8e069bb4742b357a,20260828,7d4a74a88d2cac93b513c0853bf92c260eaceea0,data/CompEval-00351-of-00413.parquet,1,20,480,640,JPEG,65378
cf_test_external_seen_family_real_64843cc68066ee00,test_external_seen_family/real/cf_test_external_seen_family_real_64843cc68066ee00_000003376.tiff.tiff,0,test_external_seen_family,community-forensics-eval,real:RAISE,test,test_external_seen_family,RAISE,LCM_lora_sdv15,,LatDiff,not_applicable,f932b66c1645bd6b7abfcebfabd461bbd7809ffd4574083f36062c145b08055b,d6972529abe2d268,20260828,7d4a74a88d2cac93b513c0853bf92c260eaceea0,data/CompEval-00116-of-00413.parquet,4,18,2848,4288,TIFF,20256914
cf_test_external_seen_family_real_64b69ca1322b884a,test_external_seen_family/real/cf_test_external_seen_family_real_64b69ca1322b884a_00008784.jpeg.jpg,0,test_external_seen_family,community-forensics-eval,real:LAION,test,test_external_seen_family,LAION,IdeogramV1,,Commercial,not_applicable,34511b0a4cb42c6083958c9b21d51186901a6a59eeaf6b30e7d1e08dedf7bd7c,b4cdc391cf389661,20260828,7d4a74a88d2cac93b513c0853bf92c260eaceea0,data/CompEval-00382-of-00413.parquet,3,12,262,276,JPEG,8139
cf_test_external_seen_family_real_64c08cffcdc59a2b,test_external_seen_family/real/cf_test_external_seen_family_real_64c08cffcdc59a2b_000000252980.jpg.jpg,0,test_external_seen_family,community-forensics-eval,real:COCO,test,test_external_seen_family,COCO,DFGAN,,GAN,not_applicable,65223b40f3e814dc8d621fff9dd35c426fdc013cc70b6565779cf30933c9951b,b82e15e0dafe6509,20260828,7d4a74a88d2cac93b513c0853bf92c260eaceea0,data/CompEval-00350-of-00413.parquet,4,20,500,333,JPEG,20383
cf_test_external_seen_family_real_64f494d2b83e5b70,test_external_seen_family/real/cf_test_external_seen_family_real_64f494d2b83e5b70_000001490.tiff.tiff,0,test_external_seen_family,community-forensics-eval,real:RAISE,test,test_external_seen_family,RAISE,LCM_lora_sdxl,,LatDiff,not_applicable,acc518e98609915d68ef8f4065d576ee7528562abedd6eed5575dd4d0610b5c9,c3829e5c6167f496,20260828,7d4a74a88d2cac93b513c0853bf92c260eaceea0,data/CompEval-00063-of-00413.parquet,3,5,4928,3264,TIFF,27872634
cf_test_external_seen_family_real_655a3b06da0627b7,test_external_seen_family/real/cf_test_external_seen_family_real_655a3b06da0627b7_00040010.jpeg.jpg,0,test_external_seen_family,community-forensics-eval,real:LAION,test,test_external_seen_family,LAION,FLUX-schnell,,Commercial,not_applicable,29087795b2715c15003fcf6e9b6d055c489f53dadd574de1c4ecd3c6bd1bd5cd,9d4b38c43467669d,20260828,7d4a74a88d2cac93b513c0853bf92c260eaceea0,data/CompEval-00136-of-00413.parquet,4,21,1364,2046,JPEG,402495
cf_test_external_seen_family_real_66f2d361e526e711,test_external_seen_family/real/cf_test_external_seen_family_real_66f2d361e526e711_000005881.tiff.tiff,0,test_external_seen_family,community-forensics-eval,real:RAISE,test,test_external_seen_family,RAISE,kvikontent_midjourney_v6,,LatDiff,not_applicable,953c72d0e3513157df864b0e23c178157082f39657b109c321de97f0027a458a,d191286147cf6bce,20260828,7d4a74a88d2cac93b513c0853bf92c260eaceea0,data/CompEval-00219-of-00413.parquet,3,11,4928,3264,TIFF,32155092
cf_test_external_seen_family_real_6788d35bb6cd81ff,test_external_seen_family/real/cf_test_external_seen_family_real_6788d35bb6cd81ff_00048308.jpeg.jpg,0,test_external_seen_family,community-forensics-eval,real:LAION,test,test_external_seen_family,LAION,Firefly_Image2,,Commercial,not_applicable,4a07c221dbab98cafb73296aab17defb1e16f8c4e44daf147529746c03d5748f,ed1a92f1914e4e1b,20260828,7d4a74a88d2cac93b513c0853bf92c260eaceea0,data/CompEval-00176-of-00413.parquet,3,3,400,400,JPEG,14951
cf_test_external_seen_family_real_67988efc83bd3cf5,test_external_seen_family/real/cf_test_external_seen_family_real_67988efc83bd3cf5_00002262.jpeg.jpg,0,test_external_seen_family,community-forensics-eval,real:LAION,test,test_external_seen_family,LAION,FLUX-dev,,Commercial,not_applicable,598ed8f270287ad44a3ecaf3c704e0ebbcfbf2939976d4bbeb57585244790566,bc219396cf998c9a,20260828,7d4a74a88d2cac93b513c0853bf92c260eaceea0,data/CompEval-00131-of-00413.parquet,1,8,324,324,JPEG,16386
cf_test_external_seen_family_real_67dd62bc4e2e8fb0,test_external_seen_family/real/cf_test_external_seen_family_real_67dd62bc4e2e8fb0_000001206.tiff.tiff,0,test_external_seen_family,community-forensics-eval,real:RAISE,test,test_external_seen_family,RAISE,kandinsky_2_2,,LatDiff,not_applicable,717838161984377182a1c1d1a78abf3363ab36a138525c9b93d4ca4cf0e8fd36,bc9947c3b9829bb0,20260828,7d4a74a88d2cac93b513c0853bf92c260eaceea0,data/CompEval-00162-of-00413.parquet,2,10,4928,3264,TIFF,21776190
cf_test_external_seen_family_real_67ee58ae11132d57,test_external_seen_family/real/cf_test_external_seen_family_real_67ee58ae11132d57_000002751.tiff.tiff,0,test_external_seen_family,community-forensics-eval,real:RAISE,test,test_external_seen_family,RAISE,LCM_lora_ssd1b,,LatDiff,not_applicable,a946cf150548494d82ebbcfb5e038136557258af295d1e0eee5fb4b912f56c48,8984f25b8da672d9,20260828,7d4a74a88d2cac93b513c0853bf92c260eaceea0,data/CompEval-00400-of-00413.parquet,4,14,4288,2848,TIFF,19003374
cf_test_external_seen_family_real_683369b9cb31e0e9,test_external_seen_family/real/cf_test_external_seen_family_real_683369b9cb31e0e9_000000249316.jpg.jpg,0,test_external_seen_family,community-forensics-eval,real:COCO,test,test_external_seen_family,COCO,DFGAN,,GAN,not_applicable,e6b46fcd5fab34fe1fceab756af8fc51e5aeb94399f15cac3cb3cb539c8fb117,fe67007827986d9c,20260828,7d4a74a88d2cac93b513c0853bf92c260eaceea0,data/CompEval-00351-of-00413.parquet,4,12,640,478,JPEG,59088
cf_test_external_seen_family_real_68901d323e89a674,test_external_seen_family/real/cf_test_external_seen_family_real_68901d323e89a674_00004510.png.png,0,test_external_seen_family,community-forensics-eval,real:LAION,test,test_external_seen_family,LAION,Firefly_Image3,,Commercial,not_applicable,07f4ff2f144e931c6aacc741b5ad7316c1a36ae64318dde73b14e3285e0e8ffe,d0d63fad426b2f10,20260828,7d4a74a88d2cac93b513c0853bf92c260eaceea0,data/CompEval-00329-of-00413.parquet,1,13,263,410,PNG,176628
cf_test_external_seen_family_real_68934121edbf77fc,test_external_seen_family/real/cf_test_external_seen_family_real_68934121edbf77fc_46843.png.png,0,test_external_seen_family,community-forensics-eval,real:FFHQ,test,test_external_seen_family,FFHQ,Hourglass,,PixDiff,not_applicable,9ce6572d706d406fb4c9ac9415e17ec3762d8d018bf0d6d9c8bc8ee5754fbe23,9a2a6965a5ed829d,20260828,7d4a74a88d2cac93b513c0853bf92c260eaceea0,data/CompEval-00109-of-00413.parquet,1,19,1024,1024,PNG,1556582
cf_test_external_seen_family_real_68f7c1e4a8fb1e74,test_external_seen_family/real/cf_test_external_seen_family_real_68f7c1e4a8fb1e74_00073.png.png,0,test_external_seen_family,community-forensics-eval,real:FFHQ,test,test_external_seen_family,FFHQ,Hourglass,,PixDiff,not_applicable,bcd21d21658f6f26d43bf9e4e4c0d36e7c80c9d747a52327c9e7b333dc7dddd5,adb4acc0d24babb8,20260828,7d4a74a88d2cac93b513c0853bf92c260eaceea0,data/CompEval-00271-of-00413.parquet,1,21,1024,1024,PNG,1345674
cf_test_external_seen_family_real_69939400fb75f282,test_external_seen_family/real/cf_test_external_seen_family_real_69939400fb75f282_31256.png.png,0,test_external_seen_family,community-forensics-eval,real:FFHQ,test,test_external_seen_family,FFHQ,Hourglass,,PixDiff,not_applicable,156b88cc44fed076c7ddaa8a46238461573b0ca18af3b38aba48ab6cfe3213cd,ad973ef330868398,20260828,7d4a74a88d2cac93b513c0853bf92c260eaceea0,data/CompEval-00109-of-00413.parquet,1,17,1024,1024,PNG,1509247
cf_test_external_seen_family_real_69995ff1d2ac67e8,test_external_seen_family/real/cf_test_external_seen_family_real_69995ff1d2ac67e8_000003079.tiff.tiff,0,test_external_seen_family,community-forensics-eval,real:RAISE,test,test_external_seen_family,RAISE,kvikontent_midjourney_v6,,LatDiff,not_applicable,672128a42fbe9741746869d98be9483cde6b7ff286a43d717694d83bdd51a9df,dae05f84458ee05f,20260828,7d4a74a88d2cac93b513c0853bf92c260eaceea0,data/CompEval-00087-of-00413.parquet,4,22,4288,2848,TIFF,22693164
cf_test_external_seen_family_real_6a5cdbd5e6f33b9f,test_external_seen_family/real/cf_test_external_seen_family_real_6a5cdbd5e6f33b9f_44067.png.png,0,test_external_seen_family,community-forensics-eval,real:FFHQ,test,test_external_seen_family,FFHQ,Hourglass,,PixDiff,not_applicable,ead507489ab219bd15552f455fd02a0e72b1dbe73a37f546648a631f9793cae2,c2ba278d752d529c,20260828,7d4a74a88d2cac93b513c0853bf92c260eaceea0,data/CompEval-00276-of-00413.parquet,4,3,1024,1024,PNG,1474969
cf_test_external_seen_family_real_6b1000d7cb617a40,test_external_seen_family/real/cf_test_external_seen_family_real_6b1000d7cb617a40_000000381665.jpg.jpg,0,test_external_seen_family,community-forensics-eval,real:COCO,test,test_external_seen_family,COCO,DFGAN,,GAN,not_applicable,9091f7199db28d3eafa4498a8c6548d26d4248484f60366cc12779decdcf628b,85a7aaad1a5ad4a5,20260828,7d4a74a88d2cac93b513c0853bf92c260eaceea0,data/CompEval-00352-of-00413.parquet,4,8,480,640,JPEG,26459
cf_test_external_seen_family_real_6b2c1a8eda166d6d,test_external_seen_family/real/cf_test_external_seen_family_real_6b2c1a8eda166d6d_03209.png.png,0,test_external_seen_family,community-forensics-eval,real:FFHQ,test,test_external_seen_family,FFHQ,Hourglass,,PixDiff,not_applicable,5ae6c0d6c8012bc5de279ef87782ca44fc42c6e44f1d71aeff35e4c17a07a6ec,cae155b7317888bc,20260828,7d4a74a88d2cac93b513c0853bf92c260eaceea0,data/CompEval-00106-of-00413.parquet,0,19,1024,1024,PNG,1394218
cf_test_external_seen_family_real_6b90f4d2d84c8cdb,test_external_seen_family/real/cf_test_external_seen_family_real_6b90f4d2d84c8cdb_000005067.tiff.tiff,0,test_external_seen_family,community-forensics-eval,real:RAISE,test,test_external_seen_family,RAISE,LCM_lora_sdv15,,LatDiff,not_applicable,d0b0b0db83397b15be4c81ce434d8400c6fd40439e67965de78d6500a5477759,85dbbe3d4a4191b8,20260828,7d4a74a88d2cac93b513c0853bf92c260eaceea0,data/CompEval-00364-of-00413.parquet,3,17,4928,3264,TIFF,22911818
cf_test_external_seen_family_real_6bc1a3899e2cf3ed,test_external_seen_family/real/cf_test_external_seen_family_real_6bc1a3899e2cf3ed_000000475908.jpg.jpg,0,test_external_seen_family,community-forensics-eval,real:COCO,test,test_external_seen_family,COCO,DFGAN,,GAN,not_applicable,aa34d608ce25c5e65806fe7d3d5350513c32c0999db8d949e8d981db5df9a4e9,d476316b68696dd0,20260828,7d4a74a88d2cac93b513c0853bf92c260eaceea0,data/CompEval-00349-of-00413.parquet,2,22,640,480,JPEG,86673
cf_test_external_seen_family_real_6bd71928b0a8a189,test_external_seen_family/real/cf_test_external_seen_family_real_6bd71928b0a8a189_00014766.png.png,0,test_external_seen_family,community-forensics-eval,real:LAION,test,test_external_seen_family,LAION,Dalle3,,Commercial,not_applicable,60bb0c9b91a2ca83cf087d18cbfa73ab1afb59dc06c8d19abd0a3c5b8e03df97,e4e0c6cf0e9cbc34,20260828,7d4a74a88d2cac93b513c0853bf92c260eaceea0,data/CompEval-00100-of-00413.parquet,4,6,504,412,PNG,235578
cf_test_external_seen_family_real_6bf963bf91deb07e,test_external_seen_family/real/cf_test_external_seen_family_real_6bf963bf91deb07e_000003539.tiff.tiff,0,test_external_seen_family,community-forensics-eval,real:RAISE,test,test_external_seen_family,RAISE,kvikontent_midjourney_v6,,LatDiff,not_applicable,f1217e0682927f7850ac3e24b1478637de805d769bdf11b5518e3252ce629d28,c0b3613c3e396dd1,20260828,7d4a74a88d2cac93b513c0853bf92c260eaceea0,data/CompEval-00089-of-00413.parquet,3,20,4288,2848,TIFF,22848676
cf_test_external_seen_family_real_6c71fc6139dc51a7,test_external_seen_family/real/cf_test_external_seen_family_real_6c71fc6139dc51a7_00007608.jpeg.jpg,0,test_external_seen_family,community-forensics-eval,real:LAION,test,test_external_seen_family,LAION,FLUX-dev,,Commercial,not_applicable,6fa06ab2e7c43bdfac42b9c941198371c44ff73fe7ece01816001e947f4a5f9d,c0c9c9df1fbb8121,20260828,7d4a74a88d2cac93b513c0853bf92c260eaceea0,data/CompEval-00130-of-00413.parquet,0,6,950,633,JPEG,182025
cf_test_external_seen_family_real_6c97eb7f1adb69c3,test_external_seen_family/real/cf_test_external_seen_family_real_6c97eb7f1adb69c3_000005294.tiff.tiff,0,test_external_seen_family,community-forensics-eval,real:RAISE,test,test_external_seen_family,RAISE,kandinsky_2_2,,LatDiff,not_applicable,70b19d05ab73a34eec44b9ca6aad19621d3052e91d9a83576130f3b393c319bc,a7912b339b25934d,20260828,7d4a74a88d2cac93b513c0853bf92c260eaceea0,data/CompEval-00160-of-00413.parquet,3,7,3264,4928,TIFF,7555402
cf_test_external_seen_family_real_6caab7c7e8bb8b85,test_external_seen_family/real/cf_test_external_seen_family_real_6caab7c7e8bb8b85_000000124216.jpg.jpg,0,test_external_seen_family,community-forensics-eval,real:COCO,test,test_external_seen_family,COCO,DFGAN,,GAN,not_applicable,ff34a8d1ded7b83f5d475632d544fae79574081b23a22102f8a9c3876957f61d,8ac647236d2eb378,20260828,7d4a74a88d2cac93b513c0853bf92c260eaceea0,data/CompEval-00353-of-00413.parquet,1,13,480,640,JPEG,44039
cf_test_external_seen_family_real_6cdca1d291e53be2,test_external_seen_family/real/cf_test_external_seen_family_real_6cdca1d291e53be2_55910.png.png,0,test_external_seen_family,community-forensics-eval,real:FFHQ,test,test_external_seen_family,FFHQ,Hourglass,,PixDiff,not_applicable,ff52126db2b342c008490084888d3cb91ce38771b44506b29b902202e45fc7e8,cb2e3c523949ecc6,20260828,7d4a74a88d2cac93b513c0853bf92c260eaceea0,data/CompEval-00109-of-00413.parquet,0,19,1024,1024,PNG,1401591
cf_test_external_seen_family_real_6d05f2367d130ca4,test_external_seen_family/real/cf_test_external_seen_family_real_6d05f2367d130ca4_000001772.tiff.tiff,0,test_external_seen_family,community-forensics-eval,real:RAISE,test,test_external_seen_family,RAISE,kvikontent_midjourney_v6,,LatDiff,not_applicable,77bf5d21cdc40c3a46f9c79def40905d908097a0ffbb6753edf330572d75a85c,c5f2919cf4a6a70c,20260828,7d4a74a88d2cac93b513c0853bf92c260eaceea0,data/CompEval-00219-of-00413.parquet,1,19,4928,3264,TIFF,26660362
cf_test_external_seen_family_real_6d422bdb7460c05b,test_external_seen_family/real/cf_test_external_seen_family_real_6d422bdb7460c05b_000000522733.jpg.jpg,0,test_external_seen_family,community-forensics-eval,real:COCO,test,test_external_seen_family,COCO,DFGAN,,GAN,not_applicable,45971bc4a12dc298b91eb1491d3caca7a35411d2312c16a31082c27a6a629e95,e9eb8626ac9c05d5,20260828,7d4a74a88d2cac93b513c0853bf92c260eaceea0,data/CompEval-00350-of-00413.parquet,4,14,640,480,JPEG,67702
cf_test_external_seen_family_real_6d741ecafe30bb36,test_external_seen_family/real/cf_test_external_seen_family_real_6d741ecafe30bb36_16052.png.png,0,test_external_seen_family,community-forensics-eval,real:FFHQ,test,test_external_seen_family,FFHQ,Hourglass,,PixDiff,not_applicable,2d993fa83f20c22bc66304920bb92f103c2700455fb47ae74ab7ade99e55aafd,c9b6644b772c668c,20260828,7d4a74a88d2cac93b513c0853bf92c260eaceea0,data/CompEval-00110-of-00413.parquet,1,12,1024,1024,PNG,1489195
cf_test_external_seen_family_real_6d8a432b42a1e184,test_external_seen_family/real/cf_test_external_seen_family_real_6d8a432b42a1e184_000006469.tiff.tiff,0,test_external_seen_family,community-forensics-eval,real:RAISE,test,test_external_seen_family,RAISE,LCM_lora_ssd1b,,LatDiff,not_applicable,ef1e50ca25c3ff4deb220925e3efcf496f62ad0c3ba319fcb2d092d3d45d089f,c1b74a349be5924d,20260828,7d4a74a88d2cac93b513c0853bf92c260eaceea0,data/CompEval-00398-of-00413.parquet,3,4,4928,3264,TIFF,23567882
cf_test_external_seen_family_real_6dca827a3a2c2aeb,test_external_seen_family/real/cf_test_external_seen_family_real_6dca827a3a2c2aeb_00001772.jpeg.jpg,0,test_external_seen_family,community-forensics-eval,real:LAION,test,test_external_seen_family,LAION,FLUX-schnell,,Commercial,not_applicable,78ba08bd13afb912e7bf9f7c2512335ccd1009a9d14e7e3648734b5a47a4ed81,d0f878d0e1d4d26d,20260828,7d4a74a88d2cac93b513c0853bf92c260eaceea0,data/CompEval-00187-of-00413.parquet,3,9,960,720,JPEG,49210
cf_test_external_seen_family_real_6ddd26a67a294a92,test_external_seen_family/real/cf_test_external_seen_family_real_6ddd26a67a294a92_00011910.jpeg.jpg,0,test_external_seen_family,community-forensics-eval,real:LAION,test,test_external_seen_family,LAION,Imagen3,,Commercial,not_applicable,22a078ad04b959cf9ce2e4959d850b4cbc0a0a747279266602b1b90e8c6de4e1,e63399992466ce36,20260828,7d4a74a88d2cac93b513c0853bf92c260eaceea0,data/CompEval-00170-of-00413.parquet,4,24,600,720,JPEG,25008
cf_test_external_seen_family_real_6e20d8201329df53,test_external_seen_family/real/cf_test_external_seen_family_real_6e20d8201329df53_000004498.tiff.tiff,0,test_external_seen_family,community-forensics-eval,real:RAISE,test,test_external_seen_family,RAISE,DeciDiffusionV2,,LatDiff,not_applicable,cee7040aecdaa1c0f608ab6c1e4f7cbd3c117fa14df23391517a252de904d7ed,833c91726e9dfb02,20260828,7d4a74a88d2cac93b513c0853bf92c260eaceea0,data/CompEval-00322-of-00413.parquet,0,13,4928,3264,TIFF,14173264
cf_test_external_seen_family_real_6e2a8fab58cb5316,test_external_seen_family/real/cf_test_external_seen_family_real_6e2a8fab58cb5316_000005887.tiff.tiff,0,test_external_seen_family,community-forensics-eval,real:RAISE,test,test_external_seen_family,RAISE,LCM_lora_sdv15,,LatDiff,not_applicable,d4addeae500817c6c08c1441d3b1ec9e02eb53fa1d219dd77ff58760f519a0fe,8eb28c95796246bb,20260828,7d4a74a88d2cac93b513c0853bf92c260eaceea0,data/CompEval-00119-of-00413.parquet,1,3,4928,3264,TIFF,24304042
cf_test_external_seen_family_real_6eb74cd1ef27f8cd,test_external_seen_family/real/cf_test_external_seen_family_real_6eb74cd1ef27f8cd_000006790.tiff.tiff,0,test_external_seen_family,community-forensics-eval,real:RAISE,test,test_external_seen_family,RAISE,LCM_lora_ssd1b,,LatDiff,not_applicable,c24e92f42539bed16fd780196974beb473b071d2727d21d00b9cdd8fc3f0b83a,dd9d80e2e39ad115,20260828,7d4a74a88d2cac93b513c0853bf92c260eaceea0,data/CompEval-00398-of-00413.parquet,1,11,4928,3264,TIFF,19507278
cf_test_external_seen_family_real_6ebdfa6ba4ee0930,test_external_seen_family/real/cf_test_external_seen_family_real_6ebdfa6ba4ee0930_000005868.tiff.tiff,0,test_external_seen_family,community-forensics-eval,real:RAISE,test,test_external_seen_family,RAISE,GALIP,,GAN,not_applicable,3836d521367bd0f5d83c2346a3c280078f675232aa86df6c7b4a4a037623d8a4,94f9675c01ccb16e,20260828,7d4a74a88d2cac93b513c0853bf92c260eaceea0,data/CompEval-00270-of-00413.parquet,1,7,3264,4928,TIFF,16664470
cf_test_external_seen_family_real_6ed401f2b3318125,test_external_seen_family/real/cf_test_external_seen_family_real_6ed401f2b3318125_19981.png.png,0,test_external_seen_family,community-forensics-eval,real:FFHQ,test,test_external_seen_family,FFHQ,Hourglass,,PixDiff,not_applicable,68f3c504d45218da61df61662db771f80eacb6c6ead985b73572eadc5d9a258f,b86a7bb5a524c68a,20260828,7d4a74a88d2cac93b513c0853bf92c260eaceea0,data/CompEval-00106-of-00413.parquet,0,20,1024,1024,PNG,1452280
cf_test_external_seen_family_real_6eff6c390cf97845,test_external_seen_family/real/cf_test_external_seen_family_real_6eff6c390cf97845_00011473.jpeg.jpg,0,test_external_seen_family,community-forensics-eval,real:LAION,test,test_external_seen_family,LAION,Imagen3,,Commercial,not_applicable,5d1316a6bea9c5c5ea0cb521b744398ae33ed0a62da81d199b494bb52dbad0c8,bb43b8aac4b54f48,20260828,7d4a74a88d2cac93b513c0853bf92c260eaceea0,data/CompEval-00173-of-00413.parquet,0,14,500,500,JPEG,23475
cf_test_external_seen_family_real_6f0e2cce54c1616b,test_external_seen_family/real/cf_test_external_seen_family_real_6f0e2cce54c1616b_00011440.png.png,0,test_external_seen_family,community-forensics-eval,real:LAION,test,test_external_seen_family,LAION,Firefly_Image3,,Commercial,not_applicable,5f4d0838a486fbc608b90f61cd3e53a7ab14a2dd4dec8356d74757a24a3276f3,b84e4eb9e185876c,20260828,7d4a74a88d2cac93b513c0853bf92c260eaceea0,data/CompEval-00329-of-00413.parquet,3,7,800,800,PNG,420862
cf_test_external_seen_family_real_6f691bbf62c96647,test_external_seen_family/real/cf_test_external_seen_family_real_6f691bbf62c96647_000001131.tiff.tiff,0,test_external_seen_family,community-forensics-eval,real:RAISE,test,test_external_seen_family,RAISE,LCM_lora_sdxl,,LatDiff,not_applicable,e649b300eaac8d310d4a9831e2d5e73039228830d08ceba1a1683bd6fd989d1a,d3f23081859f3e9c,20260828,7d4a74a88d2cac93b513c0853bf92c260eaceea0,data/CompEval-00374-of-00413.parquet,1,24,4928,3264,TIFF,26976654
cf_test_external_seen_family_real_6f95ca42edee5afd,test_external_seen_family/real/cf_test_external_seen_family_real_6f95ca42edee5afd_000001591.tiff.tiff,0,test_external_seen_family,community-forensics-eval,real:RAISE,test,test_external_seen_family,RAISE,GALIP,,GAN,not_applicable,2c2cf355419828414ef434c2f1011444359787a20cee801c2fd2694294a0ffdb,c1877031ccb70d7d,20260828,7d4a74a88d2cac93b513c0853bf92c260eaceea0,data/CompEval-00043-of-00413.parquet,0,3,4928,3264,TIFF,20824912
cf_test_external_seen_family_real_6fb897abce898ee4,test_external_seen_family/real/cf_test_external_seen_family_real_6fb897abce898ee4_000000416.tiff.tiff,0,test_external_seen_family,community-forensics-eval,real:RAISE,test,test_external_seen_family,RAISE,kandinsky_2_2,,LatDiff,not_applicable,b13bbd920945726bef054dbea43133a30ba49cee72070701eb31399c2db174cc,b4b2d3cd643312da,20260828,7d4a74a88d2cac93b513c0853bf92c260eaceea0,data/CompEval-00159-of-00413.parquet,4,22,4928,3264,TIFF,23842970
cf_test_external_seen_family_real_703a9993bc400884,test_external_seen_family/real/cf_test_external_seen_family_real_703a9993bc400884_43406.png.png,0,test_external_seen_family,community-forensics-eval,real:FFHQ,test,test_external_seen_family,FFHQ,Hourglass,,PixDiff,not_applicable,591968800abf58f47040d00adbad3be4686df4b097461cbf3642c81e162ae23a,eba1b0d7a0568bca,20260828,7d4a74a88d2cac93b513c0853bf92c260eaceea0,data/CompEval-00105-of-00413.parquet,3,20,1024,1024,PNG,1340192
cf_test_external_seen_family_real_707d92eda4ecca54,test_external_seen_family/real/cf_test_external_seen_family_real_707d92eda4ecca54_00022269.jpeg.jpg,0,test_external_seen_family,community-forensics-eval,real:LAION,test,test_external_seen_family,LAION,Firefly_Image3,,Commercial,not_applicable,9f813f8a15bf003fd2f13612c1151590116dfbdb4be741cab8e42cd59277045b,b2cb4ce4cfb0cb30,20260828,7d4a74a88d2cac93b513c0853bf92c260eaceea0,data/CompEval-00204-of-00413.parquet,3,9,800,1640,JPEG,74312
cf_test_external_seen_family_real_70d744289a9775e6,test_external_seen_family/real/cf_test_external_seen_family_real_70d744289a9775e6_000000510645.jpg.jpg,0,test_external_seen_family,community-forensics-eval,real:COCO,test,test_external_seen_family,COCO,DFGAN,,GAN,not_applicable,077283cd4e5ffc0cba64702f73b4c761532078963a0cf5150d209e483f9fae51,eacb1e95d6113266,20260828,7d4a74a88d2cac93b513c0853bf92c260eaceea0,data/CompEval-00353-of-00413.parquet,1,17,500,375,JPEG,36040
cf_test_external_seen_family_real_70e81bf7ce30b38f,test_external_seen_family/real/cf_test_external_seen_family_real_70e81bf7ce30b38f_00033825.png.png,0,test_external_seen_family,community-forensics-eval,real:LAION,test,test_external_seen_family,LAION,MidjourneyV5_2,,Commercial,not_applicable,2faa3d9a805670c2850ba7386c97af0afa05e3f12fcfd10cecc4561d86656117,868ce78373d93951,20260828,7d4a74a88d2cac93b513c0853bf92c260eaceea0,data/CompEval-00288-of-00413.parquet,2,1,677,384,PNG,665545
cf_test_external_seen_family_real_7129cf49a1238598,test_external_seen_family/real/cf_test_external_seen_family_real_7129cf49a1238598_000000446179.jpg.jpg,0,test_external_seen_family,community-forensics-eval,real:COCO,test,test_external_seen_family,COCO,DFGAN,,GAN,not_applicable,1ffe9ba7d1777664d8c87a5cabe41db0f74a1d15e925f0af4f9a4dbe26295922,cb3926d11fc48b78,20260828,7d4a74a88d2cac93b513c0853bf92c260eaceea0,data/CompEval-00354-of-00413.parquet,3,15,640,480,JPEG,33086
cf_test_external_seen_family_real_717c6a0653811e27,test_external_seen_family/real/cf_test_external_seen_family_real_717c6a0653811e27_000005014.tiff.tiff,0,test_external_seen_family,community-forensics-eval,real:RAISE,test,test_external_seen_family,RAISE,LCM_lora_sdxl,,LatDiff,not_applicable,ed1ffe206eb691b3e94068ba9ebd4e67024de28db6f3b8f10bf4f91874344711,9d1f9a806d6a9a2b,20260828,7d4a74a88d2cac93b513c0853bf92c260eaceea0,data/CompEval-00373-of-00413.parquet,2,14,4928,3264,TIFF,26747746
cf_test_external_seen_family_real_71b1b1ac7164f541,test_external_seen_family/real/cf_test_external_seen_family_real_71b1b1ac7164f541_000005105.tiff.tiff,0,test_external_seen_family,community-forensics-eval,real:RAISE,test,test_external_seen_family,RAISE,LCM_lora_sdxl,,LatDiff,not_applicable,bd947bfeb1e8b687b2f1d004dfa8c40245bebbfe3305ef72818a5a5cac9862ec,9e3740321f4e6cdc,20260828,7d4a74a88d2cac93b513c0853bf92c260eaceea0,data/CompEval-00063-of-00413.parquet,3,21,4928,3264,TIFF,19725362
cf_test_external_seen_family_real_71b656cddf976c78,test_external_seen_family/real/cf_test_external_seen_family_real_71b656cddf976c78_000000405696.jpg.jpg,0,test_external_seen_family,community-forensics-eval,real:COCO,test,test_external_seen_family,COCO,DFGAN,,GAN,not_applicable,c9b890383b051cfa4457e467b1f3a45886e9d3e3495a21e654c1a7f11432697a,c3ce9c3fe5660445,20260828,7d4a74a88d2cac93b513c0853bf92c260eaceea0,data/CompEval-00351-of-00413.parquet,2,7,640,427,JPEG,43365
cf_test_external_seen_family_real_71e677f9dc46a11e,test_external_seen_family/real/cf_test_external_seen_family_real_71e677f9dc46a11e_000000072.tiff.tiff,0,test_external_seen_family,community-forensics-eval,real:RAISE,test,test_external_seen_family,RAISE,kandinsky_2_2,,LatDiff,not_applicable,35013c752d859a6b4efb517febb4b7febeb48056bce43d0d32c787c04d56535e,e0df5351606c9f13,20260828,7d4a74a88d2cac93b513c0853bf92c260eaceea0,data/CompEval-00164-of-00413.parquet,2,3,3264,4928,TIFF,19680240
cf_test_external_seen_family_real_71f1d17f406c56fb,test_external_seen_family/real/cf_test_external_seen_family_real_71f1d17f406c56fb_00021605.jpeg.jpg,0,test_external_seen_family,community-forensics-eval,real:LAION,test,test_external_seen_family,LAION,MidjourneyV6_1,,Commercial,not_applicable,acb57ad37855e11b5c7ceb4e9f48a25bf900246286d1aed07c5d117856cb263c,fe81801fd6687a17,20260828,7d4a74a88d2cac93b513c0853bf92c260eaceea0,data/CompEval-00011-of-00413.parquet,0,11,600,464,JPEG,30686
cf_test_external_seen_family_real_72050bd032dc2282,test_external_seen_family/real/cf_test_external_seen_family_real_72050bd032dc2282_00031994.jpeg.jpg,0,test_external_seen_family,community-forensics-eval,real:LAION,test,test_external_seen_family,LAION,FLUX-schnell,,Commercial,not_applicable,eb97b7e76878e4af1a145ace22d0325cd0fd119d251f76b3b8363152cd158eb2,fc85935ac9343ae1,20260828,7d4a74a88d2cac93b513c0853bf92c260eaceea0,data/CompEval-00190-of-00413.parquet,4,5,1050,1575,JPEG,190002
cf_test_external_seen_family_real_7261826a701447ac,test_external_seen_family/real/cf_test_external_seen_family_real_7261826a701447ac_60402.png.png,0,test_external_seen_family,community-forensics-eval,real:FFHQ,test,test_external_seen_family,FFHQ,Hourglass,,PixDiff,not_applicable,584ac3365823dc438b27859cfadd11cba703d95818f0c5adbdd71b827b1c5d0b,a1217eb2d0c0cbdf,20260828,7d4a74a88d2cac93b513c0853bf92c260eaceea0,data/CompEval-00277-of-00413.parquet,0,4,1024,1024,PNG,1397231
cf_test_external_seen_family_real_72d48c2869066baf,test_external_seen_family/real/cf_test_external_seen_family_real_72d48c2869066baf_000000567623.jpg.jpg,0,test_external_seen_family,community-forensics-eval,real:COCO,test,test_external_seen_family,COCO,DFGAN,,GAN,not_applicable,eae3d19c72cf4ad291c9fa59ec31d51d46111bd725fe8e719220eb38e17a4f68,f3660e9999194673,20260828,7d4a74a88d2cac93b513c0853bf92c260eaceea0,data/CompEval-00355-of-00413.parquet,3,12,640,480,JPEG,44570
cf_test_external_seen_family_real_72f518c342be747c,test_external_seen_family/real/cf_test_external_seen_family_real_72f518c342be747c_000000075939.jpg.jpg,0,test_external_seen_family,community-forensics-eval,real:COCO,test,test_external_seen_family,COCO,DFGAN,,GAN,not_applicable,1e49024618bd6705e73f95d9bb567d3848461c1654c7fb51c39336e98f5cd8dd,9a99686f35599236,20260828,7d4a74a88d2cac93b513c0853bf92c260eaceea0,data/CompEval-00355-of-00413.parquet,3,1,640,447,JPEG,56407
cf_test_external_seen_family_real_7303e1bef8e78d61,test_external_seen_family/real/cf_test_external_seen_family_real_7303e1bef8e78d61_000000537883.jpg.jpg,0,test_external_seen_family,community-forensics-eval,real:COCO,test,test_external_seen_family,COCO,DFGAN,,GAN,not_applicable,3f3cd0d3718ce6b331d7a8c6427a5d0a4b8348fea3dac446d5c0cec240de700e,8d61df4c37986435,20260828,7d4a74a88d2cac93b513c0853bf92c260eaceea0,data/CompEval-00349-of-00413.parquet,3,18,640,427,JPEG,31236
cf_test_external_seen_family_real_736cad0be36dc7b6,test_external_seen_family/real/cf_test_external_seen_family_real_736cad0be36dc7b6_000000133373.jpg.jpg,0,test_external_seen_family,community-forensics-eval,real:COCO,test,test_external_seen_family,COCO,DFGAN,,GAN,not_applicable,cc5f5b1e527d78ff9da707af200f49f39d42c4607718773f8577ead95c4bf4d9,85619f87315e6798,20260828,7d4a74a88d2cac93b513c0853bf92c260eaceea0,data/CompEval-00354-of-00413.parquet,3,10,480,640,JPEG,54382
cf_test_external_seen_family_real_7388a987bc1d0031,test_external_seen_family/real/cf_test_external_seen_family_real_7388a987bc1d0031_000003233.tiff.tiff,0,test_external_seen_family,community-forensics-eval,real:RAISE,test,test_external_seen_family,RAISE,DeciDiffusionV2,,LatDiff,not_applicable,0e518939ebe5bd5b923ef59c6b396fc66318d447a47c61a1d6d4e6556d483369,c0354d27b235f1e3,20260828,7d4a74a88d2cac93b513c0853bf92c260eaceea0,data/CompEval-00319-of-00413.parquet,3,13,4288,2848,TIFF,31497954
cf_test_external_seen_family_real_738d45242e86d625,test_external_seen_family/real/cf_test_external_seen_family_real_738d45242e86d625_34759.png.png,0,test_external_seen_family,community-forensics-eval,real:FFHQ,test,test_external_seen_family,FFHQ,Hourglass,,PixDiff,not_applicable,d9596f082ba622c6984f200c95fd8142dfff93910fa07adc5eb114ed2eb2016e,cf017f363120d2d7,20260828,7d4a74a88d2cac93b513c0853bf92c260eaceea0,data/CompEval-00106-of-00413.parquet,0,7,1024,1024,PNG,1215706
cf_test_external_seen_family_real_73d4113b88772a43,test_external_seen_family/real/cf_test_external_seen_family_real_73d4113b88772a43_65878.png.png,0,test_external_seen_family,community-forensics-eval,real:FFHQ,test,test_external_seen_family,FFHQ,Hourglass,,PixDiff,not_applicable,b90a2b366948cff31c58787624336547d68c44ab1435c7ae963db7aebcaa3b0f,d8a82f0774d4d6d8,20260828,7d4a74a88d2cac93b513c0853bf92c260eaceea0,data/CompEval-00109-of-00413.parquet,2,22,1024,1024,PNG,1379557
cf_test_external_seen_family_real_73da485f9d97124e,test_external_seen_family/real/cf_test_external_seen_family_real_73da485f9d97124e_22632.png.png,0,test_external_seen_family,community-forensics-eval,real:FFHQ,test,test_external_seen_family,FFHQ,Hourglass,,PixDiff,not_applicable,be9855a800afbd51a374c757b33e6041ceb9fec4a772c36306252427a8219059,ad3f34b270b4e292,20260828,7d4a74a88d2cac93b513c0853bf92c260eaceea0,data/CompEval-00277-of-00413.parquet,1,3,1024,1024,PNG,1249310
cf_test_external_seen_family_real_74cacfba1568c401,test_external_seen_family/real/cf_test_external_seen_family_real_74cacfba1568c401_00022067.jpeg.jpg,0,test_external_seen_family,community-forensics-eval,real:LAION,test,test_external_seen_family,LAION,Firefly_Image3,,Commercial,not_applicable,a5c7ebfd56dc095b88f136fdbb57ab882427c4660272233b35b0632d8c18593e,a627f9d904266667,20260828,7d4a74a88d2cac93b513c0853bf92c260eaceea0,data/CompEval-00200-of-00413.parquet,3,9,816,544,JPEG,34712
cf_test_external_seen_family_real_74ecfcd212e3d168,test_external_seen_family/real/cf_test_external_seen_family_real_74ecfcd212e3d168_59941.png.png,0,test_external_seen_family,community-forensics-eval,real:FFHQ,test,test_external_seen_family,FFHQ,Hourglass,,PixDiff,not_applicable,7285ccda918b36b086586cec7e83cf744cbfafee403d536dd704c9ca913271cd,dea121d782cf868e,20260828,7d4a74a88d2cac93b513c0853bf92c260eaceea0,data/CompEval-00106-of-00413.parquet,2,18,1024,1024,PNG,883093
cf_test_external_seen_family_real_74f93dc93c8c1846,test_external_seen_family/real/cf_test_external_seen_family_real_74f93dc93c8c1846_000000253735.jpg.jpg,0,test_external_seen_family,community-forensics-eval,real:COCO,test,test_external_seen_family,COCO,DFGAN,,GAN,not_applicable,77de1009195dffe57ac13d592c17bec59e052abbd5fa2c2fb9d5c49fed759c8e,d08779c4374b1765,20260828,7d4a74a88d2cac93b513c0853bf92c260eaceea0,data/CompEval-00350-of-00413.parquet,2,20,640,480,JPEG,55391
cf_test_external_seen_family_real_75abd5f261cd8cec,test_external_seen_family/real/cf_test_external_seen_family_real_75abd5f261cd8cec_000008010.tiff.tiff,0,test_external_seen_family,community-forensics-eval,real:RAISE,test,test_external_seen_family,RAISE,DeciDiffusionV2,,LatDiff,not_applicable,9c0817e5c89deed9fb9e4bfbd24d3db38110f99f1c5b54a5cb77b9eee6adbc4d,998cde4d47f312c1,20260828,7d4a74a88d2cac93b513c0853bf92c260eaceea0,data/CompEval-00320-of-00413.parquet,0,21,4928,3264,TIFF,20282978
cf_test_external_seen_family_real_760f2d71644e16fd,test_external_seen_family/real/cf_test_external_seen_family_real_760f2d71644e16fd_00011897.jpeg.jpg,0,test_external_seen_family,community-forensics-eval,real:LAION,test,test_external_seen_family,LAION,Imagen3,,Commercial,not_applicable,475bfddfac30de800ca1e35e370ce7813ecc058f9f5ee95a4388adccd582b55f,e732996d999ace01,20260828,7d4a74a88d2cac93b513c0853bf92c260eaceea0,data/CompEval-00308-of-00413.parquet,3,19,400,400,JPEG,12434
cf_test_external_seen_family_real_76299894e7671459,test_external_seen_family/real/cf_test_external_seen_family_real_76299894e7671459_000000220049.jpg.jpg,0,test_external_seen_family,community-forensics-eval,real:COCO,test,test_external_seen_family,COCO,DFGAN,,GAN,not_applicable,261ba0497370252f13d906e250eafc4e09182b67ccac6f4d0114b79c5c6f68c2,8704b03ec1da2ef7,20260828,7d4a74a88d2cac93b513c0853bf92c260eaceea0,data/CompEval-00349-of-00413.parquet,4,23,640,628,JPEG,105244
cf_test_external_seen_family_real_762da8880f649f49,test_external_seen_family/real/cf_test_external_seen_family_real_762da8880f649f49_00033803.jpeg.jpg,0,test_external_seen_family,community-forensics-eval,real:LAION,test,test_external_seen_family,LAION,MidjourneyV5_2,,Commercial,not_applicable,e351547f346c83ad071deb1903ec7fa9f4ec172eb0894199adde69860c0d069d,c3ad356318bf68c2,20260828,7d4a74a88d2cac93b513c0853bf92c260eaceea0,data/CompEval-00290-of-00413.parquet,2,17,330,270,JPEG,22779
cf_test_external_seen_family_real_765d7c2b1c2ae7e7,test_external_seen_family/real/cf_test_external_seen_family_real_765d7c2b1c2ae7e7_00021977.jpeg.jpg,0,test_external_seen_family,community-forensics-eval,real:LAION,test,test_external_seen_family,LAION,MidjourneyV6_1,,Commercial,not_applicable,027e1c1e22b9f8f8566eee8ce1dd36d741056af477b9d362220cd06d785369a2,e5ce582de7d0580b,20260828,7d4a74a88d2cac93b513c0853bf92c260eaceea0,data/CompEval-00009-of-00413.parquet,1,24,800,600,JPEG,50781
cf_test_external_seen_family_real_765ec4a97f29d35e,test_external_seen_family/real/cf_test_external_seen_family_real_765ec4a97f29d35e_00047675.jpeg.jpg,0,test_external_seen_family,community-forensics-eval,real:LAION,test,test_external_seen_family,LAION,MidjourneyV6_1,,Commercial,not_applicable,6d65cc3a64a60e108eed05fafc4fb75fb2b38f2d7fb30973aa2b47cafe696122,e69899679c33cc38,20260828,7d4a74a88d2cac93b513c0853bf92c260eaceea0,data/CompEval-00011-of-00413.parquet,3,9,305,305,JPEG,6159
cf_test_external_seen_family_real_768db5b949ff1c1d,test_external_seen_family/real/cf_test_external_seen_family_real_768db5b949ff1c1d_47782.png.png,0,test_external_seen_family,community-forensics-eval,real:FFHQ,test,test_external_seen_family,FFHQ,Hourglass,,PixDiff,not_applicable,5e2d2a3439ec457d365da2fe7bf73b8d977b911cd258b288e8e28ff333ab817c,fd2a70b0f25183d3,20260828,7d4a74a88d2cac93b513c0853bf92c260eaceea0,data/CompEval-00110-of-00413.parquet,1,19,1024,1024,PNG,1289046
cf_test_external_seen_family_real_769f45ff87349450,test_external_seen_family/real/cf_test_external_seen_family_real_769f45ff87349450_34558.png.png,0,test_external_seen_family,community-forensics-eval,real:FFHQ,test,test_external_seen_family,FFHQ,Hourglass,,PixDiff,not_applicable,48fde010a201d1a520bc538df0bf82de75eda6f7dade8f7af56fa932751ad0c0,d3c929a93474f4d2,20260828,7d4a74a88d2cac93b513c0853bf92c260eaceea0,data/CompEval-00107-of-00413.parquet,3,6,1024,1024,PNG,1229908
cf_test_external_seen_family_real_76cd175bcfdd3f6f,test_external_seen_family/real/cf_test_external_seen_family_real_76cd175bcfdd3f6f_00033671.jpeg.jpg,0,test_external_seen_family,community-forensics-eval,real:LAION,test,test_external_seen_family,LAION,MidjourneyV5_2,,Commercial,not_applicable,11a1c91b1dc232443d97183c73820ce9a7bc7fef7f5e6b6b8cd0277aba4ffe82,e96d9692696c9391,20260828,7d4a74a88d2cac93b513c0853bf92c260eaceea0,data/CompEval-00365-of-00413.parquet,3,20,2000,2000,JPEG,130594
cf_test_external_seen_family_real_76e2aea5a5e55579,test_external_seen_family/real/cf_test_external_seen_family_real_76e2aea5a5e55579_61472.png.png,0,test_external_seen_family,community-forensics-eval,real:FFHQ,test,test_external_seen_family,FFHQ,Hourglass,,PixDiff,not_applicable,50eefc54d49078bdccdd00a162ba2a7494a940e8783985a118466123618c4ac0,b2d061e1e6ec9399,20260828,7d4a74a88d2cac93b513c0853bf92c260eaceea0,data/CompEval-00110-of-00413.parquet,0,3,1024,1024,PNG,1650290
cf_test_external_seen_family_real_77138fa513267c0d,test_external_seen_family/real/cf_test_external_seen_family_real_77138fa513267c0d_000006139.tiff.tiff,0,test_external_seen_family,community-forensics-eval,real:RAISE,test,test_external_seen_family,RAISE,LCM_lora_sdxl,,LatDiff,not_applicable,c300d20f67efb5f4a1b9ebd1946080b24b298c4a70b659f6dfdd17ac38305767,a9cb0ed0c1c5aeae,20260828,7d4a74a88d2cac93b513c0853bf92c260eaceea0,data/CompEval-00376-of-00413.parquet,4,24,4928,3264,TIFF,24039110
cf_test_external_seen_family_real_7784688940fce380,test_external_seen_family/real/cf_test_external_seen_family_real_7784688940fce380_000000203182.jpg.jpg,0,test_external_seen_family,community-forensics-eval,real:COCO,test,test_external_seen_family,COCO,DFGAN,,GAN,not_applicable,8943e40ebd244881eb8a6259672c0df9baa17c60dfe917a2ea37a81e3271b666,f2e2945c09eae317,20260828,7d4a74a88d2cac93b513c0853bf92c260eaceea0,data/CompEval-00352-of-00413.parquet,5,0,640,480,JPEG,45724
cf_test_external_seen_family_real_77f49d20454bb7ac,test_external_seen_family/real/cf_test_external_seen_family_real_77f49d20454bb7ac_000001392.tiff.tiff,0,test_external_seen_family,community-forensics-eval,real:RAISE,test,test_external_seen_family,RAISE,GALIP,,GAN,not_applicable,cee0ac5c3fb5c191ce9b4090e128b7be0f42e95ec8f4d23fd83f105b9f6d90b5,9a8c6563f098ea76,20260828,7d4a74a88d2cac93b513c0853bf92c260eaceea0,data/CompEval-00269-of-00413.parquet,4,23,4288,2848,TIFF,19293504
cf_test_external_seen_family_real_77fc27733f568019,test_external_seen_family/real/cf_test_external_seen_family_real_77fc27733f568019_00048053.jpeg.jpg,0,test_external_seen_family,community-forensics-eval,real:LAION,test,test_external_seen_family,LAION,Firefly_Image2,,Commercial,not_applicable,1f54cc82e4b1651eb8ec084df95633ad3c4e04e954e59e3780d3c46617a4e37b,dd32ab4cc0f35e14,20260828,7d4a74a88d2cac93b513c0853bf92c260eaceea0,data/CompEval-00178-of-00413.parquet,2,24,500,625,JPEG,64805
cf_test_external_seen_family_real_781c3041e2d2aeb8,test_external_seen_family/real/cf_test_external_seen_family_real_781c3041e2d2aeb8_00038115.jpeg.jpg,0,test_external_seen_family,community-forensics-eval,real:LAION,test,test_external_seen_family,LAION,IdeogramV2,,Commercial,not_applicable,54b44e900aa57fc8dab3c0e71863132bcb29d997de59fd629e1132d3b3d626be,bb036f00d1e67c6c,20260828,7d4a74a88d2cac93b513c0853bf92c260eaceea0,data/CompEval-00231-of-00413.parquet,0,8,499,428,JPEG,36630
cf_test_external_seen_family_real_7831a0f810de869c,test_external_seen_family/real/cf_test_external_seen_family_real_7831a0f810de869c_00024014.jpeg.jpg,0,test_external_seen_family,community-forensics-eval,real:LAION,test,test_external_seen_family,LAION,Firefly_Image2,,Commercial,not_applicable,30e9905b319fd2fba42c7aaedc483501ee51bafb09fb918fbbc771cfbefd4630,904ccb8f4ecd8763,20260828,7d4a74a88d2cac93b513c0853bf92c260eaceea0,data/CompEval-00036-of-00413.parquet,2,8,650,366,JPEG,37860
cf_test_external_seen_family_real_789a42bd9012d67d,test_external_seen_family/real/cf_test_external_seen_family_real_789a42bd9012d67d_00051676.jpeg.jpg,0,test_external_seen_family,community-forensics-eval,real:LAION,test,test_external_seen_family,LAION,Dalle2,,Commercial,not_applicable,df7412e618be03ee5ef874ea806686eac21057e8bbb4262e5fc2e0422655b91a,e5daaa5253a546b4,20260828,7d4a74a88d2cac93b513c0853bf92c260eaceea0,data/CompEval-00349-of-00413.parquet,1,17,1140,638,JPEG,42368
cf_test_external_seen_family_real_78a3ee39c89bb006,test_external_seen_family/real/cf_test_external_seen_family_real_78a3ee39c89bb006_00031336.jpeg.jpg,0,test_external_seen_family,community-forensics-eval,real:LAION,test,test_external_seen_family,LAION,MidjourneyV6_1,,Commercial,not_applicable,dd7b0f2ec1776352d6274bb0b97bc47a14d2a932a3fd0368ecee79b408ae78ff,af87d0f1595cc03a,20260828,7d4a74a88d2cac93b513c0853bf92c260eaceea0,data/CompEval-00281-of-00413.parquet,0,11,400,307,JPEG,22285
cf_test_external_seen_family_real_790b2f17a1a3995d,test_external_seen_family/real/cf_test_external_seen_family_real_790b2f17a1a3995d_000000022046.jpg.jpg,0,test_external_seen_family,community-forensics-eval,real:COCO,test,test_external_seen_family,COCO,DFGAN,,GAN,not_applicable,3d4b281f174e64d20455dd037ec7080138e43ce24068c4fe8fad6391748fa26a,9087aacd3a8a6b97,20260828,7d4a74a88d2cac93b513c0853bf92c260eaceea0,data/CompEval-00351-of-00413.parquet,0,6,426,640,JPEG,44581
cf_test_external_seen_family_real_791ab914430d6e98,test_external_seen_family/real/cf_test_external_seen_family_real_791ab914430d6e98_08170.png.png,0,test_external_seen_family,community-forensics-eval,real:FFHQ,test,test_external_seen_family,FFHQ,Hourglass,,PixDiff,not_applicable,d1f22bbcf7b013a98f7636f6b4f3241d48646bb198f8280f8f4550b4d57535d6,e3ad5eb63c108ec2,20260828,7d4a74a88d2cac93b513c0853bf92c260eaceea0,data/CompEval-00106-of-00413.parquet,1,7,1024,1024,PNG,1196262
cf_test_external_seen_family_real_7939efe790a3d430,test_external_seen_family/real/cf_test_external_seen_family_real_7939efe790a3d430_000000414328.jpg.jpg,0,test_external_seen_family,community-forensics-eval,real:COCO,test,test_external_seen_family,COCO,DFGAN,,GAN,not_applicable,63c080c4cfed00e876fe357d45aee631d1b6110773131265fdf4695e318d3634,91988aa7e5d47c74,20260828,7d4a74a88d2cac93b513c0853bf92c260eaceea0,data/CompEval-00354-of-00413.parquet,4,14,640,394,JPEG,60825
cf_test_external_seen_family_real_7939f4ee46b2a952,test_external_seen_family/real/cf_test_external_seen_family_real_7939f4ee46b2a952_00016888.jpeg.jpg,0,test_external_seen_family,community-forensics-eval,real:LAION,test,test_external_seen_family,LAION,Firefly_Image3,,Commercial,not_applicable,53d435197387baeaabdcb9302e70fb4a6957866db4f1206cd0142c70db41b7f3,9b1c614ba4adde92,20260828,7d4a74a88d2cac93b513c0853bf92c260eaceea0,data/CompEval-00339-of-00413.parquet,0,21,320,257,JPEG,12339
cf_test_external_seen_family_real_796272dc25a131c9,test_external_seen_family/real/cf_test_external_seen_family_real_796272dc25a131c9_19185.png.png,0,test_external_seen_family,community-forensics-eval,real:FFHQ,test,test_external_seen_family,FFHQ,Hourglass,,PixDiff,not_applicable,924c31a41212e6084257c1fe406f40a7d0e10f6e84e7a7243b6ab0b91ad7e5d6,94a7790e35d097ca,20260828,7d4a74a88d2cac93b513c0853bf92c260eaceea0,data/CompEval-00271-of-00413.parquet,0,4,1024,1024,PNG,1312784
cf_test_external_seen_family_real_799cedd8d3b4a1c9,test_external_seen_family/real/cf_test_external_seen_family_real_799cedd8d3b4a1c9_000002998.tiff.tiff,0,test_external_seen_family,community-forensics-eval,real:RAISE,test,test_external_seen_family,RAISE,GALIP,,GAN,not_applicable,f3c1e8dad9b4880fdadb6cc4817abd8be881e1532149c608e19765a104f18b57,b94607f10e6d13d6,20260828,7d4a74a88d2cac93b513c0853bf92c260eaceea0,data/CompEval-00043-of-00413.parquet,4,12,2848,4288,TIFF,18089358
cf_test_external_seen_family_real_79ac7ec61eca6211,test_external_seen_family/real/cf_test_external_seen_family_real_79ac7ec61eca6211_000000029534.jpg.jpg,0,test_external_seen_family,community-forensics-eval,real:COCO,test,test_external_seen_family,COCO,DFGAN,,GAN,not_applicable,3cb6c4738bbb9f45212118759be8d8e7a2ee5db71411e20a9a9f0ac917f42a7a,b466d99da65246d2,20260828,7d4a74a88d2cac93b513c0853bf92c260eaceea0,data/CompEval-00353-of-00413.parquet,2,11,640,427,JPEG,33345
cf_test_external_seen_family_real_79b7cda9ed6054de,test_external_seen_family/real/cf_test_external_seen_family_real_79b7cda9ed6054de_000000522532.jpg.jpg,0,test_external_seen_family,community-forensics-eval,real:COCO,test,test_external_seen_family,COCO,DFGAN,,GAN,not_applicable,ec993d7328897cf3090e8dd3ca5ce3f8cc04109e92f44476bf5781da96860888,86c4693939b6d639,20260828,7d4a74a88d2cac93b513c0853bf92c260eaceea0,data/CompEval-00352-of-00413.parquet,2,17,500,400,JPEG,31558
cf_test_external_seen_family_real_7a28956712795fdb,test_external_seen_family/real/cf_test_external_seen_family_real_7a28956712795fdb_00033036.jpeg.jpg,0,test_external_seen_family,community-forensics-eval,real:LAION,test,test_external_seen_family,LAION,MidjourneyV5_2,,Commercial,not_applicable,9fd385b6e3b00b57e9aaf9c34735d054e3ebb811338935cbf7166ef10bec578f,d2e3b95c8c6c836c,20260828,7d4a74a88d2cac93b513c0853bf92c260eaceea0,data/CompEval-00367-of-00413.parquet,0,19,600,900,JPEG,39298
cf_test_external_seen_family_real_7a90bc3ead9151cf,test_external_seen_family/real/cf_test_external_seen_family_real_7a90bc3ead9151cf_00011924.png.png,0,test_external_seen_family,community-forensics-eval,real:LAION,test,test_external_seen_family,LAION,Imagen3,,Commercial,not_applicable,a2dd800deb0b1d8ea7fcd30b6875451bb2c80ca9b994e93e5532aa135170b1b0,f897079c176b4269,20260828,7d4a74a88d2cac93b513c0853bf92c260eaceea0,data/CompEval-00170-of-00413.parquet,4,10,512,512,PNG,101521
cf_test_external_seen_family_real_7af2d3e10f395108,test_external_seen_family/real/cf_test_external_seen_family_real_7af2d3e10f395108_16865.png.png,0,test_external_seen_family,community-forensics-eval,real:FFHQ,test,test_external_seen_family,FFHQ,Hourglass,,PixDiff,not_applicable,12562a73ad5463418be518ff075c5d5dbcee0881fcfa97f0d26c6436782afd6f,c94f2436767832dc,20260828,7d4a74a88d2cac93b513c0853bf92c260eaceea0,data/CompEval-00105-of-00413.parquet,3,14,1024,1024,PNG,1381230
cf_test_external_seen_family_real_7bf01f27160b9ff1,test_external_seen_family/real/cf_test_external_seen_family_real_7bf01f27160b9ff1_05875.png.png,0,test_external_seen_family,community-forensics-eval,real:FFHQ,test,test_external_seen_family,FFHQ,Hourglass,,PixDiff,not_applicable,103e231369733ee5e563194f70736cd0360cf66bf8c9a2bcc3352bfa55049a46,c75b29633975908d,20260828,7d4a74a88d2cac93b513c0853bf92c260eaceea0,data/CompEval-00272-of-00413.parquet,1,21,1024,1024,PNG,1305263
cf_test_external_seen_family_real_7c34e771c49137c1,test_external_seen_family/real/cf_test_external_seen_family_real_7c34e771c49137c1_45862.png.png,0,test_external_seen_family,community-forensics-eval,real:FFHQ,test,test_external_seen_family,FFHQ,Hourglass,,PixDiff,not_applicable,b2c2bb280ea840652f8a556c2996874ece3d775281e1df845478a9a838ecdad6,8aa33d17f41e909e,20260828,7d4a74a88d2cac93b513c0853bf92c260eaceea0,data/CompEval-00270-of-00413.parquet,4,11,1024,1024,PNG,1496497
cf_test_external_seen_family_real_7caa5f34bdf468e3,test_external_seen_family/real/cf_test_external_seen_family_real_7caa5f34bdf468e3_43029.png.png,0,test_external_seen_family,community-forensics-eval,real:FFHQ,test,test_external_seen_family,FFHQ,Hourglass,,PixDiff,not_applicable,ef1651f2c40471d82164ca52b29c1f133ce12790f7108762f5572ad6551de01b,ace0b553b20ed78c,20260828,7d4a74a88d2cac93b513c0853bf92c260eaceea0,data/CompEval-00108-of-00413.parquet,1,13,1024,1024,PNG,1323698
cf_test_external_seen_family_real_7de3004324739bcf,test_external_seen_family/real/cf_test_external_seen_family_real_7de3004324739bcf_00033403.jpeg.jpg,0,test_external_seen_family,community-forensics-eval,real:LAION,test,test_external_seen_family,LAION,MidjourneyV5_2,,Commercial,not_applicable,72a1bdcfb225669b1b7a7892b5e953d82f4c62450022a49ea37bcd1d28b067e9,b660662fc98f923c,20260828,7d4a74a88d2cac93b513c0853bf92c260eaceea0,data/CompEval-00368-of-00413.parquet,0,20,300,300,JPEG,9678
cf_test_external_seen_family_real_7ef85e59bde3af45,test_external_seen_family/real/cf_test_external_seen_family_real_7ef85e59bde3af45_00000161.jpeg.jpg,0,test_external_seen_family,community-forensics-eval,real:LAION,test,test_external_seen_family,LAION,Imagen3,,Commercial,not_applicable,1ec43fb2cc32ed4177452fd225359ec5490ae61d16fe212bed411208d12e50b6,a3d3127989f308cf,20260828,7d4a74a88d2cac93b513c0853bf92c260eaceea0,data/CompEval-00238-of-00413.parquet,0,22,685,436,JPEG,28904
cf_test_external_seen_family_real_7f0465ffff1cebf0,test_external_seen_family/real/cf_test_external_seen_family_real_7f0465ffff1cebf0_55391.png.png,0,test_external_seen_family,community-forensics-eval,real:FFHQ,test,test_external_seen_family,FFHQ,Hourglass,,PixDiff,not_applicable,289a3605501ef0b4b517255330922bd2a4b6c522536c8453dd9d813a8804b8df,8336fcc3c10fc6c5,20260828,7d4a74a88d2cac93b513c0853bf92c260eaceea0,data/CompEval-00109-of-00413.parquet,1,11,1024,1024,PNG,1513074
cf_test_external_seen_family_real_7f04914857dd99e6,test_external_seen_family/real/cf_test_external_seen_family_real_7f04914857dd99e6_00048974.jpeg.jpg,0,test_external_seen_family,community-forensics-eval,real:LAION,test,test_external_seen_family,LAION,Firefly_Image2,,Commercial,not_applicable,b49e7bea84f4e1b00525145504984f47ef5c8e22b6f7011b362e9ad46c5c0c03,af9fd4d2d0438263,20260828,7d4a74a88d2cac93b513c0853bf92c260eaceea0,data/CompEval-00177-of-00413.parquet,1,3,267,335,JPEG,9612
cf_test_external_seen_family_real_7f170ac0327a2281,test_external_seen_family/real/cf_test_external_seen_family_real_7f170ac0327a2281_000000121921.jpg.jpg,0,test_external_seen_family,community-forensics-eval,real:COCO,test,test_external_seen_family,COCO,DFGAN,,GAN,not_applicable,d9a09ce97351ef70500b8ca8970a4bf62e92651a2a1e5d84aa622ff5e259accd,ad3390ec6e44e5ac,20260828,7d4a74a88d2cac93b513c0853bf92c260eaceea0,data/CompEval-00356-of-00413.parquet,3,24,480,640,JPEG,62299
cf_test_external_seen_family_real_7f3419d72d494fbc,test_external_seen_family/real/cf_test_external_seen_family_real_7f3419d72d494fbc_00018894.jpeg.jpg,0,test_external_seen_family,community-forensics-eval,real:LAION,test,test_external_seen_family,LAION,MidjourneyV6_1,,Commercial,not_applicable,50d89a12c692a152feef44b62b714ffcbc17876f45ebead8b6de896fb3ab2402,ebaae1f5e0168613,20260828,7d4a74a88d2cac93b513c0853bf92c260eaceea0,data/CompEval-00014-of-00413.parquet,4,18,393,500,JPEG,19463
cf_test_external_seen_family_real_7f5f278452420212,test_external_seen_family/real/cf_test_external_seen_family_real_7f5f278452420212_54924.png.png,0,test_external_seen_family,community-forensics-eval,real:FFHQ,test,test_external_seen_family,FFHQ,Hourglass,,PixDiff,not_applicable,1f8d2195b85bc3494049fee417ee40e46223105f124a6e712e1692dced2d8a87,a5d68f9058f043e7,20260828,7d4a74a88d2cac93b513c0853bf92c260eaceea0,data/CompEval-00271-of-00413.parquet,1,7,1024,1024,PNG,1741361
cf_test_external_seen_family_real_801e3bfa0eb39cf4,test_external_seen_family/real/cf_test_external_seen_family_real_801e3bfa0eb39cf4_62679.png.png,0,test_external_seen_family,community-forensics-eval,real:FFHQ,test,test_external_seen_family,FFHQ,Hourglass,,PixDiff,not_applicable,ae34e8265f83370749193195f34ba0d5b25d93d982dc9585706021f10871864d,8a56f4c7783d82d8,20260828,7d4a74a88d2cac93b513c0853bf92c260eaceea0,data/CompEval-00109-of-00413.parquet,2,10,1024,1024,PNG,1663695
cf_test_external_seen_family_real_805688d0043a446a,test_external_seen_family/real/cf_test_external_seen_family_real_805688d0043a446a_00031825.jpeg.jpg,0,test_external_seen_family,community-forensics-eval,real:LAION,test,test_external_seen_family,LAION,IdeogramV1,,Commercial,not_applicable,93ae08c37f9fc94c61351909cb588db46442a4f7d6a33393484a9127bc7b1987,ff7fa007e2014c65,20260828,7d4a74a88d2cac93b513c0853bf92c260eaceea0,data/CompEval-00381-of-00413.parquet,4,15,1024,768,JPEG,86311
cf_test_external_seen_family_real_806d86a7fec9cb74,test_external_seen_family/real/cf_test_external_seen_family_real_806d86a7fec9cb74_00033797.jpeg.jpg,0,test_external_seen_family,community-forensics-eval,real:LAION,test,test_external_seen_family,LAION,MidjourneyV5_2,,Commercial,not_applicable,959e12a5c9059feb52eaeaa6b55e773c77e209f7984d3d00e5ed988d59f888e9,e966869997998699,20260828,7d4a74a88d2cac93b513c0853bf92c260eaceea0,data/CompEval-00368-of-00413.parquet,0,9,600,900,JPEG,31312
cf_test_external_seen_family_real_80a733d51064a736,test_external_seen_family/real/cf_test_external_seen_family_real_80a733d51064a736_00021527.webp.webp,0,test_external_seen_family,community-forensics-eval,real:LAION,test,test_external_seen_family,LAION,Dalle3,,Commercial,not_applicable,2717af2e9697dd953610e778a9376adc3947671fafb1632f13231f11884a9c23,e5679a989b988e98,20260828,7d4a74a88d2cac93b513c0853bf92c260eaceea0,data/CompEval-00099-of-00413.parquet,2,10,1024,910,WEBP,25206
cf_test_external_seen_family_real_816bc6c2407c1f04,test_external_seen_family/real/cf_test_external_seen_family_real_816bc6c2407c1f04_000000371012.jpg.jpg,0,test_external_seen_family,community-forensics-eval,real:COCO,test,test_external_seen_family,COCO,DFGAN,,GAN,not_applicable,35052c9f7b9b1175caef2f14b83a387891b8a2999f909f6f19ab61ade48d9538,d7780dd33e0543c6,20260828,7d4a74a88d2cac93b513c0853bf92c260eaceea0,data/CompEval-00356-of-00413.parquet,0,17,480,640,JPEG,62418
cf_test_external_seen_family_real_81e3def74d6201b1,test_external_seen_family/real/cf_test_external_seen_family_real_81e3def74d6201b1_000005922.tiff.tiff,0,test_external_seen_family,community-forensics-eval,real:RAISE,test,test_external_seen_family,RAISE,kvikontent_midjourney_v6,,LatDiff,not_applicable,e4fe19a0168b13f632c684035a64692d20583ed3e83a0c48c53729544b8c7b2b,95d1c0bc795a587a,20260828,7d4a74a88d2cac93b513c0853bf92c260eaceea0,data/CompEval-00092-of-00413.parquet,4,23,4928,3264,TIFF,23981612
cf_test_external_seen_family_real_81e944f253b80819,test_external_seen_family/real/cf_test_external_seen_family_real_81e944f253b80819_000000393116.jpg.jpg,0,test_external_seen_family,community-forensics-eval,real:COCO,test,test_external_seen_family,COCO,DFGAN,,GAN,not_applicable,4d98bee4c8b8b9f5ded1ed4204c05dff0036454192d4a09c8e84d22147310588,b38c4ca739b9664c,20260828,7d4a74a88d2cac93b513c0853bf92c260eaceea0,data/CompEval-00356-of-00413.parquet,4,24,640,361,JPEG,18180
cf_test_external_seen_family_real_8274c14bbd36da63,test_external_seen_family/real/cf_test_external_seen_family_real_8274c14bbd36da63_00056354.jpeg.jpg,0,test_external_seen_family,community-forensics-eval,real:LAION,test,test_external_seen_family,LAION,MidjourneyV6_1,,Commercial,not_applicable,565e650de46dec0a60c2f29d41b86115fdc26a7ba273479930bb659c74f7bc60,efb4720b0dc731a8,20260828,7d4a74a88d2cac93b513c0853bf92c260eaceea0,data/CompEval-00012-of-00413.parquet,4,2,480,360,JPEG,46290
cf_test_external_seen_family_real_828ac1715b622181,test_external_seen_family/real/cf_test_external_seen_family_real_828ac1715b622181_000000120281.jpg.jpg,0,test_external_seen_family,community-forensics-eval,real:COCO,test,test_external_seen_family,COCO,DFGAN,,GAN,not_applicable,c2a80dcfedf45ae4909eb934e062c9fa857d61cfdfc26e6d09a3840a2a66db2f,b87107ce4ae5943e,20260828,7d4a74a88d2cac93b513c0853bf92c260eaceea0,data/CompEval-00356-of-00413.parquet,1,13,640,495,JPEG,86958
cf_test_external_seen_family_real_82cef0aa692233a1,test_external_seen_family/real/cf_test_external_seen_family_real_82cef0aa692233a1_000005047.tiff.tiff,0,test_external_seen_family,community-forensics-eval,real:RAISE,test,test_external_seen_family,RAISE,LCM_lora_sdxl,,LatDiff,not_applicable,1c922b0fb08ea1375497908d0af39764239c509e5dc84b3f85e82154cf426591,f3630d0068b575ee,20260828,7d4a74a88d2cac93b513c0853bf92c260eaceea0,data/CompEval-00379-of-00413.parquet,4,16,3264,4928,TIFF,29618778
cf_test_external_seen_family_real_83289336131d9592,test_external_seen_family/real/cf_test_external_seen_family_real_83289336131d9592_00046202.jpeg.jpg,0,test_external_seen_family,community-forensics-eval,real:LAION,test,test_external_seen_family,LAION,FLUX-schnell,,Commercial,not_applicable,2246123431914bec5f2617c8254cfbf4225b51cc64263b096d55dec05f520a14,be6e91d065879171,20260828,7d4a74a88d2cac93b513c0853bf92c260eaceea0,data/CompEval-00187-of-00413.parquet,5,0,300,344,JPEG,37333
cf_test_external_seen_family_real_834ca26c2410ed34,test_external_seen_family/real/cf_test_external_seen_family_real_834ca26c2410ed34_00022151.jpeg.jpg,0,test_external_seen_family,community-forensics-eval,real:LAION,test,test_external_seen_family,LAION,Firefly_Image2,,Commercial,not_applicable,4e3321dcb0d15e6178ecb676fb0788d5e232f6e84074030e996503fe60dea6fa,af7be490d4cd9184,20260828,7d4a74a88d2cac93b513c0853bf92c260eaceea0,data/CompEval-00034-of-00413.parquet,2,24,960,720,JPEG,88092
cf_test_external_seen_family_real_838534e2f20703d1,test_external_seen_family/real/cf_test_external_seen_family_real_838534e2f20703d1_000005315.tiff.tiff,0,test_external_seen_family,community-forensics-eval,real:RAISE,test,test_external_seen_family,RAISE,LCM_lora_ssd1b,,LatDiff,not_applicable,c5f218eb838f7181c2d987707df50ec7530d27e853a643d56f54bfddcaf6b061,b033bfb29b515948,20260828,7d4a74a88d2cac93b513c0853bf92c260eaceea0,data/CompEval-00400-of-00413.parquet,3,0,4928,3264,TIFF,20534298
cf_test_external_seen_family_real_83b45d56c6a7854c,test_external_seen_family/real/cf_test_external_seen_family_real_83b45d56c6a7854c_000000448241.jpg.jpg,0,test_external_seen_family,community-forensics-eval,real:COCO,test,test_external_seen_family,COCO,DFGAN,,GAN,not_applicable,a37d1a2630915107054b58f105c2040685f95f26f4ea0ab790954f99b9d863db,9e3cc98ff4f043c0,20260828,7d4a74a88d2cac93b513c0853bf92c260eaceea0,data/CompEval-00356-of-00413.parquet,0,7,640,426,JPEG,44501
cf_test_external_seen_family_real_83f67b44c876f7db,test_external_seen_family/real/cf_test_external_seen_family_real_83f67b44c876f7db_30629.png.png,0,test_external_seen_family,community-forensics-eval,real:FFHQ,test,test_external_seen_family,FFHQ,Hourglass,,PixDiff,not_applicable,11aa5ca9a31fd6d678c9b2a33b653f8b46ce028098277389493b14a605d1df4b,c0b0d7deaa29568b,20260828,7d4a74a88d2cac93b513c0853bf92c260eaceea0,data/CompEval-00106-of-00413.parquet,0,3,1024,1024,PNG,1240908
cf_test_external_seen_family_real_840365f06e4ceb5b,test_external_seen_family/real/cf_test_external_seen_family_real_840365f06e4ceb5b_00049603.jpeg.jpg,0,test_external_seen_family,community-forensics-eval,real:LAION,test,test_external_seen_family,LAION,Firefly_Image3,,Commercial,not_applicable,b0583d5a1d961418ced8c460f455e009a3c633c1c901279d02385f6269233d91,cfd23cc3c3c71492,20260828,7d4a74a88d2cac93b513c0853bf92c260eaceea0,data/CompEval-00341-of-00413.parquet,0,6,299,450,JPEG,9223
cf_test_external_seen_family_real_84184fca73711501,test_external_seen_family/real/cf_test_external_seen_family_real_84184fca73711501_36770.png.png,0,test_external_seen_family,community-forensics-eval,real:FFHQ,test,test_external_seen_family,FFHQ,Hourglass,,PixDiff,not_applicable,e3f0befe6b6bc1ec83f0a1388fd07f37232a5001b13d803ee131b96a2628c4f6,9b7e692243dcc0dc,20260828,7d4a74a88d2cac93b513c0853bf92c260eaceea0,data/CompEval-00105-of-00413.parquet,2,19,1024,1024,PNG,1438370
cf_test_external_seen_family_real_84593b4c78022b5d,test_external_seen_family/real/cf_test_external_seen_family_real_84593b4c78022b5d_000006930.tiff.tiff,0,test_external_seen_family,community-forensics-eval,real:RAISE,test,test_external_seen_family,RAISE,kvikontent_midjourney_v6,,LatDiff,not_applicable,d979d5d6fa75e9b1a1726ce7abf597a413cd7c0012208b0460ada44fde128263,bf45906adbb59403,20260828,7d4a74a88d2cac93b513c0853bf92c260eaceea0,data/CompEval-00089-of-00413.parquet,1,6,4928,3264,TIFF,34639382
cf_test_external_seen_family_real_84d23afc73816640,test_external_seen_family/real/cf_test_external_seen_family_real_84d23afc73816640_62051.png.png,0,test_external_seen_family,community-forensics-eval,real:FFHQ,test,test_external_seen_family,FFHQ,Hourglass,,PixDiff,not_applicable,fb17ce390af70acc2d468026dc332611238c68fad0d156e826df4adfe6fe6e29,abbdb47420da81da,20260828,7d4a74a88d2cac93b513c0853bf92c260eaceea0,data/CompEval-00106-of-00413.parquet,2,7,1024,1024,PNG,1359202
cf_test_external_seen_family_real_84e80d09519ced7a,test_external_seen_family/real/cf_test_external_seen_family_real_84e80d09519ced7a_000000448559.jpg.jpg,0,test_external_seen_family,community-forensics-eval,real:COCO,test,test_external_seen_family,COCO,DFGAN,,GAN,not_applicable,014dcf9aaf4bd114cc8db36e584c56cf52a8ae65af281d44e36ece55bcc93be1,d0cc1ec8609ce7f3,20260828,7d4a74a88d2cac93b513c0853bf92c260eaceea0,data/CompEval-00356-of-00413.parquet,2,23,640,480,JPEG,57257
cf_test_external_seen_family_real_84ed7b0fa10e3dad,test_external_seen_family/real/cf_test_external_seen_family_real_84ed7b0fa10e3dad_000001204.tiff.tiff,0,test_external_seen_family,community-forensics-eval,real:RAISE,test,test_external_seen_family,RAISE,LCM_lora_ssd1b,,LatDiff,not_applicable,35b868b591b6d10aa9bd90146bb4d56bbec5fa022da897971476c9dc7c0d5327,d5d587807838369f,20260828,7d4a74a88d2cac93b513c0853bf92c260eaceea0,data/CompEval-00399-of-00413.parquet,0,14,4928,3264,TIFF,18929300
cf_test_external_seen_family_real_8501e90a84351358,test_external_seen_family/real/cf_test_external_seen_family_real_8501e90a84351358_000004287.tiff.tiff,0,test_external_seen_family,community-forensics-eval,real:RAISE,test,test_external_seen_family,RAISE,LCM_lora_ssd1b,,LatDiff,not_applicable,2b8b790ccb2cea4bc662df8886af54ce919c72babcf546158f5833e908bcf190,dad2e4caab352255,20260828,7d4a74a88d2cac93b513c0853bf92c260eaceea0,data/CompEval-00398-of-00413.parquet,3,11,4928,3264,TIFF,20651694
cf_test_external_seen_family_real_8540ab64e86ef54e,test_external_seen_family/real/cf_test_external_seen_family_real_8540ab64e86ef54e_000003923.tiff.tiff,0,test_external_seen_family,community-forensics-eval,real:RAISE,test,test_external_seen_family,RAISE,kvikontent_midjourney_v6,,LatDiff,not_applicable,348e4b3c54611e48f2038cb2bf87094477fcc76d2bdb8b0a4ffccca42e9120a3,8303070707373f7f,20260828,7d4a74a88d2cac93b513c0853bf92c260eaceea0,data/CompEval-00095-of-00413.parquet,2,5,4288,2848,TIFF,13295180
cf_test_external_seen_family_real_85440bb8bdb80f66,test_external_seen_family/real/cf_test_external_seen_family_real_85440bb8bdb80f66_000003144.tiff.tiff,0,test_external_seen_family,community-forensics-eval,real:RAISE,test,test_external_seen_family,RAISE,kvikontent_midjourney_v6,,LatDiff,not_applicable,6e0d555013f013629af4fa4c593babe0e6e3946696b8d679e800e896f4974e36,807f6b03fc0903fe,20260828,7d4a74a88d2cac93b513c0853bf92c260eaceea0,data/CompEval-00220-of-00413.parquet,0,15,2848,4288,TIFF,21019034
cf_test_external_seen_family_real_858597840ba88cb9,test_external_seen_family/real/cf_test_external_seen_family_real_858597840ba88cb9_000005407.tiff.tiff,0,test_external_seen_family,community-forensics-eval,real:RAISE,test,test_external_seen_family,RAISE,stable_cascade,,Other,not_applicable,83d01501977a60a3fb07bbe107596442f31aa390c100b38d82a9d71d0761de51,8cc8ea70c5bb1d4b,20260828,7d4a74a88d2cac93b513c0853bf92c260eaceea0,data/CompEval-00260-of-00413.parquet,4,3,4928,3264,TIFF,23582974
cf_test_external_seen_family_real_85d381a9cbe1b98d,test_external_seen_family/real/cf_test_external_seen_family_real_85d381a9cbe1b98d_000000234922.jpg.jpg,0,test_external_seen_family,community-forensics-eval,real:COCO,test,test_external_seen_family,COCO,DFGAN,,GAN,not_applicable,db38b46be9e178ed167642dc6da8e258781eecf7b0c6e3858e1f69cccf481365,b19d598c8e9a7166,20260828,7d4a74a88d2cac93b513c0853bf92c260eaceea0,data/CompEval-00357-of-00413.parquet,1,11,640,480,JPEG,33878
cf_test_external_seen_family_real_85e71003260aaf06,test_external_seen_family/real/cf_test_external_seen_family_real_85e71003260aaf06_000000140586.jpg.jpg,0,test_external_seen_family,community-forensics-eval,real:COCO,test,test_external_seen_family,COCO,DFGAN,,GAN,not_applicable,2a91dae1c6f6b660229d3c0b1fdd8a1513bc31daa8d99f9de94d967c3e929082,8ce03ad1d76a3d8c,20260828,7d4a74a88d2cac93b513c0853bf92c260eaceea0,data/CompEval-00356-of-00413.parquet,0,9,640,351,JPEG,64919
cf_test_external_seen_family_real_85ff7405a8bf7f9c,test_external_seen_family/real/cf_test_external_seen_family_real_85ff7405a8bf7f9c_000004316.tiff.tiff,0,test_external_seen_family,community-forensics-eval,real:RAISE,test,test_external_seen_family,RAISE,kvikontent_midjourney_v6,,LatDiff,not_applicable,e65722c9842df09e5604109b5e39f16c13ec8db9d72271a0c5c14dba7c3911b9,d08fa5724fb0664d,20260828,7d4a74a88d2cac93b513c0853bf92c260eaceea0,data/CompEval-00221-of-00413.parquet,0,11,4928,3264,TIFF,27096694
cf_test_external_seen_family_real_85ffa29eec0b8d72,test_external_seen_family/real/cf_test_external_seen_family_real_85ffa29eec0b8d72_000000124768.jpg.jpg,0,test_external_seen_family,community-forensics-eval,real:COCO,test,test_external_seen_family,COCO,DFGAN,,GAN,not_applicable,b4876727dab9817b41b5312c9b2bec37143cea02abdd8756221eed0d1e55768e,8fd18a6431ec7372,20260828,7d4a74a88d2cac93b513c0853bf92c260eaceea0,data/CompEval-00350-of-00413.parquet,1,22,640,480,JPEG,72497
cf_test_external_seen_family_real_867160706de4f4ee,test_external_seen_family/real/cf_test_external_seen_family_real_867160706de4f4ee_61763.png.png,0,test_external_seen_family,community-forensics-eval,real:FFHQ,test,test_external_seen_family,FFHQ,Hourglass,,PixDiff,not_applicable,a7e6b440fe6679299f4577f7a4b232cc3bf23d3de0f9aef21cb36b87962bb0a6,8f70648dca3983d7,20260828,7d4a74a88d2cac93b513c0853bf92c260eaceea0,data/CompEval-00271-of-00413.parquet,0,15,1024,1024,PNG,1412800
cf_test_external_seen_family_real_86731d83851a2639,test_external_seen_family/real/cf_test_external_seen_family_real_86731d83851a2639_000000166493.jpg.jpg,0,test_external_seen_family,community-forensics-eval,real:COCO,test,test_external_seen_family,COCO,DFGAN,,GAN,not_applicable,0111e7f3e06e5c05dcf20ab02f3547b4d08231b37384deb8aad6aeae6fedb5f8,d54e6a81fcc22778,20260828,7d4a74a88d2cac93b513c0853bf92c260eaceea0,data/CompEval-00351-of-00413.parquet,2,19,640,427,JPEG,37479
cf_test_external_seen_family_real_86fd4cc2d2ad46f0,test_external_seen_family/real/cf_test_external_seen_family_real_86fd4cc2d2ad46f0_00007642.jpeg.jpg,0,test_external_seen_family,community-forensics-eval,real:LAION,test,test_external_seen_family,LAION,FLUX-schnell,,Commercial,not_applicable,91e82fe3543ef662d53230b18a2f14df42e871d77402142868dc8c3852453b5d,f6c2896c669236ce,20260828,7d4a74a88d2cac93b513c0853bf92c260eaceea0,data/CompEval-00137-of-00413.parquet,2,13,350,350,JPEG,11111
cf_test_external_seen_family_real_871a1d5621b60fd7,test_external_seen_family/real/cf_test_external_seen_family_real_871a1d5621b60fd7_000005646.tiff.tiff,0,test_external_seen_family,community-forensics-eval,real:RAISE,test,test_external_seen_family,RAISE,LCM_lora_sdxl,,LatDiff,not_applicable,cd31a95acd286c3c94473fe88e44824f53609d27e97a9203aeb60da36c27767a,9199c4b6d9f07c1c,20260828,7d4a74a88d2cac93b513c0853bf92c260eaceea0,data/CompEval-00378-of-00413.parquet,4,22,4928,3264,TIFF,20899616
cf_test_external_seen_family_real_8756798b4948a588,test_external_seen_family/real/cf_test_external_seen_family_real_8756798b4948a588_43319.png.png,0,test_external_seen_family,community-forensics-eval,real:FFHQ,test,test_external_seen_family,FFHQ,Hourglass,,PixDiff,not_applicable,69ddc14bad56953cbc6b9914eb5f9ce5a0c53e1e4fdf89e26b87720a4ac6a46a,c37e3d90d20be742,20260828,7d4a74a88d2cac93b513c0853bf92c260eaceea0,data/CompEval-00271-of-00413.parquet,1,24,1024,1024,PNG,1438478
cf_test_external_seen_family_real_8757f4ef7f0cdbd0,test_external_seen_family/real/cf_test_external_seen_family_real_8757f4ef7f0cdbd0_000004880.tiff.tiff,0,test_external_seen_family,community-forensics-eval,real:RAISE,test,test_external_seen_family,RAISE,LCM_lora_ssd1b,,LatDiff,not_applicable,d87ec1254d5acf49e0c72baf14655f05b7e153ca89d90c39ce9db8b59493a512,d326b5d34cbb08a9,20260828,7d4a74a88d2cac93b513c0853bf92c260eaceea0,data/CompEval-00400-of-00413.parquet,0,9,4928,3264,TIFF,27341874
cf_test_external_seen_family_real_878935e60745b606,test_external_seen_family/real/cf_test_external_seen_family_real_878935e60745b606_10775.png.png,0,test_external_seen_family,community-forensics-eval,real:FFHQ,test,test_external_seen_family,FFHQ,Hourglass,,PixDiff,not_applicable,95537d255a5545abc4e5cf4d0564a04e6610eb6f5fe23dfb671a89f2cb4882ae,8783ac95cc1cda9e,20260828,7d4a74a88d2cac93b513c0853bf92c260eaceea0,data/CompEval-00110-of-00413.parquet,1,13,1024,1024,PNG,1095427
cf_test_external_seen_family_real_87b8f5533d64d1f8,test_external_seen_family/real/cf_test_external_seen_family_real_87b8f5533d64d1f8_000000131479.jpg.jpg,0,test_external_seen_family,community-forensics-eval,real:COCO,test,test_external_seen_family,COCO,DFGAN,,GAN,not_applicable,52a07424f898fe405389f8683d614fc9b73bc643e1d016653371700c99590038,d24f2cd8887e95d2,20260828,7d4a74a88d2cac93b513c0853bf92c260eaceea0,data/CompEval-00357-of-00413.parquet,1,8,640,425,JPEG,51135
cf_test_external_seen_family_real_881b038bd8d46442,test_external_seen_family/real/cf_test_external_seen_family_real_881b038bd8d46442_00024847.jpeg.jpg,0,test_external_seen_family,community-forensics-eval,real:LAION,test,test_external_seen_family,LAION,Firefly_Image2,,Commercial,not_applicable,037a3b2a6c238e6800d8b23c62eea5763f3d3a008cb188c2f4190b89d3d53b01,b19a9869ce0ccec7,20260828,7d4a74a88d2cac93b513c0853bf92c260eaceea0,data/CompEval-00037-of-00413.parquet,2,2,300,300,JPEG,10026
cf_test_external_seen_family_real_88471c04f6ace388,test_external_seen_family/real/cf_test_external_seen_family_real_88471c04f6ace388_28363.png.png,0,test_external_seen_family,community-forensics-eval,real:FFHQ,test,test_external_seen_family,FFHQ,Hourglass,,PixDiff,not_applicable,b41425ab8fd3aa12f4c6b377d2e10a6bc936e320d1f4100df7e8c1b2f223389f,fae021e76325c783,20260828,7d4a74a88d2cac93b513c0853bf92c260eaceea0,data/CompEval-00109-of-00413.parquet,3,17,1024,1024,PNG,1193207
cf_test_external_seen_family_real_885a8cd37a9029df,test_external_seen_family/real/cf_test_external_seen_family_real_885a8cd37a9029df_00022167.jpeg.jpg,0,test_external_seen_family,community-forensics-eval,real:LAION,test,test_external_seen_family,LAION,Firefly_Image3,,Commercial,not_applicable,047c31beeed2a63fbef5736a0c20fddf0caa02e1a0799612409e37cf477389a5,cad1282e3dc6f474,20260828,7d4a74a88d2cac93b513c0853bf92c260eaceea0,data/CompEval-00200-of-00413.parquet,3,0,474,317,JPEG,23166
cf_test_external_seen_family_real_88c55d7573b62488,test_external_seen_family/real/cf_test_external_seen_family_real_88c55d7573b62488_59277.png.png,0,test_external_seen_family,community-forensics-eval,real:FFHQ,test,test_external_seen_family,FFHQ,Hourglass,,PixDiff,not_applicable,4ebe053afb30b0a0dd61c99fdca87e340890809f3560084d6df31e8e106bee25,df20208760cfdcde,20260828,7d4a74a88d2cac93b513c0853bf92c260eaceea0,data/CompEval-00107-of-00413.parquet,3,17,1024,1024,PNG,1551371
cf_test_external_seen_family_real_88f3d5652734b91c,test_external_seen_family/real/cf_test_external_seen_family_real_88f3d5652734b91c_00059269.jpeg.jpg,0,test_external_seen_family,community-forensics-eval,real:LAION,test,test_external_seen_family,LAION,FLUX-schnell,,Commercial,not_applicable,89116d4f1a76064da355f27d59e19b4b1a6522e57f5d8094ed310e84cb9c98ce,c14f9f995a72660c,20260828,7d4a74a88d2cac93b513c0853bf92c260eaceea0,data/CompEval-00138-of-00413.parquet,3,16,1600,1067,JPEG,217706
cf_test_external_seen_family_real_8977478b23c20a86,test_external_seen_family/real/cf_test_external_seen_family_real_8977478b23c20a86_000001386.tiff.tiff,0,test_external_seen_family,community-forensics-eval,real:RAISE,test,test_external_seen_family,RAISE,stable_cascade,,Other,not_applicable,63f974714a332bea3703c8f4406e5e35f05af5dfcb32d913f64afc7d9f641088,c2e6bc2bc1981de5,20260828,7d4a74a88d2cac93b513c0853bf92c260eaceea0,data/CompEval-00257-of-00413.parquet,4,16,4928,3264,TIFF,27595484
cf_test_external_seen_family_real_899f546b3f2862c6,test_external_seen_family/real/cf_test_external_seen_family_real_899f546b3f2862c6_000004379.tiff.tiff,0,test_external_seen_family,community-forensics-eval,real:RAISE,test,test_external_seen_family,RAISE,kvikontent_midjourney_v6,,LatDiff,not_applicable,4326bce7252738b1d17f265b0a4880ef5e983b65e98230883e5f3fda70c03cd8,f9b8db8602faa099,20260828,7d4a74a88d2cac93b513c0853bf92c260eaceea0,data/CompEval-00220-of-00413.parquet,2,12,4928,3264,TIFF,24086828
cf_test_external_seen_family_real_8a29ee4f7a5fc45f,test_external_seen_family/real/cf_test_external_seen_family_real_8a29ee4f7a5fc45f_000000153147.jpg.jpg,0,test_external_seen_family,community-forensics-eval,real:COCO,test,test_external_seen_family,COCO,DFGAN,,GAN,not_applicable,48b9317eaff429ac4c9cf428349b0ff228e697208ff2d7b804c054208f4768a3,8e8c8e8e9cb2f370,20260828,7d4a74a88d2cac93b513c0853bf92c260eaceea0,data/CompEval-00351-of-00413.parquet,2,23,500,333,JPEG,38284
cf_test_external_seen_family_real_8a49ba9bd4567cb9,test_external_seen_family/real/cf_test_external_seen_family_real_8a49ba9bd4567cb9_000000286.tiff.tiff,0,test_external_seen_family,community-forensics-eval,real:RAISE,test,test_external_seen_family,RAISE,LCM_lora_sdv15,,LatDiff,not_applicable,a3ebcdeec8a183b1a5c6c8a81e4a6c5d69134f7853c9a056190343043ed17c8c,8a9e733e43722bb0,20260828,7d4a74a88d2cac93b513c0853bf92c260eaceea0,data/CompEval-00116-of-00413.parquet,1,6,4928,3264,TIFF,16492792
cf_test_external_seen_family_real_8b08f0a94fe78de4,test_external_seen_family/real/cf_test_external_seen_family_real_8b08f0a94fe78de4_000000026610.jpg.jpg,0,test_external_seen_family,community-forensics-eval,real:COCO,test,test_external_seen_family,COCO,DFGAN,,GAN,not_applicable,fe7e06f790361ec55982cf163248c69a6a2aed99152015c2cf13ab64a2da37c8,b2e8cd9494f87a16,20260828,7d4a74a88d2cac93b513c0853bf92c260eaceea0,data/CompEval-00355-of-00413.parquet,2,21,375,500,JPEG,35960
cf_test_external_seen_family_real_8bc69afd40b4b12e,test_external_seen_family/real/cf_test_external_seen_family_real_8bc69afd40b4b12e_00044584.webp.webp,0,test_external_seen_family,community-forensics-eval,real:LAION,test,test_external_seen_family,LAION,Dalle2,,Commercial,not_applicable,99b0c1068db4096b813f8c3b3d3c54d7e8591f2b7a79f16555fc56a366f02acf,807f9f818097c17f,20260828,7d4a74a88d2cac93b513c0853bf92c260eaceea0,data/CompEval-00344-of-00413.parquet,1,5,720,540,WEBP,33302
cf_test_external_seen_family_real_8bca73d3f25eb5aa,test_external_seen_family/real/cf_test_external_seen_family_real_8bca73d3f25eb5aa_000000468943.jpg.jpg,0,test_external_seen_family,community-forensics-eval,real:COCO,test,test_external_seen_family,COCO,DFGAN,,GAN,not_applicable,cb6f3a99ca63f3e6f464c0841bf479b995f5fd689cd9e29dda918dbf3ea0f303,85e5d16aba96a58c,20260828,7d4a74a88d2cac93b513c0853bf92c260eaceea0,data/CompEval-00357-of-00413.parquet,1,14,640,372,JPEG,58846
cf_test_external_seen_family_real_8bff10dfae44d1e0,test_external_seen_family/real/cf_test_external_seen_family_real_8bff10dfae44d1e0_000007486.tiff.tiff,0,test_external_seen_family,community-forensics-eval,real:RAISE,test,test_external_seen_family,RAISE,kvikontent_midjourney_v6,,LatDiff,not_applicable,9b9baed6ca8f5de5ee0f3826dcfab60ce3c70f7aac25d882064c21b1b1466d29,81879983adf7a683,20260828,7d4a74a88d2cac93b513c0853bf92c260eaceea0,data/CompEval-00220-of-00413.parquet,4,3,4928,3264,TIFF,23755898
cf_test_external_seen_family_real_8c29e64b15b7895d,test_external_seen_family/real/cf_test_external_seen_family_real_8c29e64b15b7895d_00000051.jpeg.jpg,0,test_external_seen_family,community-forensics-eval,real:LAION,test,test_external_seen_family,LAION,FLUX-dev,,Commercial,not_applicable,4ec492d9f68f2f9d68b6c760f1f87c2c910ea4cbe118e85ebd57a6ff646f86d3,b2c3cf2cd33c2cb0,20260828,7d4a74a88d2cac93b513c0853bf92c260eaceea0,data/CompEval-00134-of-00413.parquet,2,2,330,446,JPEG,13206
cf_test_external_seen_family_real_8c444664d49d6b54,test_external_seen_family/real/cf_test_external_seen_family_real_8c444664d49d6b54_65518.png.png,0,test_external_seen_family,community-forensics-eval,real:FFHQ,test,test_external_seen_family,FFHQ,Hourglass,,PixDiff,not_applicable,5aebc0c97cdeef75e8cd670b50068791efe9ee999ac29d4b284551dada46200c,dee021e7258c978d,20260828,7d4a74a88d2cac93b513c0853bf92c260eaceea0,data/CompEval-00108-of-00413.parquet,3,24,1024,1024,PNG,1005811
cf_test_external_seen_family_real_8cb37c7fd531ef8e,test_external_seen_family/real/cf_test_external_seen_family_real_8cb37c7fd531ef8e_000000530144.jpg.jpg,0,test_external_seen_family,community-forensics-eval,real:COCO,test,test_external_seen_family,COCO,DFGAN,,GAN,not_applicable,24b5d222b23b013bb1de9898fa1b0440c72f4eab01e9b1aaa88860769c8ac3ce,bb93c669199c66c2,20260828,7d4a74a88d2cac93b513c0853bf92c260eaceea0,data/CompEval-00350-of-00413.parquet,4,10,640,427,JPEG,37758
cf_test_external_seen_family_real_8cf262b4ca4e1dea,test_external_seen_family/real/cf_test_external_seen_family_real_8cf262b4ca4e1dea_000000179023.jpg.jpg,0,test_external_seen_family,community-forensics-eval,real:COCO,test,test_external_seen_family,COCO,DFGAN,,GAN,not_applicable,298c3589c09ec961b658fc4c1743b3b5464e89b975e27388ef1c1338463a90a9,bc04c379f3418bec,20260828,7d4a74a88d2cac93b513c0853bf92c260eaceea0,data/CompEval-00357-of-00413.parquet,1,2,640,426,JPEG,75327
cf_test_external_seen_family_real_8d0b3b30e1a5dd43,test_external_seen_family/real/cf_test_external_seen_family_real_8d0b3b30e1a5dd43_000000438452.jpg.jpg,0,test_external_seen_family,community-forensics-eval,real:COCO,test,test_external_seen_family,COCO,DFGAN,,GAN,not_applicable,c1c9f118b938f31b70b40987ed2809ad720b94e6799d48968457c71a0e432c80,9304e9a36c7966ba,20260828,7d4a74a88d2cac93b513c0853bf92c260eaceea0,data/CompEval-00355-of-00413.parquet,1,16,640,480,JPEG,71251
cf_test_external_seen_family_real_8d4b89bd7b488798,test_external_seen_family/real/cf_test_external_seen_family_real_8d4b89bd7b488798_44263.png.png,0,test_external_seen_family,community-forensics-eval,real:FFHQ,test,test_external_seen_family,FFHQ,Hourglass,,PixDiff,not_applicable,17bd8b2d07d6c2341efc442c623183e19f896e9d7450610c2ca10d8dcfa45d14,d7dd7cb02191c3c8,20260828,7d4a74a88d2cac93b513c0853bf92c260eaceea0,data/CompEval-00270-of-00413.parquet,4,13,1024,1024,PNG,1589128
cf_test_external_seen_family_real_8d5a70df18c050be,test_external_seen_family/real/cf_test_external_seen_family_real_8d5a70df18c050be_000000024075.jpg.jpg,0,test_external_seen_family,community-forensics-eval,real:COCO,test,test_external_seen_family,COCO,DFGAN,,GAN,not_applicable,214a2a397107cfae693970e0e624f3dfb1037ad5a38b5dde197b8e4a4ab4e273,b3d84c168cf552ec,20260828,7d4a74a88d2cac93b513c0853bf92c260eaceea0,data/CompEval-00355-of-00413.parquet,1,22,375,500,JPEG,37667
cf_test_external_seen_family_real_8d621e5347cd2536,test_external_seen_family/real/cf_test_external_seen_family_real_8d621e5347cd2536_000000547303.jpg.jpg,0,test_external_seen_family,community-forensics-eval,real:COCO,test,test_external_seen_family,COCO,DFGAN,,GAN,not_applicable,fcf9d530888de3a0c7ab1f2480030fea22f90a851c3e8e78fd3ed3adfcf1386a,c18b92dadb4f3225,20260828,7d4a74a88d2cac93b513c0853bf92c260eaceea0,data/CompEval-00350-of-00413.parquet,0,12,640,496,JPEG,46971
cf_test_external_seen_family_real_8d789191469f2010,test_external_seen_family/real/cf_test_external_seen_family_real_8d789191469f2010_000000758.tiff.tiff,0,test_external_seen_family,community-forensics-eval,real:RAISE,test,test_external_seen_family,RAISE,GALIP,,GAN,not_applicable,5afd8b2aa545b558dae68fa1c09930dc6c67e4b5ca9a1620e4f0c9eb514299c2,e69588591fe68761,20260828,7d4a74a88d2cac93b513c0853bf92c260eaceea0,data/CompEval-00043-of-00413.parquet,2,0,4928,3264,TIFF,18504664
cf_test_external_seen_family_real_8dcc7aac352ab140,test_external_seen_family/real/cf_test_external_seen_family_real_8dcc7aac352ab140_43754.png.png,0,test_external_seen_family,community-forensics-eval,real:FFHQ,test,test_external_seen_family,FFHQ,Hourglass,,PixDiff,not_applicable,119a142439b96d4e84970fe83b82231065cd7dedb3022743f92ee2043a7a9a10,be2601d1e96dc2ab,20260828,7d4a74a88d2cac93b513c0853bf92c260eaceea0,data/CompEval-00108-of-00413.parquet,3,9,1024,1024,PNG,1464634
cf_test_external_seen_family_real_8e4efcbb12999f6c,test_external_seen_family/real/cf_test_external_seen_family_real_8e4efcbb12999f6c_12027.png.png,0,test_external_seen_family,community-forensics-eval,real:FFHQ,test,test_external_seen_family,FFHQ,Hourglass,,PixDiff,not_applicable,3f399b15bc14c7e48b5450f7023828384bd26370f7f43f7726392cb07c49a8d2,cf9a3c3030b9a3da,20260828,7d4a74a88d2cac93b513c0853bf92c260eaceea0,data/CompEval-00107-of-00413.parquet,4,20,1024,1024,PNG,1439337
cf_test_external_seen_family_real_8e8ac4bfd6dd0a09,test_external_seen_family/real/cf_test_external_seen_family_real_8e8ac4bfd6dd0a09_12961.png.png,0,test_external_seen_family,community-forensics-eval,real:FFHQ,test,test_external_seen_family,FFHQ,Hourglass,,PixDiff,not_applicable,8e3e8989137f87e1a13098c170c5f3f7f7f699ffbed1cd11456ae9d1e26024c5,c7b403b633b4c19e,20260828,7d4a74a88d2cac93b513c0853bf92c260eaceea0,data/CompEval-00109-of-00413.parquet,5,0,1024,1024,PNG,1209738
cf_test_external_seen_family_real_8e9954d24a937772,test_external_seen_family/real/cf_test_external_seen_family_real_8e9954d24a937772_000000036369.jpg.jpg,0,test_external_seen_family,community-forensics-eval,real:COCO,test,test_external_seen_family,COCO,DFGAN,,GAN,not_applicable,6d75aa96c257d5e8b9d1e30c2277be93816d1c156895cd1f0b9a3046055455aa,e1a29e5d18da3e23,20260828,7d4a74a88d2cac93b513c0853bf92c260eaceea0,data/CompEval-00354-of-00413.parquet,0,20,375,500,JPEG,50865
cf_test_external_seen_family_real_8e9aca77f051636f,test_external_seen_family/real/cf_test_external_seen_family_real_8e9aca77f051636f_000000089784.jpg.jpg,0,test_external_seen_family,community-forensics-eval,real:COCO,test,test_external_seen_family,COCO,DFGAN,,GAN,not_applicable,d3485be0d2f66189bbf1cc42bd8fe01d4b860a3077de114c28b1fe3bd842a231,ba3277c54c8e124f,20260828,7d4a74a88d2cac93b513c0853bf92c260eaceea0,data/CompEval-00350-of-00413.parquet,0,16,640,640,JPEG,46808
cf_test_external_seen_family_real_902283cfc7f3bc64,test_external_seen_family/real/cf_test_external_seen_family_real_902283cfc7f3bc64_00039588.jpeg.jpg,0,test_external_seen_family,community-forensics-eval,real:LAION,test,test_external_seen_family,LAION,Dalle2,,Commercial,not_applicable,a5bdd44e0e1524c7ced86c11eefd4321ca78ff1b559ab92edaa310c67304f522,adad3531b3870f05,20260828,7d4a74a88d2cac93b513c0853bf92c260eaceea0,data/CompEval-00342-of-00413.parquet,3,24,650,650,JPEG,56835
cf_test_external_seen_family_real_902b21e156c26903,test_external_seen_family/real/cf_test_external_seen_family_real_902b21e156c26903_00012622.jpeg.jpg,0,test_external_seen_family,community-forensics-eval,real:LAION,test,test_external_seen_family,LAION,Dalle3,,Commercial,not_applicable,fcae345cbb3d7a38804c0c10b9970570f026651c739416c07ecdac4424999b85,d5c322b5bc96b0b4,20260828,7d4a74a88d2cac93b513c0853bf92c260eaceea0,data/CompEval-00102-of-00413.parquet,4,15,450,634,JPEG,58511
cf_test_external_seen_family_real_904355cc584dce5e,test_external_seen_family/real/cf_test_external_seen_family_real_904355cc584dce5e_00021416.png.png,0,test_external_seen_family,community-forensics-eval,real:LAION,test,test_external_seen_family,LAION,MidjourneyV5_2,,Commercial,not_applicable,a3174bce8a62c781a68af32400a7be9303a8365971214a4f3d02dc75b3624120,fad2852f858f90d8,20260828,7d4a74a88d2cac93b513c0853bf92c260eaceea0,data/CompEval-00288-of-00413.parquet,3,19,285,369,PNG,38489
cf_test_external_seen_family_real_9047100687d7edfb,test_external_seen_family/real/cf_test_external_seen_family_real_9047100687d7edfb_000003633.tiff.tiff,0,test_external_seen_family,community-forensics-eval,real:RAISE,test,test_external_seen_family,RAISE,LCM_lora_sdv15,,LatDiff,not_applicable,be9a6a8fe0e23e64251af087edc119e9422952fcac8c0e8b49b5ea7d239588e5,db9a9ccc26968726,20260828,7d4a74a88d2cac93b513c0853bf92c260eaceea0,data/CompEval-00115-of-00413.parquet,3,17,4288,2848,TIFF,23404658
cf_test_external_seen_family_real_90679868e98f7200,test_external_seen_family/real/cf_test_external_seen_family_real_90679868e98f7200_000000270339.jpg.jpg,0,test_external_seen_family,community-forensics-eval,real:COCO,test,test_external_seen_family,COCO,DFGAN,,GAN,not_applicable,9afe298c801d39f351cf98ba0727ac7166ad3edae9dc8ab51691f46c35e1f0c8,b09b867c39e7145c,20260828,7d4a74a88d2cac93b513c0853bf92c260eaceea0,data/CompEval-00352-of-00413.parquet,4,13,640,425,JPEG,27989
cf_test_external_seen_family_real_9109e0ef37b5edbc,test_external_seen_family/real/cf_test_external_seen_family_real_9109e0ef37b5edbc_00049963.jpeg.jpg,0,test_external_seen_family,community-forensics-eval,real:LAION,test,test_external_seen_family,LAION,IdeogramV1,,Commercial,not_applicable,89db4c8935423bda8c1f61e247f49685a5d9481bd2629339de37ad3e16a160a6,bfaf09d05a27814b,20260828,7d4a74a88d2cac93b513c0853bf92c260eaceea0,data/CompEval-00387-of-00413.parquet,0,5,300,300,JPEG,17967
cf_test_external_seen_family_real_91ee840aaba200a0,test_external_seen_family/real/cf_test_external_seen_family_real_91ee840aaba200a0_00031410.jpeg.jpg,0,test_external_seen_family,community-forensics-eval,real:LAION,test,test_external_seen_family,LAION,MidjourneyV6_1,,Commercial,not_applicable,d858e7c8eeae5b68685983149cd0ae768cda76fd5c1bac6fdf0fdeafc0554213,bb85cc7a916e42b1,20260828,7d4a74a88d2cac93b513c0853bf92c260eaceea0,data/CompEval-00391-of-00413.parquet,3,14,656,364,JPEG,17544
cf_test_external_seen_family_real_9226f47f3a8425d4,test_external_seen_family/real/cf_test_external_seen_family_real_9226f47f3a8425d4_00036467.jpeg.jpg,0,test_external_seen_family,community-forensics-eval,real:LAION,test,test_external_seen_family,LAION,Dalle2,,Commercial,not_applicable,f3afbfcbef923034be166fd27007732b81b3fb604a6e94a01a9498511a1f7646,a9e1b58c4194eaf9,20260828,7d4a74a88d2cac93b513c0853bf92c260eaceea0,data/CompEval-00343-of-00413.parquet,0,18,800,533,JPEG,84161
cf_test_external_seen_family_real_926a12ae19b75fb6,test_external_seen_family/real/cf_test_external_seen_family_real_926a12ae19b75fb6_000000162063.jpg.jpg,0,test_external_seen_family,community-forensics-eval,real:COCO,test,test_external_seen_family,COCO,DFGAN,,GAN,not_applicable,ad56b97290bd8cfc9fbb638a585fa278e934b98a37424108ff8eb29073cdd157,ca6c16860f06f737,20260828,7d4a74a88d2cac93b513c0853bf92c260eaceea0,data/CompEval-00355-of-00413.parquet,3,22,640,480,JPEG,52057
cf_test_external_seen_family_real_92bc27a82ccfda8c,test_external_seen_family/real/cf_test_external_seen_family_real_92bc27a82ccfda8c_05305.png.png,0,test_external_seen_family,community-forensics-eval,real:FFHQ,test,test_external_seen_family,FFHQ,Hourglass,,PixDiff,not_applicable,040060464433fa2f21a42b4ac8a51ab185c7af3558e8e4e87efc1f92f7e20a45,f0c6279ea4f8948b,20260828,7d4a74a88d2cac93b513c0853bf92c260eaceea0,data/CompEval-00106-of-00413.parquet,3,0,1024,1024,PNG,1631939
cf_test_external_seen_family_real_932091485c00371c,test_external_seen_family/real/cf_test_external_seen_family_real_932091485c00371c_33927.png.png,0,test_external_seen_family,community-forensics-eval,real:FFHQ,test,test_external_seen_family,FFHQ,Hourglass,,PixDiff,not_applicable,ef630b35e44d8519ed3a0a9336c803cf70869e9ae0ad73c4f97fc49a71bfbd68,dc4723616168f7cc,20260828,7d4a74a88d2cac93b513c0853bf92c260eaceea0,data/CompEval-00108-of-00413.parquet,4,19,1024,1024,PNG,1252245
cf_test_external_seen_family_real_936143c3aa442883,test_external_seen_family/real/cf_test_external_seen_family_real_936143c3aa442883_000001199.tiff.tiff,0,test_external_seen_family,community-forensics-eval,real:RAISE,test,test_external_seen_family,RAISE,LCM_lora_sdxl,,LatDiff,not_applicable,8249d8c1829e58c1710fff75f89abd9b78e94ce67a350fa83178204359c35825,95e01ccba647e335,20260828,7d4a74a88d2cac93b513c0853bf92c260eaceea0,data/CompEval-00378-of-00413.parquet,5,0,4928,3264,TIFF,23668498
cf_test_external_seen_family_real_93aa55064e7490a0,test_external_seen_family/real/cf_test_external_seen_family_real_93aa55064e7490a0_46132.png.png,0,test_external_seen_family,community-forensics-eval,real:FFHQ,test,test_external_seen_family,FFHQ,Hourglass,,PixDiff,not_applicable,049579c16cfe44d0a746b48d3996abc17f195b381b161408982f798c3415ce37,af2d32f432dcd2c0,20260828,7d4a74a88d2cac93b513c0853bf92c260eaceea0,data/CompEval-00108-of-00413.parquet,4,17,1024,1024,PNG,1440693
cf_test_external_seen_family_real_945ff46f36b5049a,test_external_seen_family/real/cf_test_external_seen_family_real_945ff46f36b5049a_40886.png.png,0,test_external_seen_family,community-forensics-eval,real:FFHQ,test,test_external_seen_family,FFHQ,Hourglass,,PixDiff,not_applicable,e7bb15923bcdda67b4150117ead1e1e69a63c2b21a01dbb89f4423449076895d,8f6530b37119cf8c,20260828,7d4a74a88d2cac93b513c0853bf92c260eaceea0,data/CompEval-00271-of-00413.parquet,2,22,1024,1024,PNG,1367498
cf_test_external_seen_family_real_94b522f04a4fcff8,test_external_seen_family/real/cf_test_external_seen_family_real_94b522f04a4fcff8_000000512.tiff.tiff,0,test_external_seen_family,community-forensics-eval,real:RAISE,test,test_external_seen_family,RAISE,LCM_lora_ssd1b,,LatDiff,not_applicable,21442f39e85b72c0fdb31fe25f4b735cc1722f3980fe5d01b9c4012bfe28e124,f9ecc283caacb9a0,20260828,7d4a74a88d2cac93b513c0853bf92c260eaceea0,data/CompEval-00399-of-00413.parquet,4,5,2848,4288,TIFF,21617248
cf_test_external_seen_family_real_94d49e71a34db9f3,test_external_seen_family/real/cf_test_external_seen_family_real_94d49e71a34db9f3_35472.png.png,0,test_external_seen_family,community-forensics-eval,real:FFHQ,test,test_external_seen_family,FFHQ,Hourglass,,PixDiff,not_applicable,fa1bb1b6a93bebfceeca1fc2fe127458469913fa17ea948f09a29bd114ac3472,d2536b6b3929588d,20260828,7d4a74a88d2cac93b513c0853bf92c260eaceea0,data/CompEval-00107-of-00413.parquet,4,15,1024,1024,PNG,1923813
cf_test_external_seen_family_real_95019fbbe83c321e,test_external_seen_family/real/cf_test_external_seen_family_real_95019fbbe83c321e_45495.png.png,0,test_external_seen_family,community-forensics-eval,real:FFHQ,test,test_external_seen_family,FFHQ,Hourglass,,PixDiff,not_applicable,03ee871e9d9c02a5cb9cc2006d6f4ec46debf19e63b63d48323af39097e1b215,cbc3e8c1c1ad438f,20260828,7d4a74a88d2cac93b513c0853bf92c260eaceea0,data/CompEval-00270-of-00413.parquet,4,7,1024,1024,PNG,1303995
cf_test_external_seen_family_real_9549542ab2776cb7,test_external_seen_family/real/cf_test_external_seen_family_real_9549542ab2776cb7_000003418.tiff.tiff,0,test_external_seen_family,community-forensics-eval,real:RAISE,test,test_external_seen_family,RAISE,LCM_lora_sdxl,,LatDiff,not_applicable,af1259e74b5af3d7c336ff5798f30c259fce3b8596195d1571372b5bf5d9130e,c8e5c529365cf827,20260828,7d4a74a88d2cac93b513c0853bf92c260eaceea0,data/CompEval-00375-of-00413.parquet,3,10,2848,4288,TIFF,21709082
cf_test_external_seen_family_real_9555b9a0ee4417ce,test_external_seen_family/real/cf_test_external_seen_family_real_9555b9a0ee4417ce_000000493478.jpg.jpg,0,test_external_seen_family,community-forensics-eval,real:COCO,test,test_external_seen_family,COCO,DFGAN,,GAN,not_applicable,a82738c089cf19f69b459fb709b7f04bd7b3a6858df7fd6c30afe29d7c6c5105,fb6ba1d1780c9583,20260828,7d4a74a88d2cac93b513c0853bf92c260eaceea0,data/CompEval-00350-of-00413.parquet,2,18,640,425,JPEG,28832
cf_test_external_seen_family_real_958ea8cce823ff63,test_external_seen_family/real/cf_test_external_seen_family_real_958ea8cce823ff63_000000444492.jpg.jpg,0,test_external_seen_family,community-forensics-eval,real:COCO,test,test_external_seen_family,COCO,DFGAN,,GAN,not_applicable,47e9e754e1c87a717cb894727f0edd3cb4510229dce90f0362370fe0dd3eb437,c40c79f3230bdcec,20260828,7d4a74a88d2cac93b513c0853bf92c260eaceea0,data/CompEval-00355-of-00413.parquet,1,12,640,426,JPEG,57222
cf_test_external_seen_family_real_95ae4c8e22247711,test_external_seen_family/real/cf_test_external_seen_family_real_95ae4c8e22247711_61841.png.png,0,test_external_seen_family,community-forensics-eval,real:FFHQ,test,test_external_seen_family,FFHQ,Hourglass,,PixDiff,not_applicable,281b041c50074ac5e4f2a0ac7ce28b36721921cb146b7f2392d7a3c499dbd50b,da2c69e16566868f,20260828,7d4a74a88d2cac93b513c0853bf92c260eaceea0,data/CompEval-00108-of-00413.parquet,3,18,1024,1024,PNG,1317816
cf_test_external_seen_family_real_962f9162a00c030c,test_external_seen_family/real/cf_test_external_seen_family_real_962f9162a00c030c_00050513.jpeg.jpg,0,test_external_seen_family,community-forensics-eval,real:LAION,test,test_external_seen_family,LAION,MidjourneyV5_2,,Commercial,not_applicable,d0e037f13b348169b504643956a94c74ed26f5ab57a2653370fd3875b1a75205,9e89487839b2cdc7,20260828,7d4a74a88d2cac93b513c0853bf92c260eaceea0,data/CompEval-00286-of-00413.parquet,4,21,273,410,JPEG,32672
cf_test_external_seen_family_real_964eb11b4e82d455,test_external_seen_family/real/cf_test_external_seen_family_real_964eb11b4e82d455_00057301.jpeg.jpg,0,test_external_seen_family,community-forensics-eval,real:LAION,test,test_external_seen_family,LAION,FLUX-dev,,Commercial,not_applicable,753389f94a7353f1822516b85eb91b45e40170f64f46680298ec6dd1c713f6e5,8866ddd0f2d8e2c9,20260828,7d4a74a88d2cac93b513c0853bf92c260eaceea0,data/CompEval-00135-of-00413.parquet,1,0,800,561,JPEG,67020
cf_test_external_seen_family_real_966afbfe219b68f1,test_external_seen_family/real/cf_test_external_seen_family_real_966afbfe219b68f1_000000157853.jpg.jpg,0,test_external_seen_family,community-forensics-eval,real:COCO,test,test_external_seen_family,COCO,DFGAN,,GAN,not_applicable,b98a5c27b5afcb2b0bd9d611108bc59d894c6714158542985a46664a1cd9de63,9c9c7363c92746ac,20260828,7d4a74a88d2cac93b513c0853bf92c260eaceea0,data/CompEval-00354-of-00413.parquet,4,23,640,480,JPEG,53276
cf_test_external_seen_family_real_96711717818cacde,test_external_seen_family/real/cf_test_external_seen_family_real_96711717818cacde_50490.png.png,0,test_external_seen_family,community-forensics-eval,real:FFHQ,test,test_external_seen_family,FFHQ,Hourglass,,PixDiff,not_applicable,e7b20af0177bb43d647ee616a896f3bc83c2ca85a8ef235b7ad4ef7bc7fc9feb,e8b741b55683d68a,20260828,7d4a74a88d2cac93b513c0853bf92c260eaceea0,data/CompEval-00107-of-00413.parquet,2,22,1024,1024,PNG,791769
cf_test_external_seen_family_real_96aad65c6827c7c8,test_external_seen_family/real/cf_test_external_seen_family_real_96aad65c6827c7c8_00026417.jpeg.jpg,0,test_external_seen_family,community-forensics-eval,real:LAION,test,test_external_seen_family,LAION,FLUX-dev,,Commercial,not_applicable,ffbd7b585a3dee6e52a3538b28365536ba03d9f8a97df2e67ff75abe39dae870,9e4de532c935b918,20260828,7d4a74a88d2cac93b513c0853bf92c260eaceea0,data/CompEval-00132-of-00413.parquet,3,18,450,470,JPEG,30306
cf_test_external_seen_family_real_96c583805c6cd0a1,test_external_seen_family/real/cf_test_external_seen_family_real_96c583805c6cd0a1_46897.png.png,0,test_external_seen_family,community-forensics-eval,real:FFHQ,test,test_external_seen_family,FFHQ,Hourglass,,PixDiff,not_applicable,bc9a4cbb7d40678c44c1685af108ed1651beb21cdeef41ad2c99d820682f2b2b,aae8f58291959d9a,20260828,7d4a74a88d2cac93b513c0853bf92c260eaceea0,data/CompEval-00108-of-00413.parquet,0,9,1024,1024,PNG,1389689
cf_test_external_seen_family_real_96fe3a6f98ca9e88,test_external_seen_family/real/cf_test_external_seen_family_real_96fe3a6f98ca9e88_35010.png.png,0,test_external_seen_family,community-forensics-eval,real:FFHQ,test,test_external_seen_family,FFHQ,Hourglass,,PixDiff,not_applicable,0781c8b2af8c0065892533f4ec913fc764fbc05198181995b1de41e3cd7cb24f,89bcf8178ad54acc,20260828,7d4a74a88d2cac93b513c0853bf92c260eaceea0,data/CompEval-00106-of-00413.parquet,2,3,1024,1024,PNG,1407030
cf_test_external_seen_family_real_970c5391442125a9,test_external_seen_family/real/cf_test_external_seen_family_real_970c5391442125a9_000006969.tiff.tiff,0,test_external_seen_family,community-forensics-eval,real:RAISE,test,test_external_seen_family,RAISE,LCM_lora_ssd1b,,LatDiff,not_applicable,85bfe2d2d130fd8825a84f505cccf7df8210a85633cc2f8b949894acaed2a2f1,ea6a0e8eae6a7a50,20260828,7d4a74a88d2cac93b513c0853bf92c260eaceea0,data/CompEval-00403-of-00413.parquet,1,15,4928,3264,TIFF,26248942
cf_test_external_seen_family_real_972dd65c6e0836b7,test_external_seen_family/real/cf_test_external_seen_family_real_972dd65c6e0836b7_000000305225.jpg.jpg,0,test_external_seen_family,community-forensics-eval,real:COCO,test,test_external_seen_family,COCO,DFGAN,,GAN,not_applicable,0d4332e0d598118f09f13c2cb494b96580b51d506e51a29c7e6e5e36bceed5f9,a6e0fe9d493b5114,20260828,7d4a74a88d2cac93b513c0853bf92c260eaceea0,data/CompEval-00352-of-00413.parquet,0,16,640,479,JPEG,47998
cf_test_external_seen_family_real_9765aaba4701b954,test_external_seen_family/real/cf_test_external_seen_family_real_9765aaba4701b954_00034111.jpeg.jpg,0,test_external_seen_family,community-forensics-eval,real:LAION,test,test_external_seen_family,LAION,Dalle2,,Commercial,not_applicable,855eb5d900f7afbb08516d335d3a5af5f2e3528434bdb1a78493b5e30765d751,c7b05b61d966b8e0,20260828,7d4a74a88d2cac93b513c0853bf92c260eaceea0,data/CompEval-00346-of-00413.parquet,4,5,550,550,JPEG,55084
cf_test_external_seen_family_real_978fb86facba4eee,test_external_seen_family/real/cf_test_external_seen_family_real_978fb86facba4eee_00049119.webp.webp,0,test_external_seen_family,community-forensics-eval,real:LAION,test,test_external_seen_family,LAION,Firefly_Image3,,Commercial,not_applicable,e791f6954459d4076ccd5a4c6494153400f5fc0839ff7725f085303345f1e4c0,bb3dc4c0c8463bb9,20260828,7d4a74a88d2cac93b513c0853bf92c260eaceea0,data/CompEval-00199-of-00413.parquet,3,23,400,400,WEBP,9574
cf_test_external_seen_family_real_9794544dac6c2078,test_external_seen_family/real/cf_test_external_seen_family_real_9794544dac6c2078_62491.png.png,0,test_external_seen_family,community-forensics-eval,real:FFHQ,test,test_external_seen_family,FFHQ,Hourglass,,PixDiff,not_applicable,603485c4bf45dfc80a4a90c0c457a07e6e54f5d295aae6c833e6b4bde96d448b,851cd63a78686b6e,20260828,7d4a74a88d2cac93b513c0853bf92c260eaceea0,data/CompEval-00109-of-00413.parquet,2,5,1024,1024,PNG,1227686
cf_test_external_seen_family_real_984c417d97c72f75,test_external_seen_family/real/cf_test_external_seen_family_real_984c417d97c72f75_00033363.jpeg.jpg,0,test_external_seen_family,community-forensics-eval,real:LAION,test,test_external_seen_family,LAION,MidjourneyV5_2,,Commercial,not_applicable,4b3de4ba657769c7016d57b5233347dbd94da7ff3dfaef7ef5dc9739e004198a,bb4a95912b683c6b,20260828,7d4a74a88d2cac93b513c0853bf92c260eaceea0,data/CompEval-00367-of-00413.parquet,3,20,600,600,JPEG,57078
cf_test_external_seen_family_real_98ad0c1f33f91ace,test_external_seen_family/real/cf_test_external_seen_family_real_98ad0c1f33f91ace_00051380.jpeg.jpg,0,test_external_seen_family,community-forensics-eval,real:LAION,test,test_external_seen_family,LAION,IdeogramV1,,Commercial,not_applicable,1806b51906b425a431cf114f441b89facff7c07e314c0cb1a3483abf1fa56b7c,97ccc13131307fe3,20260828,7d4a74a88d2cac93b513c0853bf92c260eaceea0,data/CompEval-00385-of-00413.parquet,1,11,826,1222,JPEG,91213
cf_test_external_seen_family_real_98e75ee7a0935ca2,test_external_seen_family/real/cf_test_external_seen_family_real_98e75ee7a0935ca2_00046504.jpeg.jpg,0,test_external_seen_family,community-forensics-eval,real:LAION,test,test_external_seen_family,LAION,MidjourneyV5_2,,Commercial,not_applicable,50c9817bb8f3a0c40e3c83911fee7c8e99531c3600d00aa7892e534f4ce269b1,9915646d236ea7c5,20260828,7d4a74a88d2cac93b513c0853bf92c260eaceea0,data/CompEval-00372-of-00413.parquet,0,2,901,675,JPEG,99568
cf_test_external_seen_family_real_9920c07b93a6f4a1,test_external_seen_family/real/cf_test_external_seen_family_real_9920c07b93a6f4a1_000004814.tiff.tiff,0,test_external_seen_family,community-forensics-eval,real:RAISE,test,test_external_seen_family,RAISE,stable_cascade,,Other,not_applicable,0912368c0aa38cf5baf9716a380186a81c655b5791771c96aa031139a8b122ee,bc8fe4608f709963,20260828,7d4a74a88d2cac93b513c0853bf92c260eaceea0,data/CompEval-00260-of-00413.parquet,3,7,4928,3264,TIFF,18150654
cf_test_external_seen_family_real_992113ed94d10c39,test_external_seen_family/real/cf_test_external_seen_family_real_992113ed94d10c39_000000471544.jpg.jpg,0,test_external_seen_family,community-forensics-eval,real:COCO,test,test_external_seen_family,COCO,DFGAN,,GAN,not_applicable,9c5aa65f852ab6e1fe00be7a6b911a6441a5bc1c54a44e2b44c1e992235007bc,86ce26e2b69ac9b2,20260828,7d4a74a88d2cac93b513c0853bf92c260eaceea0,data/CompEval-00356-of-00413.parquet,4,14,640,480,JPEG,41182
cf_test_external_seen_family_real_9927830d39dd7fa9,test_external_seen_family/real/cf_test_external_seen_family_real_9927830d39dd7fa9_21282.png.png,0,test_external_seen_family,community-forensics-eval,real:FFHQ,test,test_external_seen_family,FFHQ,Hourglass,,PixDiff,not_applicable,e486d017a4c11fd404327934cb67828682d38b416492cdf82fdcf6d63b971838,95e1a1f5a51e928e,20260828,7d4a74a88d2cac93b513c0853bf92c260eaceea0,data/CompEval-00105-of-00413.parquet,4,1,1024,1024,PNG,1334347
cf_test_external_seen_family_real_992ab27daacace8d,test_external_seen_family/real/cf_test_external_seen_family_real_992ab27daacace8d_000007267.tiff.tiff,0,test_external_seen_family,community-forensics-eval,real:RAISE,test,test_external_seen_family,RAISE,stable_cascade,,Other,not_applicable,12f809e70a324e44d8c4e431786feeaf71faad92c1e5b8602f1b2f1768a18489,807c43f0bf57e611,20260828,7d4a74a88d2cac93b513c0853bf92c260eaceea0,data/CompEval-00260-of-00413.parquet,2,11,3264,4928,TIFF,19230196
cf_test_external_seen_family_real_9a06f0f9bcb5e0ee,test_external_seen_family/real/cf_test_external_seen_family_real_9a06f0f9bcb5e0ee_000004807.tiff.tiff,0,test_external_seen_family,community-forensics-eval,real:RAISE,test,test_external_seen_family,RAISE,stable_cascade,,Other,not_applicable,2be4be41442f026719362306c6ef5880491a75b6a63295f1bd5ecfed7a09419f,90ffcc077f93084c,20260828,7d4a74a88d2cac93b513c0853bf92c260eaceea0,data/CompEval-00260-of-00413.parquet,4,5,4928,3264,TIFF,15728238
cf_test_external_seen_family_real_9a8b1995d9dab1c0,test_external_seen_family/real/cf_test_external_seen_family_real_9a8b1995d9dab1c0_000000561961.jpg.jpg,0,test_external_seen_family,community-forensics-eval,real:COCO,test,test_external_seen_family,COCO,DFGAN,,GAN,not_applicable,5120e29f2d27a19fde4c1ec9b55f1e0a10f11b031eb9efd2310634880f760118,84da3b04fb1d629b,20260828,7d4a74a88d2cac93b513c0853bf92c260eaceea0,data/CompEval-00350-of-00413.parquet,0,7,500,375,JPEG,18818
cf_test_external_seen_family_real_9aad81e33b15ef2b,test_external_seen_family/real/cf_test_external_seen_family_real_9aad81e33b15ef2b_000002674.tiff.tiff,0,test_external_seen_family,community-forensics-eval,real:RAISE,test,test_external_seen_family,RAISE,LCM_lora_ssd1b,,LatDiff,not_applicable,9a315bd4ae6ff3ac86a79069fc716a407b30e8be5ad2161c46f01b156c35f23a,d1ca8a6b2d6883bd,20260828,7d4a74a88d2cac93b513c0853bf92c260eaceea0,data/CompEval-00399-of-00413.parquet,2,23,4288,2848,TIFF,20559304
cf_test_external_seen_family_real_9b491e1493fe90a9,test_external_seen_family/real/cf_test_external_seen_family_real_9b491e1493fe90a9_000000478986.jpg.jpg,0,test_external_seen_family,community-forensics-eval,real:COCO,test,test_external_seen_family,COCO,DFGAN,,GAN,not_applicable,477523c2964b66e1fe174b2ae13f48f06b0ef2e3fb760a99a2d3f80ec28133ec,c226c647666d2db5,20260828,7d4a74a88d2cac93b513c0853bf92c260eaceea0,data/CompEval-00349-of-00413.parquet,3,9,500,275,JPEG,26300
cf_test_external_seen_family_real_9b96a5df31d493ae,test_external_seen_family/real/cf_test_external_seen_family_real_9b96a5df31d493ae_000000108469.jpg.jpg,0,test_external_seen_family,community-forensics-eval,real:COCO,test,test_external_seen_family,COCO,DFGAN,,GAN,not_applicable,085a5a22461b5f7657ca59bc286fce0db07956fd84d99181aa5f2364918012cb,879e617c90a15f87,20260828,7d4a74a88d2cac93b513c0853bf92c260eaceea0,data/CompEval-00351-of-00413.parquet,0,13,500,375,JPEG,31201
cf_test_external_seen_family_real_9c56f507d572c3c9,test_external_seen_family/real/cf_test_external_seen_family_real_9c56f507d572c3c9_68825.png.png,0,test_external_seen_family,community-forensics-eval,real:FFHQ,test,test_external_seen_family,FFHQ,Hourglass,,PixDiff,not_applicable,2443e7b18002e2f2c714da9e045ed0aea95ea4c3de34e89aa1a686b948eab0ff,8558e25a632fe5c5,20260828,7d4a74a88d2cac93b513c0853bf92c260eaceea0,data/CompEval-00110-of-00413.parquet,0,21,1024,1024,PNG,1137366
cf_test_external_seen_family_real_9c8178d7528d52f9,test_external_seen_family/real/cf_test_external_seen_family_real_9c8178d7528d52f9_00022800.jpeg.jpg,0,test_external_seen_family,community-forensics-eval,real:LAION,test,test_external_seen_family,LAION,Firefly_Image3,,Commercial,not_applicable,45d2f7e8f0efcbbbb2be708ffa26d28cda8c62a31f435db59bfbc53f17b7ebe7,bee0950fc09cc3b5,20260828,7d4a74a88d2cac93b513c0853bf92c260eaceea0,data/CompEval-00202-of-00413.parquet,1,10,264,350,JPEG,12973
cf_test_external_seen_family_real_9c974be5096b4f76,test_external_seen_family/real/cf_test_external_seen_family_real_9c974be5096b4f76_23051.png.png,0,test_external_seen_family,community-forensics-eval,real:FFHQ,test,test_external_seen_family,FFHQ,Hourglass,,PixDiff,not_applicable,93258a9af62e5f53d3e5c64c3f62835e71212b68d06fdecbf3351f61d478dbc2,c28c5b03f51d578b,20260828,7d4a74a88d2cac93b513c0853bf92c260eaceea0,data/CompEval-00277-of-00413.parquet,4,3,1024,1024,PNG,1424847
cf_test_external_seen_family_real_9cb49883db2d4332,test_external_seen_family/real/cf_test_external_seen_family_real_9cb49883db2d4332_00046336.jpeg.jpg,0,test_external_seen_family,community-forensics-eval,real:LAION,test,test_external_seen_family,LAION,FLUX-dev,,Commercial,not_applicable,b4e7899172e6654524ff75379eb86da988488d49c75c62b7f2406ad933b680c7,853ae1e14ecb2537,20260828,7d4a74a88d2cac93b513c0853bf92c260eaceea0,data/CompEval-00133-of-00413.parquet,0,21,736,1051,JPEG,134632
cf_test_external_seen_family_real_9ce3143804c5de6f,test_external_seen_family/real/cf_test_external_seen_family_real_9ce3143804c5de6f_000006351.tiff.tiff,0,test_external_seen_family,community-forensics-eval,real:RAISE,test,test_external_seen_family,RAISE,stable_cascade,,Other,not_applicable,07ba27ea7c87af31178969868c9eee822685e1cedfa75e2c87b56afc69f8d3f0,d484eaca0c3ef4f1,20260828,7d4a74a88d2cac93b513c0853bf92c260eaceea0,data/CompEval-00261-of-00413.parquet,0,5,4928,3264,TIFF,26048358
cf_test_external_seen_family_real_9d12f977404c8767,test_external_seen_family/real/cf_test_external_seen_family_real_9d12f977404c8767_000000468367.jpg.jpg,0,test_external_seen_family,community-forensics-eval,real:COCO,test,test_external_seen_family,COCO,DFGAN,,GAN,not_applicable,63afef1e631b30fa24ae8dbe9573effb36ff6ed2527b44710df686d6c444b05d,b29c9c3633884cfb,20260828,7d4a74a88d2cac93b513c0853bf92c260eaceea0,data/CompEval-00349-of-00413.parquet,4,19,375,500,JPEG,24759
cf_test_external_seen_family_real_9d47350c89dfea0e,test_external_seen_family/real/cf_test_external_seen_family_real_9d47350c89dfea0e_60750.png.png,0,test_external_seen_family,community-forensics-eval,real:FFHQ,test,test_external_seen_family,FFHQ,Hourglass,,PixDiff,not_applicable,b35a109513af83255e5f9ccc4d5f44134a51f23dc2403deb3b7f12e50f51576c,ef6b3570357085c4,20260828,7d4a74a88d2cac93b513c0853bf92c260eaceea0,data/CompEval-00108-of-00413.parquet,4,4,1024,1024,PNG,1139639
cf_test_external_seen_family_real_9d843e43c3bb791f,test_external_seen_family/real/cf_test_external_seen_family_real_9d843e43c3bb791f_000000163195.jpg.jpg,0,test_external_seen_family,community-forensics-eval,real:COCO,test,test_external_seen_family,COCO,DFGAN,,GAN,not_applicable,857f5af059f0656e35c3aa3b2dd28fd12b60a8d6652a468b4b234a80099190ce,91951d9969a5acab,20260828,7d4a74a88d2cac93b513c0853bf92c260eaceea0,data/CompEval-00350-of-00413.parquet,4,0,640,426,JPEG,27267
cf_test_external_seen_family_real_9db243f732ed222f,test_external_seen_family/real/cf_test_external_seen_family_real_9db243f732ed222f_61907.png.png,0,test_external_seen_family,community-forensics-eval,real:FFHQ,test,test_external_seen_family,FFHQ,Hourglass,,PixDiff,not_applicable,70f05b9e9ac4915e13e6689e70fe6221b8ca21abd6683f9f1c0fd71a3260bbd7,cf7ca0703725960f,20260828,7d4a74a88d2cac93b513c0853bf92c260eaceea0,data/CompEval-00109-of-00413.parquet,0,18,1024,1024,PNG,1527772
cf_test_external_seen_family_real_9ded2bf4ec612fa3,test_external_seen_family/real/cf_test_external_seen_family_real_9ded2bf4ec612fa3_000000202919.jpg.jpg,0,test_external_seen_family,community-forensics-eval,real:COCO,test,test_external_seen_family,COCO,DFGAN,,GAN,not_applicable,da46cf9b488c91b44cbc5880c965e7b098a8d90f47426c6fd69b32b0f194ee7e,b373cccc33333131,20260828,7d4a74a88d2cac93b513c0853bf92c260eaceea0,data/CompEval-00352-of-00413.parquet,3,2,640,427,JPEG,15739
cf_test_external_seen_family_real_9e337d9a2f3513f5,test_external_seen_family/real/cf_test_external_seen_family_real_9e337d9a2f3513f5_00055173.jpeg.jpg,0,test_external_seen_family,community-forensics-eval,real:LAION,test,test_external_seen_family,LAION,Dalle3,,Commercial,not_applicable,9f6255ff313eb6cdfdb0d89f7d48fcbc6738211847f79c7afd35c5f93024ff04,b333c3737330383c,20260828,7d4a74a88d2cac93b513c0853bf92c260eaceea0,data/CompEval-00100-of-00413.parquet,2,1,375,375,JPEG,6291
cf_test_external_seen_family_real_9e35c06bcb863940,test_external_seen_family/real/cf_test_external_seen_family_real_9e35c06bcb863940_000000494549.jpg.jpg,0,test_external_seen_family,community-forensics-eval,real:COCO,test,test_external_seen_family,COCO,DFGAN,,GAN,not_applicable,a835104dbcf0f64bf9d6731ac8fb9f9c602dd6b1ef689d4999d99c1ede755d12,d5462a3be62f3944,20260828,7d4a74a88d2cac93b513c0853bf92c260eaceea0,data/CompEval-00352-of-00413.parquet,4,14,500,375,JPEG,30738
cf_test_external_seen_family_real_9e5de74d12243509,test_external_seen_family/real/cf_test_external_seen_family_real_9e5de74d12243509_000000577203.jpg.jpg,0,test_external_seen_family,community-forensics-eval,real:COCO,test,test_external_seen_family,COCO,DFGAN,,GAN,not_applicable,a6da731e6cd4e233be0593c72d70e87a4ebfa77f9ba539c6391f8316f6049a90,f4812ef6896e904f,20260828,7d4a74a88d2cac93b513c0853bf92c260eaceea0,data/CompEval-00350-of-00413.parquet,4,21,327,500,JPEG,23016
cf_test_external_seen_family_real_9e7f59c2efd13fc2,test_external_seen_family/real/cf_test_external_seen_family_real_9e7f59c2efd13fc2_46277.png.png,0,test_external_seen_family,community-forensics-eval,real:FFHQ,test,test_external_seen_family,FFHQ,Hourglass,,PixDiff,not_applicable,dc1b283f9fc0bfe5eee539b59caed7be85485f1b1991a6442c18d519f2bb09af,c083d75e1a2a7bca,20260828,7d4a74a88d2cac93b513c0853bf92c260eaceea0,data/CompEval-00108-of-00413.parquet,0,11,1024,1024,PNG,1340975
cf_test_external_seen_family_real_9f012f49976cc37f,test_external_seen_family/real/cf_test_external_seen_family_real_9f012f49976cc37f_000000500724.jpg.jpg,0,test_external_seen_family,community-forensics-eval,real:COCO,test,test_external_seen_family,COCO,DFGAN,,GAN,not_applicable,ce7decfc07999dd91df892fa024a9566e1b9ec84bb4575d76e4db2a91d6bc602,e08476b3e391b369,20260828,7d4a74a88d2cac93b513c0853bf92c260eaceea0,data/CompEval-00352-of-00413.parquet,1,21,640,451,JPEG,39015
cf_test_external_seen_family_real_9f4cc19dc940f472,test_external_seen_family/real/cf_test_external_seen_family_real_9f4cc19dc940f472_000000152453.jpg.jpg,0,test_external_seen_family,community-forensics-eval,real:COCO,test,test_external_seen_family,COCO,DFGAN,,GAN,not_applicable,f8d5e73eb11ba3255a16c3611fa85a7ed1a68d131eb796b2883926617c19dad6,956b8a9a342ce99b,20260828,7d4a74a88d2cac93b513c0853bf92c260eaceea0,data/CompEval-00356-of-00413.parquet,3,15,640,427,JPEG,58625
cf_test_external_seen_family_real_9f59b1cac55350e0,test_external_seen_family/real/cf_test_external_seen_family_real_9f59b1cac55350e0_00052208.jpeg.jpg,0,test_external_seen_family,community-forensics-eval,real:LAION,test,test_external_seen_family,LAION,FLUX-schnell,,Commercial,not_applicable,9b5f524bd2d36846cd8be75e8d2c739bd84d3ff8463c42d929f3351fb9000157,87fc78837ec26c48,20260828,7d4a74a88d2cac93b513c0853bf92c260eaceea0,data/CompEval-00135-of-00413.parquet,3,24,532,400,JPEG,17881
cf_test_external_seen_family_real_9f6e5facf052ee7e,test_external_seen_family/real/cf_test_external_seen_family_real_9f6e5facf052ee7e_000000259133.jpg.jpg,0,test_external_seen_family,community-forensics-eval,real:COCO,test,test_external_seen_family,COCO,DFGAN,,GAN,not_applicable,ee4951b3aae10b2282611b956a0062694655be655e3d63680313005b193ff0c8,f99cfdbc86f00c02,20260828,7d4a74a88d2cac93b513c0853bf92c260eaceea0,data/CompEval-00353-of-00413.parquet,3,21,640,480,JPEG,75089
cf_test_external_seen_family_real_9f779c0f6e88fec3,test_external_seen_family/real/cf_test_external_seen_family_real_9f779c0f6e88fec3_000002712.tiff.tiff,0,test_external_seen_family,community-forensics-eval,real:RAISE,test,test_external_seen_family,RAISE,kandinsky_2_2,,LatDiff,not_applicable,3547d8445b21ddf15450416cb34cf4a8433944cc5e7e2fdb31421050ce6285fb,b2adc2e9ec328378,20260828,7d4a74a88d2cac93b513c0853bf92c260eaceea0,data/CompEval-00163-of-00413.parquet,2,22,4288,2848,TIFF,19798742
cf_test_external_seen_family_real_9f7d9f42069bdcc0,test_external_seen_family/real/cf_test_external_seen_family_real_9f7d9f42069bdcc0_000000005990.jpg.jpg,0,test_external_seen_family,community-forensics-eval,real:COCO,test,test_external_seen_family,COCO,DFGAN,,GAN,not_applicable,1ee3def64c277909179703f0e3dcfb7c78247248a039bf98dad98f0b51e447d2,de2fc3653cd0a9a0,20260828,7d4a74a88d2cac93b513c0853bf92c260eaceea0,data/CompEval-00352-of-00413.parquet,2,10,612,612,JPEG,69339
cf_test_external_seen_family_real_9fcd7bdc5002239d,test_external_seen_family/real/cf_test_external_seen_family_real_9fcd7bdc5002239d_00024002.jpeg.jpg,0,test_external_seen_family,community-forensics-eval,real:LAION,test,test_external_seen_family,LAION,Firefly_Image2,,Commercial,not_applicable,021eca5f195df05cf972c78492cc6ded012fbf0a00985a910f07c58ae3feb5c4,c51b1aec3d67451a,20260828,7d4a74a88d2cac93b513c0853bf92c260eaceea0,data/CompEval-00175-of-00413.parquet,4,22,480,360,JPEG,22113
cf_test_external_seen_family_real_a0422501bf147263,test_external_seen_family/real/cf_test_external_seen_family_real_a0422501bf147263_36172.png.png,0,test_external_seen_family,community-forensics-eval,real:FFHQ,test,test_external_seen_family,FFHQ,Hourglass,,PixDiff,not_applicable,d93bb17a148600ed1012c3456624173f2fe1bf132ed503ff47700f5969d93a74,be2f21e120e096df,20260828,7d4a74a88d2cac93b513c0853bf92c260eaceea0,data/CompEval-00277-of-00413.parquet,3,24,1024,1024,PNG,1387654
cf_test_external_seen_family_real_a0dc9720b8753802,test_external_seen_family/real/cf_test_external_seen_family_real_a0dc9720b8753802_00014278.jpeg.jpg,0,test_external_seen_family,community-forensics-eval,real:LAION,test,test_external_seen_family,LAION,IdeogramV2,,Commercial,not_applicable,d1ee0d1cbd43b631e5a0fbf748b3d262f63da003fbd409266c4516d4de20d01f,b5374555ca173523,20260828,7d4a74a88d2cac93b513c0853bf92c260eaceea0,data/CompEval-00234-of-00413.parquet,2,21,550,2234,JPEG,187069
cf_test_external_seen_family_real_a11f0e570edc0529,test_external_seen_family/real/cf_test_external_seen_family_real_a11f0e570edc0529_26568.png.png,0,test_external_seen_family,community-forensics-eval,real:FFHQ,test,test_external_seen_family,FFHQ,Hourglass,,PixDiff,not_applicable,f178c0f34078ba5935ff8a14e046df3e1416f7b08fe0421b8cd2c92dc83a5413,bf5b34f4257403d0,20260828,7d4a74a88d2cac93b513c0853bf92c260eaceea0,data/CompEval-00104-of-00413.parquet,0,16,1024,1024,PNG,1122334
cf_test_external_seen_family_real_a12d23cbce4ce9b6,test_external_seen_family/real/cf_test_external_seen_family_real_a12d23cbce4ce9b6_000000323.tiff.tiff,0,test_external_seen_family,community-forensics-eval,real:RAISE,test,test_external_seen_family,RAISE,stable_cascade,,Other,not_applicable,8e27b470449d62049208c561d5d0c106f819e050ff390c8e3c69fd492aace246,cb943d49d638c9c3,20260828,7d4a74a88d2cac93b513c0853bf92c260eaceea0,data/CompEval-00259-of-00413.parquet,3,8,4928,3264,TIFF,26174490
cf_test_external_seen_family_real_a1482dd8e21cdea7,test_external_seen_family/real/cf_test_external_seen_family_real_a1482dd8e21cdea7_00025426.jpeg.jpg,0,test_external_seen_family,community-forensics-eval,real:LAION,test,test_external_seen_family,LAION,FLUX-dev,,Commercial,not_applicable,1f89a9d6875b562b124c5fc3866a80051e78b5bf36617cac97b27ca1677a7c8b,ede192deac244b83,20260828,7d4a74a88d2cac93b513c0853bf92c260eaceea0,data/CompEval-00130-of-00413.parquet,3,9,1023,720,JPEG,101420
cf_test_external_seen_family_real_a17bf7739f6606e1,test_external_seen_family/real/cf_test_external_seen_family_real_a17bf7739f6606e1_000006651.tiff.tiff,0,test_external_seen_family,community-forensics-eval,real:RAISE,test,test_external_seen_family,RAISE,DeciDiffusionV2,,LatDiff,not_applicable,6e76fb92b23561668b42cff7bf6021a27e5803037bda65f3a71ddc35851932b8,d19f66065e78d903,20260828,7d4a74a88d2cac93b513c0853bf92c260eaceea0,data/CompEval-00325-of-00413.parquet,3,14,4928,3264,TIFF,23510130
cf_test_external_seen_family_real_a1c33324c3b83ecd,test_external_seen_family/real/cf_test_external_seen_family_real_a1c33324c3b83ecd_69233.png.png,0,test_external_seen_family,community-forensics-eval,real:FFHQ,test,test_external_seen_family,FFHQ,Hourglass,,PixDiff,not_applicable,55f4429facc6c8ad5e3cc9676edf666f1ce17c42eba0a58bc0420e525f4f808e,875a3c63706ee389,20260828,7d4a74a88d2cac93b513c0853bf92c260eaceea0,data/CompEval-00110-of-00413.parquet,0,6,1024,1024,PNG,1344801
cf_test_external_seen_family_real_a1d02822ccff2257,test_external_seen_family/real/cf_test_external_seen_family_real_a1d02822ccff2257_000000169338.jpg.jpg,0,test_external_seen_family,community-forensics-eval,real:COCO,test,test_external_seen_family,COCO,DFGAN,,GAN,not_applicable,6e32ef617fa6ddea26ec9eb06031e16452218d8ae0b167b96e2059dd4d15d4ae,b7f649c99865c207,20260828,7d4a74a88d2cac93b513c0853bf92c260eaceea0,data/CompEval-00354-of-00413.parquet,1,3,640,480,JPEG,43240
cf_test_external_seen_family_real_a1fe54e2dcf672d8,test_external_seen_family/real/cf_test_external_seen_family_real_a1fe54e2dcf672d8_02054.png.png,0,test_external_seen_family,community-forensics-eval,real:FFHQ,test,test_external_seen_family,FFHQ,Hourglass,,PixDiff,not_applicable,b1674271c795b8c9f2b3dd09d21f159b7e2bb46c2744a76327379489dfe84b9d,87b576a1a4adaaa8,20260828,7d4a74a88d2cac93b513c0853bf92c260eaceea0,data/CompEval-00106-of-00413.parquet,1,4,1024,1024,PNG,1252939
cf_test_external_seen_family_real_a20aabc427fe4c6b,test_external_seen_family/real/cf_test_external_seen_family_real_a20aabc427fe4c6b_000000047321.jpg.jpg,0,test_external_seen_family,community-forensics-eval,real:COCO,test,test_external_seen_family,COCO,DFGAN,,GAN,not_applicable,2927cf5689245e81577d9039ac556248e9c228750e637e5059d35e127be7c3b8,b0349531f9ced632,20260828,7d4a74a88d2cac93b513c0853bf92c260eaceea0,data/CompEval-00350-of-00413.parquet,2,12,640,509,JPEG,50317
cf_test_external_seen_family_real_a2386be5fcc13493,test_external_seen_family/real/cf_test_external_seen_family_real_a2386be5fcc13493_000005704.tiff.tiff,0,test_external_seen_family,community-forensics-eval,real:RAISE,test,test_external_seen_family,RAISE,kvikontent_midjourney_v6,,LatDiff,not_applicable,0f3ef1fd070d0d1d64dc731597bf878ffe692e1a2870777381dd4191c69d8b58,eb94e9926b94e01b,20260828,7d4a74a88d2cac93b513c0853bf92c260eaceea0,data/CompEval-00220-of-00413.parquet,1,8,4928,3264,TIFF,14672658
cf_test_external_seen_family_real_a34758f4de55aefd,test_external_seen_family/real/cf_test_external_seen_family_real_a34758f4de55aefd_000000293472.jpg.jpg,0,test_external_seen_family,community-forensics-eval,real:COCO,test,test_external_seen_family,COCO,DFGAN,,GAN,not_applicable,4d77b49cf35d8bdb3f06fd49d6c2825573d36e35aaee74091b5ed5520d12734c,c9b206ed925c35cb,20260828,7d4a74a88d2cac93b513c0853bf92c260eaceea0,data/CompEval-00350-of-00413.parquet,4,15,640,480,JPEG,24827
cf_test_external_seen_family_real_a37e5d7f76d076a3,test_external_seen_family/real/cf_test_external_seen_family_real_a37e5d7f76d076a3_000000381839.jpg.jpg,0,test_external_seen_family,community-forensics-eval,real:COCO,test,test_external_seen_family,COCO,DFGAN,,GAN,not_applicable,fdcb1eab29ffb1a764960adab35c84f8f2a3bebbfa488898098c977c033b343a,908785e9f8304f9f,20260828,7d4a74a88d2cac93b513c0853bf92c260eaceea0,data/CompEval-00349-of-00413.parquet,2,19,424,640,JPEG,48881
cf_test_external_seen_family_real_a3c6e0c3011d6ac4,test_external_seen_family/real/cf_test_external_seen_family_real_a3c6e0c3011d6ac4_000000483286.jpg.jpg,0,test_external_seen_family,community-forensics-eval,real:COCO,test,test_external_seen_family,COCO,DFGAN,,GAN,not_applicable,da61c68dcb6b88f9250eb5a7c6579e79b826515f3a54c2dba06281a8d6bc0a9d,91969491c7c7b94e,20260828,7d4a74a88d2cac93b513c0853bf92c260eaceea0,data/CompEval-00356-of-00413.parquet,2,19,500,375,JPEG,41151
cf_test_external_seen_family_real_a4a9bf48a836f836,test_external_seen_family/real/cf_test_external_seen_family_real_a4a9bf48a836f836_00016579.jpeg.jpg,0,test_external_seen_family,community-forensics-eval,real:LAION,test,test_external_seen_family,LAION,Firefly_Image3,,Commercial,not_applicable,b2d99c50e4671575ee239242ad5d59033a7c48255ae8c46b5ca1fb8e3daa056c,f9a578d3c25c9948,20260828,7d4a74a88d2cac93b513c0853bf92c260eaceea0,data/CompEval-00338-of-00413.parquet,3,7,1200,738,JPEG,41677
cf_test_external_seen_family_real_a4ba902edf48cc05,test_external_seen_family/real/cf_test_external_seen_family_real_a4ba902edf48cc05_36814.png.png,0,test_external_seen_family,community-forensics-eval,real:FFHQ,test,test_external_seen_family,FFHQ,Hourglass,,PixDiff,not_applicable,9d199882eae79eaadd26afcc01e3a62d65ec7a632550b9e151667e4c2e2facf6,8bb4348b8b1dde8c,20260828,7d4a74a88d2cac93b513c0853bf92c260eaceea0,data/CompEval-00277-of-00413.parquet,2,8,1024,1024,PNG,1404630
cf_test_external_seen_family_real_a4c87bba0c969000,test_external_seen_family/real/cf_test_external_seen_family_real_a4c87bba0c969000_34580.png.png,0,test_external_seen_family,community-forensics-eval,real:FFHQ,test,test_external_seen_family,FFHQ,Hourglass,,PixDiff,not_applicable,86b72acf04791851901c64ee81c538295b4564c04496f7205fbc8197fcfe4ba2,f85c25a3555295da,20260828,7d4a74a88d2cac93b513c0853bf92c260eaceea0,data/CompEval-00110-of-00413.parquet,0,2,1024,1024,PNG,1173289
cf_test_external_seen_family_real_a4cd28bbb9d43224,test_external_seen_family/real/cf_test_external_seen_family_real_a4cd28bbb9d43224_000004575.tiff.tiff,0,test_external_seen_family,community-forensics-eval,real:RAISE,test,test_external_seen_family,RAISE,stable_cascade,,Other,not_applicable,10b43a476bbb265be17b92d4c2467fec578e8193279c40cc4bd935e3a5715612,9cd493b2929693b6,20260828,7d4a74a88d2cac93b513c0853bf92c260eaceea0,data/CompEval-00258-of-00413.parquet,3,14,3264,4928,TIFF,22033252
cf_test_external_seen_family_real_a594a0416f36a373,test_external_seen_family/real/cf_test_external_seen_family_real_a594a0416f36a373_000001169.tiff.tiff,0,test_external_seen_family,community-forensics-eval,real:RAISE,test,test_external_seen_family,RAISE,DeciDiffusionV2,,LatDiff,not_applicable,97c81e30427b2eaf2e45e2f0cc5394ffc2c9a57a349e3fc55a6f4c36ee4732a9,98ede7437098f614,20260828,7d4a74a88d2cac93b513c0853bf92c260eaceea0,data/CompEval-00319-of-00413.parquet,0,24,4928,3264,TIFF,24556682
cf_test_external_seen_family_real_a692740e70d768e2,test_external_seen_family/real/cf_test_external_seen_family_real_a692740e70d768e2_000000127323.jpg.jpg,0,test_external_seen_family,community-forensics-eval,real:COCO,test,test_external_seen_family,COCO,DFGAN,,GAN,not_applicable,e1ccdc861ca4e64504048af7b95f1cc4446fd30f7744210647a31e83a3321a7e,c02759264b9e6b9b,20260828,7d4a74a88d2cac93b513c0853bf92c260eaceea0,data/CompEval-00352-of-00413.parquet,4,6,640,480,JPEG,31577
cf_test_external_seen_family_real_a7377281ad31fd07,test_external_seen_family/real/cf_test_external_seen_family_real_a7377281ad31fd07_000006521.tiff.tiff,0,test_external_seen_family,community-forensics-eval,real:RAISE,test,test_external_seen_family,RAISE,kandinsky_2_2,,LatDiff,not_applicable,c808788df2ea48a60ee11da3bb0acf9fc449356cf75884c71e7e6a8059445db7,858ab2b67f323334,20260828,7d4a74a88d2cac93b513c0853bf92c260eaceea0,data/CompEval-00165-of-00413.parquet,3,2,3264,4928,TIFF,25557954
cf_test_external_seen_family_real_a7a8830dfbfbeac3,test_external_seen_family/real/cf_test_external_seen_family_real_a7a8830dfbfbeac3_000005671.tiff.tiff,0,test_external_seen_family,community-forensics-eval,real:RAISE,test,test_external_seen_family,RAISE,LCM_lora_sdv15,,LatDiff,not_applicable,a425e7b85b6e96e23c731f5f01464ac3b135d964cb93183fe3fd5b88f8832c5f,8499e653f078ded0,20260828,7d4a74a88d2cac93b513c0853bf92c260eaceea0,data/CompEval-00112-of-00413.parquet,4,9,4928,3264,TIFF,25195322
cf_test_external_seen_family_real_a7c8eaf8b283be26,test_external_seen_family/real/cf_test_external_seen_family_real_a7c8eaf8b283be26_00027036.jpeg.jpg,0,test_external_seen_family,community-forensics-eval,real:LAION,test,test_external_seen_family,LAION,IdeogramV1,,Commercial,not_applicable,b5de14b5b3b96a39f5a193155efeb25a09fe6f90f7e1c9bd45982c5a8a196949,eee0911fd4b16a62,20260828,7d4a74a88d2cac93b513c0853bf92c260eaceea0,data/CompEval-00382-of-00413.parquet,2,9,474,312,JPEG,17561
cf_test_external_seen_family_real_a7e571208bca3e6e,test_external_seen_family/real/cf_test_external_seen_family_real_a7e571208bca3e6e_000003090.tiff.tiff,0,test_external_seen_family,community-forensics-eval,real:RAISE,test,test_external_seen_family,RAISE,LCM_lora_sdv15,,LatDiff,not_applicable,8b9c48c0b15895670857d1e38de545697c2b78c1f4c0b532f055dff4e3742fca,c87e85ca37cc780e,20260828,7d4a74a88d2cac93b513c0853bf92c260eaceea0,data/CompEval-00114-of-00413.parquet,4,10,2848,4288,TIFF,27161736
cf_test_external_seen_family_real_a8627f5281f28b0a,test_external_seen_family/real/cf_test_external_seen_family_real_a8627f5281f28b0a_000001379.tiff.tiff,0,test_external_seen_family,community-forensics-eval,real:RAISE,test,test_external_seen_family,RAISE,DeciDiffusionV2,,LatDiff,not_applicable,b5d59ac2f73b0168727c599c9def8ef844a36a9abbdb7fb036999736d566630f,eaef858534329a5a,20260828,7d4a74a88d2cac93b513c0853bf92c260eaceea0,data/CompEval-00320-of-00413.parquet,2,20,4928,3264,TIFF,21385318
cf_test_external_seen_family_real_a8ae877e684e2c02,test_external_seen_family/real/cf_test_external_seen_family_real_a8ae877e684e2c02_000001601.tiff.tiff,0,test_external_seen_family,community-forensics-eval,real:RAISE,test,test_external_seen_family,RAISE,GALIP,,GAN,not_applicable,61b0565d58c956af1f94e8ee05e44cbcd0f14e5636e0fe23a360e50c1fcadedd,99ee6651ba6e0195,20260828,7d4a74a88d2cac93b513c0853bf92c260eaceea0,data/CompEval-00043-of-00413.parquet,2,11,4928,3264,TIFF,18851502
cf_test_external_seen_family_real_a936e2849e22ae7f,test_external_seen_family/real/cf_test_external_seen_family_real_a936e2849e22ae7f_000000320332.jpg.jpg,0,test_external_seen_family,community-forensics-eval,real:COCO,test,test_external_seen_family,COCO,DFGAN,,GAN,not_applicable,2743c9d772d854ef221f4f71296b419a42295c97fbc36ae3058e3cbbcdeff7fc,d52543dc35179565,20260828,7d4a74a88d2cac93b513c0853bf92c260eaceea0,data/CompEval-00356-of-00413.parquet,3,1,500,397,JPEG,40461
cf_test_external_seen_family_real_a9a5abc52512f4b2,test_external_seen_family/real/cf_test_external_seen_family_real_a9a5abc52512f4b2_00033654.jpeg.jpg,0,test_external_seen_family,community-forensics-eval,real:LAION,test,test_external_seen_family,LAION,Imagen3,,Commercial,not_applicable,8781d2b594133a2a7f523deda472b199f77e0089333a512d5d8d5cc2e0063dd3,e1639e9c6163969c,20260828,7d4a74a88d2cac93b513c0853bf92c260eaceea0,data/CompEval-00309-of-00413.parquet,2,15,400,400,JPEG,5039
cf_test_external_seen_family_real_a9b35f96ec85a118,test_external_seen_family/real/cf_test_external_seen_family_real_a9b35f96ec85a118_27333.png.png,0,test_external_seen_family,community-forensics-eval,real:FFHQ,test,test_external_seen_family,FFHQ,Hourglass,,PixDiff,not_applicable,ec292dc2f111eac2ce4b1b0b58b0c3e2c3c105579541040776f27921e9f2aec8,cea0879f5b2c2e64,20260828,7d4a74a88d2cac93b513c0853bf92c260eaceea0,data/CompEval-00110-of-00413.parquet,0,19,1024,1024,PNG,1622596
cf_test_external_seen_family_real_a9e2cdc500177a25,test_external_seen_family/real/cf_test_external_seen_family_real_a9e2cdc500177a25_000000567537.jpg.jpg,0,test_external_seen_family,community-forensics-eval,real:COCO,test,test_external_seen_family,COCO,DFGAN,,GAN,not_applicable,2e4ab1ac56b7dcbaaf6cfce8f8639ba71eb7404238551e8e6cde603f14bf6c91,93b3f1169827c95c,20260828,7d4a74a88d2cac93b513c0853bf92c260eaceea0,data/CompEval-00354-of-00413.parquet,0,7,432,640,JPEG,80285
cf_test_external_seen_family_real_a9ef7b9ba150bc54,test_external_seen_family/real/cf_test_external_seen_family_real_a9ef7b9ba150bc54_13129.png.png,0,test_external_seen_family,community-forensics-eval,real:FFHQ,test,test_external_seen_family,FFHQ,Hourglass,,PixDiff,not_applicable,8e9bb00ea32c1a4056c1f25f1ae157dbdcbfe46e1c8f5255fbaa7ff7860c9a7c,d05e2fa03566869f,20260828,7d4a74a88d2cac93b513c0853bf92c260eaceea0,data/CompEval-00106-of-00413.parquet,3,14,1024,1024,PNG,1594767
cf_test_external_seen_family_real_aad2bb405f209730,test_external_seen_family/real/cf_test_external_seen_family_real_aad2bb405f209730_61972.png.png,0,test_external_seen_family,community-forensics-eval,real:FFHQ,test,test_external_seen_family,FFHQ,Hourglass,,PixDiff,not_applicable,2ade6750d99a4c6251ef7df6ff2ed2e98f2fa03d1d1740d9b547a6c914311eac,aff04db5509782d8,20260828,7d4a74a88d2cac93b513c0853bf92c260eaceea0,data/CompEval-00276-of-00413.parquet,3,11,1024,1024,PNG,1209623
cf_test_external_seen_family_real_ab520cc17945e4df,test_external_seen_family/real/cf_test_external_seen_family_real_ab520cc17945e4df_00049278.jpeg.jpg,0,test_external_seen_family,community-forensics-eval,real:LAION,test,test_external_seen_family,LAION,Imagen3,,Commercial,not_applicable,c4587de2d35d79bb3ae25aa6896d721d80065255b22f7ca91bbc3236cb455e6d,a6cccb9b99c66434,20260828,7d4a74a88d2cac93b513c0853bf92c260eaceea0,data/CompEval-00238-of-00413.parquet,2,23,853,1280,JPEG,61265
cf_test_external_seen_family_real_ab6c074997b1003f,test_external_seen_family/real/cf_test_external_seen_family_real_ab6c074997b1003f_000000090294.jpg.jpg,0,test_external_seen_family,community-forensics-eval,real:COCO,test,test_external_seen_family,COCO,DFGAN,,GAN,not_applicable,c71218b46312dc8b00689f4da4e03a8b49c46f5af450b5a3b9ae89287498e9a2,cc6e69c31ee36298,20260828,7d4a74a88d2cac93b513c0853bf92c260eaceea0,data/CompEval-00351-of-00413.parquet,3,10,640,480,JPEG,91328
cf_test_external_seen_family_real_ac102432f314bf77,test_external_seen_family/real/cf_test_external_seen_family_real_ac102432f314bf77_000000281.tiff.tiff,0,test_external_seen_family,community-forensics-eval,real:RAISE,test,test_external_seen_family,RAISE,LCM_lora_ssd1b,,LatDiff,not_applicable,00478693c5a56725ef42af30bfb6b1f313466a84d952ac766ca0cc0848f2102c,87e1707e2d96852b,20260828,7d4a74a88d2cac93b513c0853bf92c260eaceea0,data/CompEval-00397-of-00413.parquet,4,0,4928,3264,TIFF,27269474
cf_test_external_seen_family_real_ac249d9675f7caa9,test_external_seen_family/real/cf_test_external_seen_family_real_ac249d9675f7caa9_00024712.jpeg.jpg,0,test_external_seen_family,community-forensics-eval,real:LAION,test,test_external_seen_family,LAION,Firefly_Image2,,Commercial,not_applicable,ac85fb12d5607bc4176767bc96684a5de0ab7a54713d510831193111029c2b76,8c045ef0397af70d,20260828,7d4a74a88d2cac93b513c0853bf92c260eaceea0,data/CompEval-00033-of-00413.parquet,0,14,500,500,JPEG,42248
cf_test_external_seen_family_real_ac3ddb7b42f9ba0a,test_external_seen_family/real/cf_test_external_seen_family_real_ac3ddb7b42f9ba0a_00055194.png.png,0,test_external_seen_family,community-forensics-eval,real:LAION,test,test_external_seen_family,LAION,Dalle2,,Commercial,not_applicable,935b5444b7eb0baf795ef2cefdf89281e80d1826f308381f01568d8a7ac65279,c5ad3cf2480973e6,20260828,7d4a74a88d2cac93b513c0853bf92c260eaceea0,data/CompEval-00345-of-00413.parquet,3,17,506,900,PNG,380720
cf_test_external_seen_family_real_aca101cfc63d5510,test_external_seen_family/real/cf_test_external_seen_family_real_aca101cfc63d5510_000000415003.jpg.jpg,0,test_external_seen_family,community-forensics-eval,real:COCO,test,test_external_seen_family,COCO,DFGAN,,GAN,not_applicable,0968117218062edbabb869d7b21a7b879c7d17fa61271ff2ac13f3173d1b6258,b581965f6106bb36,20260828,7d4a74a88d2cac93b513c0853bf92c260eaceea0,data/CompEval-00353-of-00413.parquet,3,15,640,480,JPEG,59570
cf_test_external_seen_family_real_acad764cbf29a81b,test_external_seen_family/real/cf_test_external_seen_family_real_acad764cbf29a81b_000000111.tiff.tiff,0,test_external_seen_family,community-forensics-eval,real:RAISE,test,test_external_seen_family,RAISE,kvikontent_midjourney_v6,,LatDiff,not_applicable,9435d6cd3669098b660fa0c55a1e2b02c1bbf15ece92eff8aab64df5183f92a9,a0df9a33e520de85,20260828,7d4a74a88d2cac93b513c0853bf92c260eaceea0,data/CompEval-00088-of-00413.parquet,3,2,3264,4928,TIFF,21886994
cf_test_external_seen_family_real_ad04d8777bafb96c,test_external_seen_family/real/cf_test_external_seen_family_real_ad04d8777bafb96c_00056382.jpeg.jpg,0,test_external_seen_family,community-forensics-eval,real:LAION,test,test_external_seen_family,LAION,FLUX-dev,,Commercial,not_applicable,bf3f3e214c2614fc8d3ac85188c2f07951df7f15b2b19bfe54098941aa78c295,e44ac1b939e11ef8,20260828,7d4a74a88d2cac93b513c0853bf92c260eaceea0,data/CompEval-00129-of-00413.parquet,2,9,400,275,JPEG,16086
cf_test_external_seen_family_real_ad280f46fa7d9237,test_external_seen_family/real/cf_test_external_seen_family_real_ad280f46fa7d9237_000000334443.jpg.jpg,0,test_external_seen_family,community-forensics-eval,real:COCO,test,test_external_seen_family,COCO,DFGAN,,GAN,not_applicable,501f0dd3ff0f340f1e21ce293d6020a17d412fbd77d856012150f1c4c690c3a0,bec4c36b693dc025,20260828,7d4a74a88d2cac93b513c0853bf92c260eaceea0,data/CompEval-00350-of-00413.parquet,0,5,640,427,JPEG,64548
cf_test_external_seen_family_real_ad576cce09c78b2d,test_external_seen_family/real/cf_test_external_seen_family_real_ad576cce09c78b2d_000006122.tiff.tiff,0,test_external_seen_family,community-forensics-eval,real:RAISE,test,test_external_seen_family,RAISE,GALIP,,GAN,not_applicable,70fa9ad88ec9bf2260090d5281a99956bcb7fc81491ab52125f04b178219be81,c1c09425dd35e78f,20260828,7d4a74a88d2cac93b513c0853bf92c260eaceea0,data/CompEval-00040-of-00413.parquet,0,17,4928,3264,TIFF,18533174
cf_test_external_seen_family_real_ade8acfbca58d4f2,test_external_seen_family/real/cf_test_external_seen_family_real_ade8acfbca58d4f2_000002044.tiff.tiff,0,test_external_seen_family,community-forensics-eval,real:RAISE,test,test_external_seen_family,RAISE,stable_cascade,,Other,not_applicable,bab7ef06762104e7793f2103098c666da7fabf1a742725b1a16ddfbd26410870,95bd32445ed183cb,20260828,7d4a74a88d2cac93b513c0853bf92c260eaceea0,data/CompEval-00260-of-00413.parquet,1,22,2848,4288,TIFF,24669090
cf_test_external_seen_family_real_ae00f71b5df810c1,test_external_seen_family/real/cf_test_external_seen_family_real_ae00f71b5df810c1_54135.png.png,0,test_external_seen_family,community-forensics-eval,real:FFHQ,test,test_external_seen_family,FFHQ,Hourglass,,PixDiff,not_applicable,30f276c18fd0454ee25a9b30f2a16f168bfd6e12aca07daff4ff0c094e926498,cf3a342fc025dbc2,20260828,7d4a74a88d2cac93b513c0853bf92c260eaceea0,data/CompEval-00277-of-00413.parquet,3,10,1024,1024,PNG,1443408
cf_test_external_seen_family_real_ae015c25dac719d8,test_external_seen_family/real/cf_test_external_seen_family_real_ae015c25dac719d8_000000391386.jpg.jpg,0,test_external_seen_family,community-forensics-eval,real:COCO,test,test_external_seen_family,COCO,DFGAN,,GAN,not_applicable,4c177c9a6a96616b733f320e99dbb15e927353c19d47b3796486de09cbdbc393,d0e1705e8f0f4bd8,20260828,7d4a74a88d2cac93b513c0853bf92c260eaceea0,data/CompEval-00351-of-00413.parquet,1,12,640,370,JPEG,37372
cf_test_external_seen_family_real_ae1c67dc58b09cbb,test_external_seen_family/real/cf_test_external_seen_family_real_ae1c67dc58b09cbb_000000990.tiff.tiff,0,test_external_seen_family,community-forensics-eval,real:RAISE,test,test_external_seen_family,RAISE,GALIP,,GAN,not_applicable,591d016da0d77d6c7dcbf38805e3e470f6d00a401719d37a6bb181abf5e041e7,edd887c3939a9a90,20260828,7d4a74a88d2cac93b513c0853bf92c260eaceea0,data/CompEval-00044-of-00413.parquet,2,9,4928,3264,TIFF,28517742
cf_test_external_seen_family_real_ae6c3d0ba2afcfd7,test_external_seen_family/real/cf_test_external_seen_family_real_ae6c3d0ba2afcfd7_04749.png.png,0,test_external_seen_family,community-forensics-eval,real:FFHQ,test,test_external_seen_family,FFHQ,Hourglass,,PixDiff,not_applicable,76c2463780c5605bda70a4a7e85257b488712d0c1e4fb451b296262108cf526f,afa574a2818e878f,20260828,7d4a74a88d2cac93b513c0853bf92c260eaceea0,data/CompEval-00109-of-00413.parquet,2,3,1024,1024,PNG,1388711
cf_test_external_seen_family_real_ae832cba0ad4287f,test_external_seen_family/real/cf_test_external_seen_family_real_ae832cba0ad4287f_000003484.tiff.tiff,0,test_external_seen_family,community-forensics-eval,real:RAISE,test,test_external_seen_family,RAISE,stable_cascade,,Other,not_applicable,dbab6b50c15882b9d9a6a70ca9ee4358ea55278b524e01d6482ff883e08252d1,be41f05e420f633b,20260828,7d4a74a88d2cac93b513c0853bf92c260eaceea0,data/CompEval-00261-of-00413.parquet,3,3,2848,4288,TIFF,19781274
cf_test_external_seen_family_real_aec4644cb8ff6290,test_external_seen_family/real/cf_test_external_seen_family_real_aec4644cb8ff6290_000000415304.jpg.jpg,0,test_external_seen_family,community-forensics-eval,real:COCO,test,test_external_seen_family,COCO,DFGAN,,GAN,not_applicable,c046a82ec883dd0f1943f91848bb1f6a8811e304e240c5015ddc631703fe10e4,9d2ae1b00dd4ea1f,20260828,7d4a74a88d2cac93b513c0853bf92c260eaceea0,data/CompEval-00353-of-00413.parquet,2,23,640,480,JPEG,42137
cf_test_external_seen_family_real_b0060b472975e716,test_external_seen_family/real/cf_test_external_seen_family_real_b0060b472975e716_000006510.tiff.tiff,0,test_external_seen_family,community-forensics-eval,real:RAISE,test,test_external_seen_family,RAISE,LCM_lora_ssd1b,,LatDiff,not_applicable,e1ff802ad6c0cd6560fcc5201100b170041e1f2d244a10eab0b8c07638730bfe,b50a356a91ef122f,20260828,7d4a74a88d2cac93b513c0853bf92c260eaceea0,data/CompEval-00403-of-00413.parquet,0,21,4928,3264,TIFF,14071274
cf_test_external_seen_family_real_b028506092578964,test_external_seen_family/real/cf_test_external_seen_family_real_b028506092578964_00000406.jpeg.jpg,0,test_external_seen_family,community-forensics-eval,real:LAION,test,test_external_seen_family,LAION,Firefly_Image2,,Commercial,not_applicable,0d0cd49ac8028b5387c5b47e24a95e41bef94b1e87ccda886f151d1c9dbd66b2,d1e50a3f580b3f1a,20260828,7d4a74a88d2cac93b513c0853bf92c260eaceea0,data/CompEval-00176-of-00413.parquet,1,5,1280,943,JPEG,225517
cf_test_external_seen_family_real_b089c86e085d7d08,test_external_seen_family/real/cf_test_external_seen_family_real_b089c86e085d7d08_43580.png.png,0,test_external_seen_family,community-forensics-eval,real:FFHQ,test,test_external_seen_family,FFHQ,Hourglass,,PixDiff,not_applicable,7958eb29e0a44050c683edff9564ee0c13734bcd4d481108de042f066c5535b9,b9c4d5d67068b586,20260828,7d4a74a88d2cac93b513c0853bf92c260eaceea0,data/CompEval-00104-of-00413.parquet,1,21,1024,1024,PNG,924831
cf_test_external_seen_family_real_b1500c10db35edf4,test_external_seen_family/real/cf_test_external_seen_family_real_b1500c10db35edf4_56992.png.png,0,test_external_seen_family,community-forensics-eval,real:FFHQ,test,test_external_seen_family,FFHQ,Hourglass,,PixDiff,not_applicable,989e298e1df4b770f5b9a8a398468529f54d928cbec80ee8bbcb3381c1ba63eb,f0700f0fc46a9ed9,20260828,7d4a74a88d2cac93b513c0853bf92c260eaceea0,data/CompEval-00278-of-00413.parquet,0,2,1024,1024,PNG,1675457
cf_test_external_seen_family_real_b15d62e7a0402986,test_external_seen_family/real/cf_test_external_seen_family_real_b15d62e7a0402986_000000689.tiff.tiff,0,test_external_seen_family,community-forensics-eval,real:RAISE,test,test_external_seen_family,RAISE,kandinsky_2_2,,LatDiff,not_applicable,ecb9f3f015929af5b552310d0684de61be89e3802ef6a5c6543a9a90b883a710,d03f928670de2fd0,20260828,7d4a74a88d2cac93b513c0853bf92c260eaceea0,data/CompEval-00164-of-00413.parquet,4,4,4928,3264,TIFF,30170700
cf_test_external_seen_family_real_b1786a1077046f78,test_external_seen_family/real/cf_test_external_seen_family_real_b1786a1077046f78_42766.png.png,0,test_external_seen_family,community-forensics-eval,real:FFHQ,test,test_external_seen_family,FFHQ,Hourglass,,PixDiff,not_applicable,cfe87febf2421d1108591bb30b92d218df8b907191b7ceda99ac2ca1e6ff5247,9f3c61376436c29a,20260828,7d4a74a88d2cac93b513c0853bf92c260eaceea0,data/CompEval-00110-of-00413.parquet,0,10,1024,1024,PNG,1465344
cf_test_external_seen_family_real_b1899c9943752fd3,test_external_seen_family/real/cf_test_external_seen_family_real_b1899c9943752fd3_000000262666.jpg.jpg,0,test_external_seen_family,community-forensics-eval,real:COCO,test,test_external_seen_family,COCO,DFGAN,,GAN,not_applicable,e21d8e22d79c74f205da0415e0ba2cb54f2819dcee0dc6a24a396c242cfd7fc1,877ad82f728d4562,20260828,7d4a74a88d2cac93b513c0853bf92c260eaceea0,data/CompEval-00351-of-00413.parquet,3,3,500,333,JPEG,34953
cf_test_external_seen_family_real_b1bb6b1e5831b98a,test_external_seen_family/real/cf_test_external_seen_family_real_b1bb6b1e5831b98a_00024238.jpeg.jpg,0,test_external_seen_family,community-forensics-eval,real:LAION,test,test_external_seen_family,LAION,Firefly_Image2,,Commercial,not_applicable,e6f16bf21142a57212b318eb28dc0d765777c04a63403e1eec9e0fe50f0817db,c1466e11911efb3e,20260828,7d4a74a88d2cac93b513c0853bf92c260eaceea0,data/CompEval-00037-of-00413.parquet,1,20,660,420,JPEG,33020
cf_test_external_seen_family_real_b1dd68008eca71d2,test_external_seen_family/real/cf_test_external_seen_family_real_b1dd68008eca71d2_17207.png.png,0,test_external_seen_family,community-forensics-eval,real:FFHQ,test,test_external_seen_family,FFHQ,Hourglass,,PixDiff,not_applicable,a375f59ac7816484615c8e7db5ad16ad6268177336cb179914a8c795c4929f46,b8e097a764da9a98,20260828,7d4a74a88d2cac93b513c0853bf92c260eaceea0,data/CompEval-00104-of-00413.parquet,0,9,1024,1024,PNG,1296422
cf_test_external_seen_family_real_b1f99823c7fe1e46,test_external_seen_family/real/cf_test_external_seen_family_real_b1f99823c7fe1e46_000000558.tiff.tiff,0,test_external_seen_family,community-forensics-eval,real:RAISE,test,test_external_seen_family,RAISE,GALIP,,GAN,not_applicable,a1e595d30ffcf96df17ea6f52b815b4afe4ea36a8e46a9b03c9260f65fe57918,8954366ae51ed8a7,20260828,7d4a74a88d2cac93b513c0853bf92c260eaceea0,data/CompEval-00043-of-00413.parquet,2,7,2848,4288,TIFF,20206826
cf_test_external_seen_family_real_b216689b99d11a30,test_external_seen_family/real/cf_test_external_seen_family_real_b216689b99d11a30_00001807.jpeg.jpg,0,test_external_seen_family,community-forensics-eval,real:LAION,test,test_external_seen_family,LAION,MidjourneyV6_1,,Commercial,not_applicable,0cfc507c2bc82d9e64cc62e03e5311cba264436ed3abf9a764bc4fd84c310107,a829111e8f3e971f,20260828,7d4a74a88d2cac93b513c0853bf92c260eaceea0,data/CompEval-00013-of-00413.parquet,4,6,728,479,JPEG,59062
cf_test_external_seen_family_real_b221e3c6716b5618,test_external_seen_family/real/cf_test_external_seen_family_real_b221e3c6716b5618_000000332138.jpg.jpg,0,test_external_seen_family,community-forensics-eval,real:COCO,test,test_external_seen_family,COCO,DFGAN,,GAN,not_applicable,d80a6c196dbb36f61f041f775c130b2fc853df5caa7e3aa31c6767d6d34f8da5,80b03f1f170f1f8e,20260828,7d4a74a88d2cac93b513c0853bf92c260eaceea0,data/CompEval-00351-of-00413.parquet,3,12,500,332,JPEG,28753
cf_test_external_seen_family_real_b274cfdaefa42943,test_external_seen_family/real/cf_test_external_seen_family_real_b274cfdaefa42943_00021008.jpeg.jpg,0,test_external_seen_family,community-forensics-eval,real:LAION,test,test_external_seen_family,LAION,Dalle2,,Commercial,not_applicable,7aa91d92822e1cdb01683aa62b339836565b0f2e69723b10231558c00453f723,ec3e3e4993c3c192,20260828,7d4a74a88d2cac93b513c0853bf92c260eaceea0,data/CompEval-00342-of-00413.parquet,2,3,729,1030,JPEG,34100
cf_test_external_seen_family_real_b3020f7c3e36cbcd,test_external_seen_family/real/cf_test_external_seen_family_real_b3020f7c3e36cbcd_000001912.tiff.tiff,0,test_external_seen_family,community-forensics-eval,real:RAISE,test,test_external_seen_family,RAISE,DeciDiffusionV2,,LatDiff,not_applicable,11a9f1edcd70f7eff7a4850d4a69bd8d685b66570f826e6fb45de8752360c510,88e47b1cc3f0782f,20260828,7d4a74a88d2cac93b513c0853bf92c260eaceea0,data/CompEval-00315-of-00413.parquet,3,5,4928,3264,TIFF,23899390
cf_test_external_seen_family_real_b318225dba33f871,test_external_seen_family/real/cf_test_external_seen_family_real_b318225dba33f871_09776.png.png,0,test_external_seen_family,community-forensics-eval,real:FFHQ,test,test_external_seen_family,FFHQ,Hourglass,,PixDiff,not_applicable,e3d76d2e16e2b867d3c3dc7d6280d294968c728b0eaca59a0c573144076bcc41,a5247282db0f07fd,20260828,7d4a74a88d2cac93b513c0853bf92c260eaceea0,data/CompEval-00108-of-00413.parquet,2,21,1024,1024,PNG,1191423
cf_test_external_seen_family_real_b31d17600fa94dff,test_external_seen_family/real/cf_test_external_seen_family_real_b31d17600fa94dff_08897.png.png,0,test_external_seen_family,community-forensics-eval,real:FFHQ,test,test_external_seen_family,FFHQ,Hourglass,,PixDiff,not_applicable,89a90e085960cafe6d529aaa615574721bae5c6214ab099b7addbdbe7b0c8037,f878616525a5c787,20260828,7d4a74a88d2cac93b513c0853bf92c260eaceea0,data/CompEval-00107-of-00413.parquet,1,19,1024,1024,PNG,1535884
cf_test_external_seen_family_real_b34118debd55a4eb,test_external_seen_family/real/cf_test_external_seen_family_real_b34118debd55a4eb_000001624.tiff.tiff,0,test_external_seen_family,community-forensics-eval,real:RAISE,test,test_external_seen_family,RAISE,LCM_lora_sdv15,,LatDiff,not_applicable,b059f8e69ba3d0e35ff782c682eb8f9883b9772d36d30b6f8e7cae17f6a314c9,d0efec1b3094c4ea,20260828,7d4a74a88d2cac93b513c0853bf92c260eaceea0,data/CompEval-00118-of-00413.parquet,3,0,4928,3264,TIFF,20723984
cf_test_external_seen_family_real_b34748eea165cc90,test_external_seen_family/real/cf_test_external_seen_family_real_b34748eea165cc90_000002059.tiff.tiff,0,test_external_seen_family,community-forensics-eval,real:RAISE,test,test_external_seen_family,RAISE,kvikontent_midjourney_v6,,LatDiff,not_applicable,bba87b33dd80942d2fd26eede42556ccaf7979d6e237b9220153669136a4bcdb,acb3620f39e4966a,20260828,7d4a74a88d2cac93b513c0853bf92c260eaceea0,data/CompEval-00221-of-00413.parquet,0,1,2848,4288,TIFF,24700724
cf_test_external_seen_family_real_b41bd2ad86074a27,test_external_seen_family/real/cf_test_external_seen_family_real_b41bd2ad86074a27_00012630.jpeg.jpg,0,test_external_seen_family,community-forensics-eval,real:LAION,test,test_external_seen_family,LAION,FLUX-schnell,,Commercial,not_applicable,eef173171babe549ccbf0e48d74f9c558a4447dc3d7365789d37d894e9fe1cd8,e5c199b8c6c6c678,20260828,7d4a74a88d2cac93b513c0853bf92c260eaceea0,data/CompEval-00188-of-00413.parquet,0,13,320,320,JPEG,28434
cf_test_external_seen_family_real_b41d347b2464318c,test_external_seen_family/real/cf_test_external_seen_family_real_b41d347b2464318c_000002413.tiff.tiff,0,test_external_seen_family,community-forensics-eval,real:RAISE,test,test_external_seen_family,RAISE,LCM_lora_ssd1b,,LatDiff,not_applicable,3031b8418fcbb0ea222a50d12f0efb296a2049b217d16a380c41e1e406c2b10b,a4934a3186dbed35,20260828,7d4a74a88d2cac93b513c0853bf92c260eaceea0,data/CompEval-00198-of-00413.parquet,4,7,4928,3264,TIFF,19956520
cf_test_external_seen_family_real_b4285e11d73e9d1c,test_external_seen_family/real/cf_test_external_seen_family_real_b4285e11d73e9d1c_000000066747.jpg.jpg,0,test_external_seen_family,community-forensics-eval,real:COCO,test,test_external_seen_family,COCO,DFGAN,,GAN,not_applicable,696f9d406e7a836a2a3cd25424a3a66f9fad75fef34bc1a1dbc282f627776e9a,ccb3a1c4eb97b04c,20260828,7d4a74a88d2cac93b513c0853bf92c260eaceea0,data/CompEval-00351-of-00413.parquet,2,6,427,640,JPEG,31458
cf_test_external_seen_family_real_b45fbe7fef7628da,test_external_seen_family/real/cf_test_external_seen_family_real_b45fbe7fef7628da_000003538.tiff.tiff,0,test_external_seen_family,community-forensics-eval,real:RAISE,test,test_external_seen_family,RAISE,LCM_lora_ssd1b,,LatDiff,not_applicable,d1e2130d473d74942174eda2a66248547a6c1327d7a7b652136c15e700921cc2,d41ea9c492f9c66a,20260828,7d4a74a88d2cac93b513c0853bf92c260eaceea0,data/CompEval-00403-of-00413.parquet,1,23,4288,2848,TIFF,14802308
cf_test_external_seen_family_real_b514cec2ebbdf719,test_external_seen_family/real/cf_test_external_seen_family_real_b514cec2ebbdf719_000002150.tiff.tiff,0,test_external_seen_family,community-forensics-eval,real:RAISE,test,test_external_seen_family,RAISE,DeciDiffusionV2,,LatDiff,not_applicable,0283e5c4cabcf2452fed046198fdb6132ab6ee84aa1080fa9972d0654c1ad47a,f8a58152fbad2d14,20260828,7d4a74a88d2cac93b513c0853bf92c260eaceea0,data/CompEval-00319-of-00413.parquet,2,5,2848,4288,TIFF,20410638
cf_test_external_seen_family_real_b5a3936bd7457fbf,test_external_seen_family/real/cf_test_external_seen_family_real_b5a3936bd7457fbf_000000514446.jpg.jpg,0,test_external_seen_family,community-forensics-eval,real:COCO,test,test_external_seen_family,COCO,DFGAN,,GAN,not_applicable,e3cae4d953392fff0178a93776b2566550249fb6117f0c4e4c8191817bc2204b,9336c529ec39ec15,20260828,7d4a74a88d2cac93b513c0853bf92c260eaceea0,data/CompEval-00350-of-00413.parquet,2,6,640,218,JPEG,22535
cf_test_external_seen_family_real_b5b1660c59ae6070,test_external_seen_family/real/cf_test_external_seen_family_real_b5b1660c59ae6070_06916.png.png,0,test_external_seen_family,community-forensics-eval,real:FFHQ,test,test_external_seen_family,FFHQ,Hourglass,,PixDiff,not_applicable,7ce47e93c85261469683c5d9fe8829c20306d56a2dfccdd055632d5d5bb0bbdc,a88197d70adad999,20260828,7d4a74a88d2cac93b513c0853bf92c260eaceea0,data/CompEval-00271-of-00413.parquet,0,10,1024,1024,PNG,1072658
cf_test_external_seen_family_real_b61355fc9bd9feed,test_external_seen_family/real/cf_test_external_seen_family_real_b61355fc9bd9feed_000000164994.jpg.jpg,0,test_external_seen_family,community-forensics-eval,real:COCO,test,test_external_seen_family,COCO,DFGAN,,GAN,not_applicable,4f93c5680355ee6033e98513b40e08f56c7879d8e7e2bcc2d6bee5da87dde652,9e8c323ac74b3572,20260828,7d4a74a88d2cac93b513c0853bf92c260eaceea0,data/CompEval-00356-of-00413.parquet,0,24,500,375,JPEG,42905
cf_test_external_seen_family_real_b62ccfcb8e0ab39b,test_external_seen_family/real/cf_test_external_seen_family_real_b62ccfcb8e0ab39b_000002283.tiff.tiff,0,test_external_seen_family,community-forensics-eval,real:RAISE,test,test_external_seen_family,RAISE,kandinsky_2_2,,LatDiff,not_applicable,c465d80ba09ffb6db80d35fb52ce11103326a0f42b37c558f5535682496ab73a,f8fcd4a245d83274,20260828,7d4a74a88d2cac93b513c0853bf92c260eaceea0,data/CompEval-00162-of-00413.parquet,4,0,2848,4288,TIFF,21759516
cf_test_external_seen_family_real_b652bc51f42f0406,test_external_seen_family/real/cf_test_external_seen_family_real_b652bc51f42f0406_000000510075.jpg.jpg,0,test_external_seen_family,community-forensics-eval,real:COCO,test,test_external_seen_family,COCO,DFGAN,,GAN,not_applicable,d3da76be57f7efe2d383ff6292ca43a5dffeaca774897156ff555f25bedbf4e9,9e2d731c23d7194c,20260828,7d4a74a88d2cac93b513c0853bf92c260eaceea0,data/CompEval-00356-of-00413.parquet,3,7,480,640,JPEG,44754
cf_test_external_seen_family_real_b6c0e4584622536c,test_external_seen_family/real/cf_test_external_seen_family_real_b6c0e4584622536c_44203.png.png,0,test_external_seen_family,community-forensics-eval,real:FFHQ,test,test_external_seen_family,FFHQ,Hourglass,,PixDiff,not_applicable,948e2cbf887452ea517770336b9c8b0e089b53ff64c2b413fde804e752452be7,a00eedc387fe029b,20260828,7d4a74a88d2cac93b513c0853bf92c260eaceea0,data/CompEval-00108-of-00413.parquet,2,17,1024,1024,PNG,1489011
cf_test_external_seen_family_real_b6eb13d41db3fb09,test_external_seen_family/real/cf_test_external_seen_family_real_b6eb13d41db3fb09_000007347.tiff.tiff,0,test_external_seen_family,community-forensics-eval,real:RAISE,test,test_external_seen_family,RAISE,DeciDiffusionV2,,LatDiff,not_applicable,8603e5654927c1f1a2fbe20502c5ff8d9614a086664e3823cb856ba2adda435d,938c8cb6ce4b63e4,20260828,7d4a74a88d2cac93b513c0853bf92c260eaceea0,data/CompEval-00324-of-00413.parquet,2,8,4928,3264,TIFF,27263074
cf_test_external_seen_family_real_b746b10f5364b0cd,test_external_seen_family/real/cf_test_external_seen_family_real_b746b10f5364b0cd_000004527.tiff.tiff,0,test_external_seen_family,community-forensics-eval,real:RAISE,test,test_external_seen_family,RAISE,kvikontent_midjourney_v6,,LatDiff,not_applicable,81b05772bad2482958998e72d1ed902110cd856b0db1fb639206bbc27fb4595c,d5052a4ae365dc9b,20260828,7d4a74a88d2cac93b513c0853bf92c260eaceea0,data/CompEval-00089-of-00413.parquet,3,13,3264,4928,TIFF,25009926
cf_test_external_seen_family_real_b74d2c96c18b9e9c,test_external_seen_family/real/cf_test_external_seen_family_real_b74d2c96c18b9e9c_00024657.jpeg.jpg,0,test_external_seen_family,community-forensics-eval,real:LAION,test,test_external_seen_family,LAION,Firefly_Image2,,Commercial,not_applicable,4e30ed5c14916b8acd336abbe68db86dfa960ad557ab473c8eab8deee048cabf,da71a4b4b2a685cd,20260828,7d4a74a88d2cac93b513c0853bf92c260eaceea0,data/CompEval-00037-of-00413.parquet,4,9,1024,512,JPEG,95730
cf_test_external_seen_family_real_b791384165ba43d3,test_external_seen_family/real/cf_test_external_seen_family_real_b791384165ba43d3_53957.png.png,0,test_external_seen_family,community-forensics-eval,real:FFHQ,test,test_external_seen_family,FFHQ,Hourglass,,PixDiff,not_applicable,d881b104cb99c5610e67e7b0fb5bff4055018f38bda7620f1472c7529add1890,faf80325e165838f,20260828,7d4a74a88d2cac93b513c0853bf92c260eaceea0,data/CompEval-00107-of-00413.parquet,1,12,1024,1024,PNG,1391556
cf_test_external_seen_family_real_b791a3dd471d7603,test_external_seen_family/real/cf_test_external_seen_family_real_b791a3dd471d7603_000000139117.jpg.jpg,0,test_external_seen_family,community-forensics-eval,real:COCO,test,test_external_seen_family,COCO,DFGAN,,GAN,not_applicable,4d3159bcb26251889a0fa274f642ace2ade9e5cdf4150cd7f09790ca76e37b54,8577dac945634936,20260828,7d4a74a88d2cac93b513c0853bf92c260eaceea0,data/CompEval-00357-of-00413.parquet,0,6,371,640,JPEG,39620
cf_test_external_seen_family_real_b7e2489d2072c1e8,test_external_seen_family/real/cf_test_external_seen_family_real_b7e2489d2072c1e8_000000275598.jpg.jpg,0,test_external_seen_family,community-forensics-eval,real:COCO,test,test_external_seen_family,COCO,DFGAN,,GAN,not_applicable,ee0197de715e77a196b3de862433c261adb2abc9ff0d8edae328e44ba9933fa1,b0b3c7c08e6cd86b,20260828,7d4a74a88d2cac93b513c0853bf92c260eaceea0,data/CompEval-00350-of-00413.parquet,4,4,500,375,JPEG,40017
cf_test_external_seen_family_real_b80c549af38eec8b,test_external_seen_family/real/cf_test_external_seen_family_real_b80c549af38eec8b_56193.png.png,0,test_external_seen_family,community-forensics-eval,real:FFHQ,test,test_external_seen_family,FFHQ,Hourglass,,PixDiff,not_applicable,6f77aaaaf2e94cdecdcdc325542b4239c16a20d2e9165c951b491eef78b0b207,9e6759c3686869c3,20260828,7d4a74a88d2cac93b513c0853bf92c260eaceea0,data/CompEval-00277-of-00413.parquet,1,12,1024,1024,PNG,1323140
cf_test_external_seen_family_real_b85f5389feebdfe8,test_external_seen_family/real/cf_test_external_seen_family_real_b85f5389feebdfe8_00046469.jpeg.jpg,0,test_external_seen_family,community-forensics-eval,real:LAION,test,test_external_seen_family,LAION,FLUX-schnell,,Commercial,not_applicable,7bee03d101db25f496df1b7c10b3acc2f809f780112d892a3bb17c2b22259aad,ce09653eec710ae3,20260828,7d4a74a88d2cac93b513c0853bf92c260eaceea0,data/CompEval-00188-of-00413.parquet,0,5,474,369,JPEG,16856
cf_test_external_seen_family_real_b867418a917ca7fb,test_external_seen_family/real/cf_test_external_seen_family_real_b867418a917ca7fb_16584.png.png,0,test_external_seen_family,community-forensics-eval,real:FFHQ,test,test_external_seen_family,FFHQ,Hourglass,,PixDiff,not_applicable,3144a65a4ba5015984ca95287f3123df543cedf35b826f10098caae0cd627cb2,a92fa5b5e58286ca,20260828,7d4a74a88d2cac93b513c0853bf92c260eaceea0,data/CompEval-00106-of-00413.parquet,1,21,1024,1024,PNG,1277660
cf_test_external_seen_family_real_b888bce245509ba1,test_external_seen_family/real/cf_test_external_seen_family_real_b888bce245509ba1_000004205.tiff.tiff,0,test_external_seen_family,community-forensics-eval,real:RAISE,test,test_external_seen_family,RAISE,DeciDiffusionV2,,LatDiff,not_applicable,6796d632bb81f49c80d1d5a8307a24b589f11f7f86ff5b43d96792639e775740,c7ea1c6674723694,20260828,7d4a74a88d2cac93b513c0853bf92c260eaceea0,data/CompEval-00321-of-00413.parquet,2,23,4928,3264,TIFF,21874310
cf_test_external_seen_family_real_b8a65735dbb58221,test_external_seen_family/real/cf_test_external_seen_family_real_b8a65735dbb58221_32713.png.png,0,test_external_seen_family,community-forensics-eval,real:FFHQ,test,test_external_seen_family,FFHQ,Hourglass,,PixDiff,not_applicable,06d6d53d451ce0d41fe89c0a7f1522e4b28d2f2629b282956144890387b8885b,bf4760a4e12c4bdc,20260828,7d4a74a88d2cac93b513c0853bf92c260eaceea0,data/CompEval-00277-of-00413.parquet,1,5,1024,1024,PNG,1362016
cf_test_external_seen_family_real_b94d3be52dfc287e,test_external_seen_family/real/cf_test_external_seen_family_real_b94d3be52dfc287e_00052613.jpeg.jpg,0,test_external_seen_family,community-forensics-eval,real:LAION,test,test_external_seen_family,LAION,FLUX-schnell,,Commercial,not_applicable,042e2fa04d0a9e9b523e5ebb63280141b226ff5e83163530fd85927c4fb020eb,bd94d232d248c767,20260828,7d4a74a88d2cac93b513c0853bf92c260eaceea0,data/CompEval-00135-of-00413.parquet,4,2,500,500,JPEG,11632
cf_test_external_seen_family_real_b9a0d6350823130b,test_external_seen_family/real/cf_test_external_seen_family_real_b9a0d6350823130b_40427.png.png,0,test_external_seen_family,community-forensics-eval,real:FFHQ,test,test_external_seen_family,FFHQ,Hourglass,,PixDiff,not_applicable,c6aa3d1baea8898f0f52cff79525ff95e44e4e558dd090ee9dd5340fa7491cbf,bfa47ca760246996,20260828,7d4a74a88d2cac93b513c0853bf92c260eaceea0,data/CompEval-00276-of-00413.parquet,4,8,1024,1024,PNG,1283031
cf_test_external_seen_family_real_b9a32d1d7861f96e,test_external_seen_family/real/cf_test_external_seen_family_real_b9a32d1d7861f96e_00048761.jpeg.jpg,0,test_external_seen_family,community-forensics-eval,real:LAION,test,test_external_seen_family,LAION,Firefly_Image2,,Commercial,not_applicable,4948111065d40ac50502ddc0872f26ed72af61ab550be3cc61c5f93596aff597,fd2dc2b187719292,20260828,7d4a74a88d2cac93b513c0853bf92c260eaceea0,data/CompEval-00176-of-00413.parquet,2,18,500,500,JPEG,34156
cf_test_external_seen_family_real_ba120ce8438fe0c2,test_external_seen_family/real/cf_test_external_seen_family_real_ba120ce8438fe0c2_42426.png.png,0,test_external_seen_family,community-forensics-eval,real:FFHQ,test,test_external_seen_family,FFHQ,Hourglass,,PixDiff,not_applicable,e887cb18d17adb0c367d7153140ff8e2cabece317a7b3139f0cf2f843ba16489,941819b1f5f19397,20260828,7d4a74a88d2cac93b513c0853bf92c260eaceea0,data/CompEval-00104-of-00413.parquet,1,8,1024,1024,PNG,1254648
cf_test_external_seen_family_real_ba4fad4379343b79,test_external_seen_family/real/cf_test_external_seen_family_real_ba4fad4379343b79_23000.png.png,0,test_external_seen_family,community-forensics-eval,real:FFHQ,test,test_external_seen_family,FFHQ,Hourglass,,PixDiff,not_applicable,4d66004dc9bfa5e3656d134e6eee556b173385ceef6279365105e567ebdecee3,a6586b6da985919e,20260828,7d4a74a88d2cac93b513c0853bf92c260eaceea0,data/CompEval-00108-of-00413.parquet,3,3,1024,1024,PNG,1362534
cf_test_external_seen_family_real_ba7ecfe2b29f97d1,test_external_seen_family/real/cf_test_external_seen_family_real_ba7ecfe2b29f97d1_000001999.tiff.tiff,0,test_external_seen_family,community-forensics-eval,real:RAISE,test,test_external_seen_family,RAISE,GALIP,,GAN,not_applicable,555e39e3f453211b16d932a861fb8fb91a5b9c8288ed3aa6626567f5b91b2adf,d5282bd615e52ada,20260828,7d4a74a88d2cac93b513c0853bf92c260eaceea0,data/CompEval-00040-of-00413.parquet,4,11,4288,2848,TIFF,19616194
cf_test_external_seen_family_real_bac6bfd414dd97cd,test_external_seen_family/real/cf_test_external_seen_family_real_bac6bfd414dd97cd_000005233.tiff.tiff,0,test_external_seen_family,community-forensics-eval,real:RAISE,test,test_external_seen_family,RAISE,stable_cascade,,Other,not_applicable,0a87ded9b36b65e7f5bc0f49bae3631e6a96ef0f10783a7d4861c6be96a66267,9bd160060f79e6b9,20260828,7d4a74a88d2cac93b513c0853bf92c260eaceea0,data/CompEval-00262-of-00413.parquet,0,1,4928,3264,TIFF,24815052
cf_test_external_seen_family_real_baf3d38d8da00b59,test_external_seen_family/real/cf_test_external_seen_family_real_baf3d38d8da00b59_50301.png.png,0,test_external_seen_family,community-forensics-eval,real:FFHQ,test,test_external_seen_family,FFHQ,Hourglass,,PixDiff,not_applicable,efd61cc6b39b86291b8214f8e82b8368f89095707a861d225467266d1dbdb436,a894f0da81addf1c,20260828,7d4a74a88d2cac93b513c0853bf92c260eaceea0,data/CompEval-00108-of-00413.parquet,1,11,1024,1024,PNG,1448414
cf_test_external_seen_family_real_bb1188c5bf4e1cf1,test_external_seen_family/real/cf_test_external_seen_family_real_bb1188c5bf4e1cf1_000000562.tiff.tiff,0,test_external_seen_family,community-forensics-eval,real:RAISE,test,test_external_seen_family,RAISE,GALIP,,GAN,not_applicable,d81d36c19192863f6dd51c9e70a788ede6d39e915cc136974654f895ad3486a1,cc8177c8b7556aa4,20260828,7d4a74a88d2cac93b513c0853bf92c260eaceea0,data/CompEval-00269-of-00413.parquet,0,2,4288,2848,TIFF,18196536
cf_test_external_seen_family_real_bb1270ae58ac08ba,test_external_seen_family/real/cf_test_external_seen_family_real_bb1270ae58ac08ba_000005234.tiff.tiff,0,test_external_seen_family,community-forensics-eval,real:RAISE,test,test_external_seen_family,RAISE,kandinsky_2_2,,LatDiff,not_applicable,956702a52922d3232a57dee40033133cedc5342eeefc425f5ede558d49ea6900,e38c5de31cc92678,20260828,7d4a74a88d2cac93b513c0853bf92c260eaceea0,data/CompEval-00159-of-00413.parquet,4,24,3264,4928,TIFF,23056638
cf_test_external_seen_family_real_bb484ae62d8dbf4c,test_external_seen_family/real/cf_test_external_seen_family_real_bb484ae62d8dbf4c_00028401.jpeg.jpg,0,test_external_seen_family,community-forensics-eval,real:LAION,test,test_external_seen_family,LAION,Firefly_Image3,,Commercial,not_applicable,870a971b61bf360accdc080ff9679a58af0840fbeb97df96a84d42449fcbfcd7,86a7b396b079b0e1,20260828,7d4a74a88d2cac93b513c0853bf92c260eaceea0,data/CompEval-00327-of-00413.parquet,4,5,960,720,JPEG,144569
cf_test_external_seen_family_real_bb57544fe922aa95,test_external_seen_family/real/cf_test_external_seen_family_real_bb57544fe922aa95_000000100922.jpg.jpg,0,test_external_seen_family,community-forensics-eval,real:COCO,test,test_external_seen_family,COCO,DFGAN,,GAN,not_applicable,39a8d928e46328ddccbc08d63f7c931d7bae67123cf6a681bfe627d3d9feafaf,ee1000cfcf78ae63,20260828,7d4a74a88d2cac93b513c0853bf92c260eaceea0,data/CompEval-00352-of-00413.parquet,1,2,640,427,JPEG,83452
cf_test_external_seen_family_real_bb72a46aaf598f59,test_external_seen_family/real/cf_test_external_seen_family_real_bb72a46aaf598f59_68384.png.png,0,test_external_seen_family,community-forensics-eval,real:FFHQ,test,test_external_seen_family,FFHQ,Hourglass,,PixDiff,not_applicable,c5f4a343d8bde876e10ca641df9a3c854ac28d06148019c0375ae4d710603879,8d35367272314bc7,20260828,7d4a74a88d2cac93b513c0853bf92c260eaceea0,data/CompEval-00110-of-00413.parquet,1,9,1024,1024,PNG,1421504
cf_test_external_seen_family_real_bb87e3557c65254a,test_external_seen_family/real/cf_test_external_seen_family_real_bb87e3557c65254a_000002375.tiff.tiff,0,test_external_seen_family,community-forensics-eval,real:RAISE,test,test_external_seen_family,RAISE,GALIP,,GAN,not_applicable,90f8b7b47f352dc98143f682cee74fea7a9af57b591367fcab75c5e7f7d6d5fc,b1eec29562699a96,20260828,7d4a74a88d2cac93b513c0853bf92c260eaceea0,data/CompEval-00042-of-00413.parquet,4,8,4928,3264,TIFF,27325114
cf_test_external_seen_family_real_bbcb88dbace9f457,test_external_seen_family/real/cf_test_external_seen_family_real_bbcb88dbace9f457_000000031315.jpg.jpg,0,test_external_seen_family,community-forensics-eval,real:COCO,test,test_external_seen_family,COCO,DFGAN,,GAN,not_applicable,79cf07de2aad460e53b2cd7e2da4808e8c4f38f2058aabe1b539d98b54753281,a78a9e4be7159251,20260828,7d4a74a88d2cac93b513c0853bf92c260eaceea0,data/CompEval-00351-of-00413.parquet,3,9,640,361,JPEG,56522
cf_test_external_seen_family_real_bc14ab0b55a2717d,test_external_seen_family/real/cf_test_external_seen_family_real_bc14ab0b55a2717d_00025039.jpeg.jpg,0,test_external_seen_family,community-forensics-eval,real:LAION,test,test_external_seen_family,LAION,FLUX-dev,,Commercial,not_applicable,fa06201c925050282e229134f434f3cf44a133d1d15d350c128fe92b294b21cb,af98e487c38f8cc2,20260828,7d4a74a88d2cac93b513c0853bf92c260eaceea0,data/CompEval-00130-of-00413.parquet,3,8,590,590,JPEG,28523
cf_test_external_seen_family_real_bc2e22e4a9e69e96,test_external_seen_family/real/cf_test_external_seen_family_real_bc2e22e4a9e69e96_000002727.tiff.tiff,0,test_external_seen_family,community-forensics-eval,real:RAISE,test,test_external_seen_family,RAISE,LCM_lora_sdv15,,LatDiff,not_applicable,fa7d525c66e475fe04964be1149aaa8f647814ba431ef81b49a9d3e540d694af,d7c49f00f2276e29,20260828,7d4a74a88d2cac93b513c0853bf92c260eaceea0,data/CompEval-00115-of-00413.parquet,1,18,4288,2848,TIFF,19932372
cf_test_external_seen_family_real_bc6bd07917ef2c00,test_external_seen_family/real/cf_test_external_seen_family_real_bc6bd07917ef2c00_000005088.tiff.tiff,0,test_external_seen_family,community-forensics-eval,real:RAISE,test,test_external_seen_family,RAISE,kandinsky_2_2,,LatDiff,not_applicable,ee45435d95bea306059a1e8ddad21cdbe79ad072a5d866c1354be6f5724f9f51,dc611e671c57281f,20260828,7d4a74a88d2cac93b513c0853bf92c260eaceea0,data/CompEval-00161-of-00413.parquet,1,18,4928,3264,TIFF,34830908
cf_test_external_seen_family_real_bc8bdf85bf3235e5,test_external_seen_family/real/cf_test_external_seen_family_real_bc8bdf85bf3235e5_41861.png.png,0,test_external_seen_family,community-forensics-eval,real:FFHQ,test,test_external_seen_family,FFHQ,Hourglass,,PixDiff,not_applicable,856cf7e5682a4dab456e6692fc44c50175463648895ebc97607038254fbad6de,9f841bf2413ae09f,20260828,7d4a74a88d2cac93b513c0853bf92c260eaceea0,data/CompEval-00277-of-00413.parquet,4,2,1024,1024,PNG,1283021
cf_test_external_seen_family_real_bc9b42d786b05c25,test_external_seen_family/real/cf_test_external_seen_family_real_bc9b42d786b05c25_000002996.tiff.tiff,0,test_external_seen_family,community-forensics-eval,real:RAISE,test,test_external_seen_family,RAISE,kvikontent_midjourney_v6,,LatDiff,not_applicable,64f790703da3dde3e58aa230b6351026c1e4135791d8168515b49cc1b549e1a8,d5a42a5095ef6ab1,20260828,7d4a74a88d2cac93b513c0853bf92c260eaceea0,data/CompEval-00222-of-00413.parquet,0,16,4288,2848,TIFF,17276776
cf_test_external_seen_family_real_bce2a094a9e62bb3,test_external_seen_family/real/cf_test_external_seen_family_real_bce2a094a9e62bb3_000003914.tiff.tiff,0,test_external_seen_family,community-forensics-eval,real:RAISE,test,test_external_seen_family,RAISE,stable_cascade,,Other,not_applicable,39c025a6e28fde170859576b1e9cdea03cc02a9bf95c16bd6e8c25fa4775fb38,d22d9f03edfe8060,20260828,7d4a74a88d2cac93b513c0853bf92c260eaceea0,data/CompEval-00258-of-00413.parquet,5,0,4288,2848,TIFF,26248782
cf_test_external_seen_family_real_bd35e9643066c102,test_external_seen_family/real/cf_test_external_seen_family_real_bd35e9643066c102_00049782.jpeg.jpg,0,test_external_seen_family,community-forensics-eval,real:LAION,test,test_external_seen_family,LAION,Firefly_Image3,,Commercial,not_applicable,a5e1fab74d21aaf39e371142e1890b3f706b8e589b64f453eadd043658af1cba,faae8551b22c2bc3,20260828,7d4a74a88d2cac93b513c0853bf92c260eaceea0,data/CompEval-00199-of-00413.parquet,2,0,800,500,JPEG,43777
cf_test_external_seen_family_real_bd660c047637e099,test_external_seen_family/real/cf_test_external_seen_family_real_bd660c047637e099_00021908.jpeg.jpg,0,test_external_seen_family,community-forensics-eval,real:LAION,test,test_external_seen_family,LAION,MidjourneyV5_2,,Commercial,not_applicable,624845dc1b06da14d28e4dc0221f87621d3a2ea7b1536d6c32a08d61c319f836,a6c45d13505d6bb9,20260828,7d4a74a88d2cac93b513c0853bf92c260eaceea0,data/CompEval-00289-of-00413.parquet,1,14,300,259,JPEG,12357
cf_test_external_seen_family_real_bdc6b3ac38509af7,test_external_seen_family/real/cf_test_external_seen_family_real_bdc6b3ac38509af7_54685.png.png,0,test_external_seen_family,community-forensics-eval,real:FFHQ,test,test_external_seen_family,FFHQ,Hourglass,,PixDiff,not_applicable,1c530d16eb580e96f665df5de150012bc3daeb2e483032e89e4af8eb540ccce0,8f8c2f10f33b9ac8,20260828,7d4a74a88d2cac93b513c0853bf92c260eaceea0,data/CompEval-00105-of-00413.parquet,2,7,1024,1024,PNG,1293230
cf_test_external_seen_family_real_be79454c988ed45a,test_external_seen_family/real/cf_test_external_seen_family_real_be79454c988ed45a_000000240453.jpg.jpg,0,test_external_seen_family,community-forensics-eval,real:COCO,test,test_external_seen_family,COCO,DFGAN,,GAN,not_applicable,228cfb3223c763ebf3bac9cfe3107341c8f3d0bb95bb20675244457bc8a3b3b3,99163de1a40f71ad,20260828,7d4a74a88d2cac93b513c0853bf92c260eaceea0,data/CompEval-00353-of-00413.parquet,4,15,640,427,JPEG,46042
cf_test_external_seen_family_real_beb89c5ab48724c5,test_external_seen_family/real/cf_test_external_seen_family_real_beb89c5ab48724c5_000007007.tiff.tiff,0,test_external_seen_family,community-forensics-eval,real:RAISE,test,test_external_seen_family,RAISE,LCM_lora_sdxl,,LatDiff,not_applicable,f41b89223ce4330169fc3962a69333db9264eb71504fe8daab42e0437d0f3558,a659669b25a24977,20260828,7d4a74a88d2cac93b513c0853bf92c260eaceea0,data/CompEval-00375-of-00413.parquet,1,15,4928,3264,TIFF,22527192
cf_test_external_seen_family_real_bed927f6e53914de,test_external_seen_family/real/cf_test_external_seen_family_real_bed927f6e53914de_00009579.jpeg.jpg,0,test_external_seen_family,community-forensics-eval,real:LAION,test,test_external_seen_family,LAION,Dalle2,,Commercial,not_applicable,7c6c5c407135e25ca8cf1217a19e82201f5c494f3b1ef98e4c0db3af3dd14f64,9995e668d00e9d3b,20260828,7d4a74a88d2cac93b513c0853bf92c260eaceea0,data/CompEval-00346-of-00413.parquet,2,12,722,722,JPEG,74669
cf_test_external_seen_family_real_bf3b3c6055b241f0,test_external_seen_family/real/cf_test_external_seen_family_real_bf3b3c6055b241f0_000000048856.jpg.jpg,0,test_external_seen_family,community-forensics-eval,real:COCO,test,test_external_seen_family,COCO,DFGAN,,GAN,not_applicable,f105a9e4ed3b355283364e90b6c9846e6cea7810facc28f5ef557c220b6725c0,df5d3066c538888f,20260828,7d4a74a88d2cac93b513c0853bf92c260eaceea0,data/CompEval-00352-of-00413.parquet,1,14,640,427,JPEG,57637
cf_test_external_seen_family_real_bf71acd803221cc4,test_external_seen_family/real/cf_test_external_seen_family_real_bf71acd803221cc4_35566.png.png,0,test_external_seen_family,community-forensics-eval,real:FFHQ,test,test_external_seen_family,FFHQ,Hourglass,,PixDiff,not_applicable,a52d5e66923d9c8416ee954ab1b9c0d501e22c81c229fe47ee1b4474cb5a95b2,9f063b16237acab1,20260828,7d4a74a88d2cac93b513c0853bf92c260eaceea0,data/CompEval-00105-of-00413.parquet,2,23,1024,1024,PNG,1422885
cf_test_external_seen_family_real_bf84375a10a28c6b,test_external_seen_family/real/cf_test_external_seen_family_real_bf84375a10a28c6b_43094.png.png,0,test_external_seen_family,community-forensics-eval,real:FFHQ,test,test_external_seen_family,FFHQ,Hourglass,,PixDiff,not_applicable,81f4e83d78b6b3a1cdc345b8c37232d6f8828c3cc66132f6999ab226f0786c8b,8b3c7476f523868a,20260828,7d4a74a88d2cac93b513c0853bf92c260eaceea0,data/CompEval-00277-of-00413.parquet,1,11,1024,1024,PNG,1171477
cf_test_external_seen_family_real_bf9e0f20904a74cc,test_external_seen_family/real/cf_test_external_seen_family_real_bf9e0f20904a74cc_000005557.tiff.tiff,0,test_external_seen_family,community-forensics-eval,real:RAISE,test,test_external_seen_family,RAISE,GALIP,,GAN,not_applicable,d9b2fbb6c456d598778c787b09ba2418dcee0918894f10658b1c5e60accf6d13,8080c73fd468a7df,20260828,7d4a74a88d2cac93b513c0853bf92c260eaceea0,data/CompEval-00040-of-00413.parquet,2,23,4928,3264,TIFF,15943528
cf_test_external_seen_family_real_bfd5dbc47a533c7a,test_external_seen_family/real/cf_test_external_seen_family_real_bfd5dbc47a533c7a_000000220.tiff.tiff,0,test_external_seen_family,community-forensics-eval,real:RAISE,test,test_external_seen_family,RAISE,GALIP,,GAN,not_applicable,976738c2a55801536a1b764b969e7e167646fbcb9217845d85a3b1be7bd50ba1,92d5cd2d18c2e727,20260828,7d4a74a88d2cac93b513c0853bf92c260eaceea0,data/CompEval-00269-of-00413.parquet,2,16,3264,4928,TIFF,24549098
cf_test_external_seen_family_real_c005d7c33b23f3eb,test_external_seen_family/real/cf_test_external_seen_family_real_c005d7c33b23f3eb_00047845.jpeg.jpg,0,test_external_seen_family,community-forensics-eval,real:LAION,test,test_external_seen_family,LAION,MidjourneyV6_1,,Commercial,not_applicable,cdecfd94dcebc4ce57c032bf86af468d3ee0e33535b919dcd8ca31b4f955d57e,eac54a1fd0935be0,20260828,7d4a74a88d2cac93b513c0853bf92c260eaceea0,data/CompEval-00011-of-00413.parquet,1,11,480,480,JPEG,22626
cf_test_external_seen_family_real_c047fb6d2e57021f,test_external_seen_family/real/cf_test_external_seen_family_real_c047fb6d2e57021f_00033738.jpeg.jpg,0,test_external_seen_family,community-forensics-eval,real:LAION,test,test_external_seen_family,LAION,MidjourneyV5_2,,Commercial,not_applicable,71515cf595e69ad74c3939b4e8a538c30b1461b5a478972f3b389e48943d2347,a3dc9d23f694c8d0,20260828,7d4a74a88d2cac93b513c0853bf92c260eaceea0,data/CompEval-00367-of-00413.parquet,0,17,960,890,JPEG,62987
cf_test_external_seen_family_real_c0c0955231cc93d0,test_external_seen_family/real/cf_test_external_seen_family_real_c0c0955231cc93d0_13365.png.png,0,test_external_seen_family,community-forensics-eval,real:FFHQ,test,test_external_seen_family,FFHQ,Hourglass,,PixDiff,not_applicable,7981881956ef4a42909198ea8176b49db6d3c1a540b5849a52d54d1cfccc6e21,cd333cf3730800df,20260828,7d4a74a88d2cac93b513c0853bf92c260eaceea0,data/CompEval-00278-of-00413.parquet,0,10,1024,1024,PNG,1238947
cf_test_external_seen_family_real_c0d4021bdcd6016f,test_external_seen_family/real/cf_test_external_seen_family_real_c0d4021bdcd6016f_000002889.tiff.tiff,0,test_external_seen_family,community-forensics-eval,real:RAISE,test,test_external_seen_family,RAISE,DeciDiffusionV2,,LatDiff,not_applicable,902c1ac3f5787acf5aa1912d2dcd25080cc40d72a5d4153cca1fd7c24b317196,c4f0b97c6e079174,20260828,7d4a74a88d2cac93b513c0853bf92c260eaceea0,data/CompEval-00321-of-00413.parquet,1,14,4288,2848,TIFF,17196164
cf_test_external_seen_family_real_c0d84cb3b86cdf7a,test_external_seen_family/real/cf_test_external_seen_family_real_c0d84cb3b86cdf7a_00024519.jpeg.jpg,0,test_external_seen_family,community-forensics-eval,real:LAION,test,test_external_seen_family,LAION,FLUX-schnell,,Commercial,not_applicable,ee6ac910cb4e75a248e467a3a47bef713d07d0ecd8db42b65240539050a7c7c8,98c7268c33d973cc,20260828,7d4a74a88d2cac93b513c0853bf92c260eaceea0,data/CompEval-00189-of-00413.parquet,3,15,668,1420,JPEG,97688
cf_test_external_seen_family_real_c287789da3ba57b0,test_external_seen_family/real/cf_test_external_seen_family_real_c287789da3ba57b0_00047455.jpeg.jpg,0,test_external_seen_family,community-forensics-eval,real:LAION,test,test_external_seen_family,LAION,IdeogramV2,,Commercial,not_applicable,d2ef6f6ae0548d0f3e924dd5402feca53fd2b46e11f54c9606437d8fe3ff0b1a,e9e3169c4aec24b6,20260828,7d4a74a88d2cac93b513c0853bf92c260eaceea0,data/CompEval-00231-of-00413.parquet,4,6,800,800,JPEG,78081
cf_test_external_seen_family_real_c29efc49764193c1,test_external_seen_family/real/cf_test_external_seen_family_real_c29efc49764193c1_000000577445.jpg.jpg,0,test_external_seen_family,community-forensics-eval,real:COCO,test,test_external_seen_family,COCO,DFGAN,,GAN,not_applicable,eed8a81735bab2d04c062fe23747ee746fa140a45be25a2762fbb51520ecf146,d52d6a6b9d94c560,20260828,7d4a74a88d2cac93b513c0853bf92c260eaceea0,data/CompEval-00356-of-00413.parquet,3,16,640,424,JPEG,45303
cf_test_external_seen_family_real_c3435197acce0e73,test_external_seen_family/real/cf_test_external_seen_family_real_c3435197acce0e73_000000286047.jpg.jpg,0,test_external_seen_family,community-forensics-eval,real:COCO,test,test_external_seen_family,COCO,DFGAN,,GAN,not_applicable,4a51beaf6f2362a9b5440d3b66ef9632428582142d3d7ab0688673b1ccb07d6a,f298983672e9c792,20260828,7d4a74a88d2cac93b513c0853bf92c260eaceea0,data/CompEval-00350-of-00413.parquet,3,5,334,640,JPEG,40917
cf_test_external_seen_family_real_c37822eaec6311ce,test_external_seen_family/real/cf_test_external_seen_family_real_c37822eaec6311ce_11138.png.png,0,test_external_seen_family,community-forensics-eval,real:FFHQ,test,test_external_seen_family,FFHQ,Hourglass,,PixDiff,not_applicable,6c90c8a97e9192e8b6eb615562491e480c268aa0f47bbbe2d65499115313fe7f,8d2b7435f4289fc4,20260828,7d4a74a88d2cac93b513c0853bf92c260eaceea0,data/CompEval-00106-of-00413.parquet,4,14,1024,1024,PNG,1320172
cf_test_external_seen_family_real_c390780f184bed50,test_external_seen_family/real/cf_test_external_seen_family_real_c390780f184bed50_000004805.tiff.tiff,0,test_external_seen_family,community-forensics-eval,real:RAISE,test,test_external_seen_family,RAISE,LCM_lora_ssd1b,,LatDiff,not_applicable,3dffc0d3ccdb20bd03195bca913790ce59422faf2967067abe0308e14eb25861,c3ef8c191b929336,20260828,7d4a74a88d2cac93b513c0853bf92c260eaceea0,data/CompEval-00401-of-00413.parquet,2,12,4928,3264,TIFF,25776704
cf_test_external_seen_family_real_c468354c8dbbe4ad,test_external_seen_family/real/cf_test_external_seen_family_real_c468354c8dbbe4ad_000007797.tiff.tiff,0,test_external_seen_family,community-forensics-eval,real:RAISE,test,test_external_seen_family,RAISE,LCM_lora_sdv15,,LatDiff,not_applicable,83863bbfc2eafd8761f0e978fcd86c83b7a98e91b73e24c16c9cab5b52cc91a9,f1bb4c1db3a04c8d,20260828,7d4a74a88d2cac93b513c0853bf92c260eaceea0,data/CompEval-00115-of-00413.parquet,4,20,4928,3264,TIFF,15628590
cf_test_external_seen_family_real_c48fbcf8b6a43143,test_external_seen_family/real/cf_test_external_seen_family_real_c48fbcf8b6a43143_09218.png.png,0,test_external_seen_family,community-forensics-eval,real:FFHQ,test,test_external_seen_family,FFHQ,Hourglass,,PixDiff,not_applicable,cd5bb7aa0e1207e256d42aee6b1094dc9c3702e887dffa9a1ca3bda1ee8d3161,8f257072a38bd6d8,20260828,7d4a74a88d2cac93b513c0853bf92c260eaceea0,data/CompEval-00277-of-00413.parquet,3,11,1024,1024,PNG,1336144
cf_test_external_seen_family_real_c50e5de60ba59495,test_external_seen_family/real/cf_test_external_seen_family_real_c50e5de60ba59495_000000139.tiff.tiff,0,test_external_seen_family,community-forensics-eval,real:RAISE,test,test_external_seen_family,RAISE,GALIP,,GAN,not_applicable,4fa0a0e9f650bb87e9383fd34ed62abebc4654566c84c93c5887a9490f3a04d8,f999e66e8302f262,20260828,7d4a74a88d2cac93b513c0853bf92c260eaceea0,data/CompEval-00045-of-00413.parquet,0,3,2000,3008,TIFF,9734292
cf_test_external_seen_family_real_c58a79391d2c956d,test_external_seen_family/real/cf_test_external_seen_family_real_c58a79391d2c956d_16757.png.png,0,test_external_seen_family,community-forensics-eval,real:FFHQ,test,test_external_seen_family,FFHQ,Hourglass,,PixDiff,not_applicable,7692eeae213e6b1363c623b9f18e51cfb7dd5bf9bafcaf8304693cbdeb9ca6e3,de3861e32dc3189e,20260828,7d4a74a88d2cac93b513c0853bf92c260eaceea0,data/CompEval-00107-of-00413.parquet,3,8,1024,1024,PNG,1185234
cf_test_external_seen_family_real_c6308f4506658c0a,test_external_seen_family/real/cf_test_external_seen_family_real_c6308f4506658c0a_000000054713.jpg.jpg,0,test_external_seen_family,community-forensics-eval,real:COCO,test,test_external_seen_family,COCO,DFGAN,,GAN,not_applicable,2a1eebcea4d8e00008358b2441a8e761af2065305648a208421b71111d4e8a1a,e3d519caf6a141d4,20260828,7d4a74a88d2cac93b513c0853bf92c260eaceea0,data/CompEval-00351-of-00413.parquet,4,22,427,640,JPEG,39402
cf_test_external_seen_family_real_c6de50ce5249b86f,test_external_seen_family/real/cf_test_external_seen_family_real_c6de50ce5249b86f_000000429036.jpg.jpg,0,test_external_seen_family,community-forensics-eval,real:COCO,test,test_external_seen_family,COCO,DFGAN,,GAN,not_applicable,d5eccb4159e655d163f34cd99149b18b9a557bfbc260b60b52c0be902513583e,c533f1e7e2ec8c80,20260828,7d4a74a88d2cac93b513c0853bf92c260eaceea0,data/CompEval-00353-of-00413.parquet,0,3,640,427,JPEG,43409
cf_test_external_seen_family_real_c75dce0c32f6bdcb,test_external_seen_family/real/cf_test_external_seen_family_real_c75dce0c32f6bdcb_00046370.jpeg.jpg,0,test_external_seen_family,community-forensics-eval,real:LAION,test,test_external_seen_family,LAION,Firefly_Image3,,Commercial,not_applicable,f4efa78608d1a5ba48115b43ebda3c5ff91b8387c8754c1b029a4005e70a6106,eb3a941291d98eec,20260828,7d4a74a88d2cac93b513c0853bf92c260eaceea0,data/CompEval-00336-of-00413.parquet,3,2,347,344,JPEG,25136
cf_test_external_seen_family_real_c77d292ec7661558,test_external_seen_family/real/cf_test_external_seen_family_real_c77d292ec7661558_000000322978.jpg.jpg,0,test_external_seen_family,community-forensics-eval,real:COCO,test,test_external_seen_family,COCO,DFGAN,,GAN,not_applicable,c527cdad0985cdfd19901e56a83c4d3f169dbc54977b4fd7beab66c28c68be4c,c262c5f3ce3c096e,20260828,7d4a74a88d2cac93b513c0853bf92c260eaceea0,data/CompEval-00353-of-00413.parquet,2,9,500,283,JPEG,38421
cf_test_external_seen_family_real_c8597a4e4a9ac8e0,test_external_seen_family/real/cf_test_external_seen_family_real_c8597a4e4a9ac8e0_000000166597.jpg.jpg,0,test_external_seen_family,community-forensics-eval,real:COCO,test,test_external_seen_family,COCO,DFGAN,,GAN,not_applicable,1914e3b848ed0d679057ffcabcb6b43da78aa45f619cbfb3e2e555c29e813aeb,a386c6a08179dafe,20260828,7d4a74a88d2cac93b513c0853bf92c260eaceea0,data/CompEval-00357-of-00413.parquet,1,15,640,427,JPEG,28354
cf_test_external_seen_family_real_c88182a603e6c1a0,test_external_seen_family/real/cf_test_external_seen_family_real_c88182a603e6c1a0_18318.png.png,0,test_external_seen_family,community-forensics-eval,real:FFHQ,test,test_external_seen_family,FFHQ,Hourglass,,PixDiff,not_applicable,7889cc450dc47b8cea28164e3b57ef9c82966fcc0808c860974785d272177ece,8b6465c70d1c36db,20260828,7d4a74a88d2cac93b513c0853bf92c260eaceea0,data/CompEval-00107-of-00413.parquet,1,16,1024,1024,PNG,1158843
cf_test_external_seen_family_real_c8f4f439d5df08b5,test_external_seen_family/real/cf_test_external_seen_family_real_c8f4f439d5df08b5_000000073307.jpg.jpg,0,test_external_seen_family,community-forensics-eval,real:COCO,test,test_external_seen_family,COCO,DFGAN,,GAN,not_applicable,b2058b6fc8090edd5dfe26e4bb01014aec79b2cf07ad023bbc28c332ba1cd4e2,ea910f9e09e3708f,20260828,7d4a74a88d2cac93b513c0853bf92c260eaceea0,data/CompEval-00351-of-00413.parquet,4,18,426,640,JPEG,33980
cf_test_external_seen_family_real_c905270b00c0e442,test_external_seen_family/real/cf_test_external_seen_family_real_c905270b00c0e442_000000417695.jpg.jpg,0,test_external_seen_family,community-forensics-eval,real:COCO,test,test_external_seen_family,COCO,DFGAN,,GAN,not_applicable,e8ee2b45e85264b4ea819fdb046dbdac7098abf42fe19b560f9f25197b85a32d,f5d2ea858599989c,20260828,7d4a74a88d2cac93b513c0853bf92c260eaceea0,data/CompEval-00353-of-00413.parquet,4,3,480,640,JPEG,68381
cf_test_external_seen_family_real_c95c0ba22fe23476,test_external_seen_family/real/cf_test_external_seen_family_real_c95c0ba22fe23476_000002703.tiff.tiff,0,test_external_seen_family,community-forensics-eval,real:RAISE,test,test_external_seen_family,RAISE,DeciDiffusionV2,,LatDiff,not_applicable,9e5406ef1488456eb0ca421a53c37b691da3ba182ba7ed54e4c744a6fa568625,91aed9436c38b71a,20260828,7d4a74a88d2cac93b513c0853bf92c260eaceea0,data/CompEval-00325-of-00413.parquet,0,0,4288,2848,TIFF,19535766
cf_test_external_seen_family_real_c9ba62d7ab9fcf3c,test_external_seen_family/real/cf_test_external_seen_family_real_c9ba62d7ab9fcf3c_61241.png.png,0,test_external_seen_family,community-forensics-eval,real:FFHQ,test,test_external_seen_family,FFHQ,Hourglass,,PixDiff,not_applicable,681dca9da4db74c661f4fa34e56bc7e38754ebeadefd13909672fa3e552b8ae7,9ef92b072504e29f,20260828,7d4a74a88d2cac93b513c0853bf92c260eaceea0,data/CompEval-00106-of-00413.parquet,4,17,1024,1024,PNG,1299426
cf_test_external_seen_family_real_ca48dcd406ba15b7,test_external_seen_family/real/cf_test_external_seen_family_real_ca48dcd406ba15b7_00049537.jpeg.jpg,0,test_external_seen_family,community-forensics-eval,real:LAION,test,test_external_seen_family,LAION,Firefly_Image3,,Commercial,not_applicable,68ea379032a8379725216fc61a9ee89576133930ca861a7e067cf9db0f0f4626,d943b31cfc14dc58,20260828,7d4a74a88d2cac93b513c0853bf92c260eaceea0,data/CompEval-00340-of-00413.parquet,3,9,450,320,JPEG,44824
cf_test_external_seen_family_real_ca6289aff03d8d9d,test_external_seen_family/real/cf_test_external_seen_family_real_ca6289aff03d8d9d_000000158992.jpg.jpg,0,test_external_seen_family,community-forensics-eval,real:COCO,test,test_external_seen_family,COCO,DFGAN,,GAN,not_applicable,fca33a5160d6a0bc57238fbacf81234b1cb3527930893fdc136f46114fb0bfa8,de81377849786b92,20260828,7d4a74a88d2cac93b513c0853bf92c260eaceea0,data/CompEval-00353-of-00413.parquet,1,0,640,427,JPEG,50260
cf_test_external_seen_family_real_ca6ec68e587ee79f,test_external_seen_family/real/cf_test_external_seen_family_real_ca6ec68e587ee79f_00021270.jpeg.jpg,0,test_external_seen_family,community-forensics-eval,real:LAION,test,test_external_seen_family,LAION,MidjourneyV5_2,,Commercial,not_applicable,b4b101f054eaa46e4407e6712384ceb9eeed6045e4d9a0c4c23925270668dc6a,83ed291e9364d876,20260828,7d4a74a88d2cac93b513c0853bf92c260eaceea0,data/CompEval-00031-of-00413.parquet,0,3,1200,867,JPEG,66568
cf_test_external_seen_family_real_ca8257e1fcca365a,test_external_seen_family/real/cf_test_external_seen_family_real_ca8257e1fcca365a_000000412921.jpg.jpg,0,test_external_seen_family,community-forensics-eval,real:COCO,test,test_external_seen_family,COCO,DFGAN,,GAN,not_applicable,476110862035a27084bfffb1c6561c274e0c15ce78c54dce6f33058072786f42,a162d1ef0b953cd1,20260828,7d4a74a88d2cac93b513c0853bf92c260eaceea0,data/CompEval-00353-of-00413.parquet,2,12,480,640,JPEG,58318
cf_test_external_seen_family_real_cab275544752cba9,test_external_seen_family/real/cf_test_external_seen_family_real_cab275544752cba9_000007651.tiff.tiff,0,test_external_seen_family,community-forensics-eval,real:RAISE,test,test_external_seen_family,RAISE,kvikontent_midjourney_v6,,LatDiff,not_applicable,006ba93357b64faca875f8af2a10c6b06905d0d41a03584142367cc3891b0548,d3937c242068ecfe,20260828,7d4a74a88d2cac93b513c0853bf92c260eaceea0,data/CompEval-00222-of-00413.parquet,1,8,3264,4928,TIFF,22130106
cf_test_external_seen_family_real_cabd7021c0cca8e7,test_external_seen_family/real/cf_test_external_seen_family_real_cabd7021c0cca8e7_000000180044.jpg.jpg,0,test_external_seen_family,community-forensics-eval,real:COCO,test,test_external_seen_family,COCO,DFGAN,,GAN,not_applicable,9a0028dd5b93465af6dc3d87917562268dbdd50d39d464ef25d3d26a7feba138,9e91669835d991e5,20260828,7d4a74a88d2cac93b513c0853bf92c260eaceea0,data/CompEval-00355-of-00413.parquet,1,10,640,426,JPEG,51308
cf_test_external_seen_family_real_cabe6b33d2359d9c,test_external_seen_family/real/cf_test_external_seen_family_real_cabe6b33d2359d9c_000007581.tiff.tiff,0,test_external_seen_family,community-forensics-eval,real:RAISE,test,test_external_seen_family,RAISE,kvikontent_midjourney_v6,,LatDiff,not_applicable,f9b553f4fcbee9ee936532c5db352a1ca36204b5eec4a865794eec6c0bc4383f,cccc4666147d9b55,20260828,7d4a74a88d2cac93b513c0853bf92c260eaceea0,data/CompEval-00221-of-00413.parquet,4,22,4928,3264,TIFF,29916438
cf_test_external_seen_family_real_cae8ff95330bcf5e,test_external_seen_family/real/cf_test_external_seen_family_real_cae8ff95330bcf5e_00047832.jpeg.jpg,0,test_external_seen_family,community-forensics-eval,real:LAION,test,test_external_seen_family,LAION,MidjourneyV6_1,,Commercial,not_applicable,748da77b000172a06d59fa4b425d668db5f615e05e0361c6a1cd65178f6a1e39,ee078b33b0c4f24e,20260828,7d4a74a88d2cac93b513c0853bf92c260eaceea0,data/CompEval-00015-of-00413.parquet,3,9,600,324,JPEG,48883
cf_test_external_seen_family_real_caf014f205aed450,test_external_seen_family/real/cf_test_external_seen_family_real_caf014f205aed450_20024.png.png,0,test_external_seen_family,community-forensics-eval,real:FFHQ,test,test_external_seen_family,FFHQ,Hourglass,,PixDiff,not_applicable,f58e29a6c424911aa1097917216aaec39c966d72ed800d3d106ea413685e932f,da43a77aa06cd689,20260828,7d4a74a88d2cac93b513c0853bf92c260eaceea0,data/CompEval-00107-of-00413.parquet,3,13,1024,1024,PNG,1154929
cf_test_external_seen_family_real_cb2357a34459af8f,test_external_seen_family/real/cf_test_external_seen_family_real_cb2357a34459af8f_67141.png.png,0,test_external_seen_family,community-forensics-eval,real:FFHQ,test,test_external_seen_family,FFHQ,Hourglass,,PixDiff,not_applicable,509f37d20f10462c2c11116cce7007efaed3c08a4038dd76aa99c532edf24ba0,efa2d4aa82cdca8c,20260828,7d4a74a88d2cac93b513c0853bf92c260eaceea0,data/CompEval-00106-of-00413.parquet,1,18,1024,1024,PNG,1282914
cf_test_external_seen_family_real_cb8326041c1207df,test_external_seen_family/real/cf_test_external_seen_family_real_cb8326041c1207df_00017776.jpeg.jpg,0,test_external_seen_family,community-forensics-eval,real:LAION,test,test_external_seen_family,LAION,Dalle2,,Commercial,not_applicable,31874691422248576c07ea85d1b5e3d561477d2f00985a6223fe2fd826f9d3c9,c651134e592b5c3f,20260828,7d4a74a88d2cac93b513c0853bf92c260eaceea0,data/CompEval-00349-of-00413.parquet,0,10,320,500,JPEG,38690
cf_test_external_seen_family_real_cb97714e43625079,test_external_seen_family/real/cf_test_external_seen_family_real_cb97714e43625079_000007978.tiff.tiff,0,test_external_seen_family,community-forensics-eval,real:RAISE,test,test_external_seen_family,RAISE,DeciDiffusionV2,,LatDiff,not_applicable,dc1813058a8d0b363cd2ce75c1628467049ee35778ccd08378552ccdc03decab,9792723e3891351f,20260828,7d4a74a88d2cac93b513c0853bf92c260eaceea0,data/CompEval-00322-of-00413.parquet,3,19,3264,4928,TIFF,18007184
cf_test_external_seen_family_real_cb97a2cf0fc4b1ac,test_external_seen_family/real/cf_test_external_seen_family_real_cb97a2cf0fc4b1ac_000002159.tiff.tiff,0,test_external_seen_family,community-forensics-eval,real:RAISE,test,test_external_seen_family,RAISE,LCM_lora_sdxl,,LatDiff,not_applicable,4e85067d423a60ce1934b16a5abb02be04f3e90969e17661351f61c62c394dd7,d454547da9292d57,20260828,7d4a74a88d2cac93b513c0853bf92c260eaceea0,data/CompEval-00378-of-00413.parquet,2,17,4288,2848,TIFF,23940500
cf_test_external_seen_family_real_cc0c0d87eaca8e59,test_external_seen_family/real/cf_test_external_seen_family_real_cc0c0d87eaca8e59_28658.png.png,0,test_external_seen_family,community-forensics-eval,real:FFHQ,test,test_external_seen_family,FFHQ,Hourglass,,PixDiff,not_applicable,4a23ace40df7615d01b84dfbc8e287450518fa5bf02aa183c0442d64713071a9,e3bd2674b44386ca,20260828,7d4a74a88d2cac93b513c0853bf92c260eaceea0,data/CompEval-00109-of-00413.parquet,0,2,1024,1024,PNG,1307400
cf_test_external_seen_family_real_cc9cc2469d9c8dbf,test_external_seen_family/real/cf_test_external_seen_family_real_cc9cc2469d9c8dbf_00050338.jpeg.jpg,0,test_external_seen_family,community-forensics-eval,real:LAION,test,test_external_seen_family,LAION,MidjourneyV5_2,,Commercial,not_applicable,394cd20a1d9d5235e400a57481235c198b0af5d9a9d88ab8088721df1e87fb35,ffe18463d298a5b0,20260828,7d4a74a88d2cac93b513c0853bf92c260eaceea0,data/CompEval-00290-of-00413.parquet,2,4,340,420,JPEG,33107
cf_test_external_seen_family_real_cd17225cb0af4bd8,test_external_seen_family/real/cf_test_external_seen_family_real_cd17225cb0af4bd8_00003803.jpeg.jpg,0,test_external_seen_family,community-forensics-eval,real:LAION,test,test_external_seen_family,LAION,MidjourneyV5_2,,Commercial,not_applicable,eee91908a5bc72b806edfc3058620c491cd8103cf332035e231b5fc9061ef6c8,9f289a35a13f604f,20260828,7d4a74a88d2cac93b513c0853bf92c260eaceea0,data/CompEval-00372-of-00413.parquet,1,10,355,577,JPEG,48759
cf_test_external_seen_family_real_cd344e60fee993a9,test_external_seen_family/real/cf_test_external_seen_family_real_cd344e60fee993a9_000000503545.jpg.jpg,0,test_external_seen_family,community-forensics-eval,real:COCO,test,test_external_seen_family,COCO,DFGAN,,GAN,not_applicable,15a236565fe220400eb4f1d144026917a8ae5cf120233121d54c7527a17ea4ff,9926fdf9c3245a88,20260828,7d4a74a88d2cac93b513c0853bf92c260eaceea0,data/CompEval-00350-of-00413.parquet,3,16,640,480,JPEG,66234
cf_test_external_seen_family_real_cdb0377878cbab27,test_external_seen_family/real/cf_test_external_seen_family_real_cdb0377878cbab27_000002412.tiff.tiff,0,test_external_seen_family,community-forensics-eval,real:RAISE,test,test_external_seen_family,RAISE,LCM_lora_ssd1b,,LatDiff,not_applicable,f56c42dbddc470c23991fc250e7712e775a4658a7f012320ae562ed96b9877f5,cf077294e91ce81d,20260828,7d4a74a88d2cac93b513c0853bf92c260eaceea0,data/CompEval-00397-of-00413.parquet,4,1,4928,3264,TIFF,31769330
cf_test_external_seen_family_real_cdc1df6cf55cc114,test_external_seen_family/real/cf_test_external_seen_family_real_cdc1df6cf55cc114_000000453808.jpg.jpg,0,test_external_seen_family,community-forensics-eval,real:COCO,test,test_external_seen_family,COCO,DFGAN,,GAN,not_applicable,f5664b56855a8e0fc8669bebaf17b8fd3c910975d6ec502dc71f80f55a0ebec4,e1f5a6543a5cca92,20260828,7d4a74a88d2cac93b513c0853bf92c260eaceea0,data/CompEval-00350-of-00413.parquet,3,22,640,471,JPEG,43375
cf_test_external_seen_family_real_ce100d3b0274ee8b,test_external_seen_family/real/cf_test_external_seen_family_real_ce100d3b0274ee8b_00049753.jpeg.jpg,0,test_external_seen_family,community-forensics-eval,real:LAION,test,test_external_seen_family,LAION,Firefly_Image3,,Commercial,not_applicable,14215cbe258d128111da352e42b55b496400d781702ec9c293b5cd202ccb94ca,8f1f3ed2022f64e4,20260828,7d4a74a88d2cac93b513c0853bf92c260eaceea0,data/CompEval-00341-of-00413.parquet,1,2,960,720,JPEG,51974
cf_test_external_seen_family_real_ce559cd1e0be2015,test_external_seen_family/real/cf_test_external_seen_family_real_ce559cd1e0be2015_00051646.jpeg.jpg,0,test_external_seen_family,community-forensics-eval,real:LAION,test,test_external_seen_family,LAION,IdeogramV1,,Commercial,not_applicable,61f5abffb35347063fa04895058171fc8aa10a55dae6cb301cc7d83098487313,deb2254d335867e0,20260828,7d4a74a88d2cac93b513c0853bf92c260eaceea0,data/CompEval-00382-of-00413.parquet,1,2,480,360,JPEG,28555
cf_test_external_seen_family_real_ce67fba7627ce197,test_external_seen_family/real/cf_test_external_seen_family_real_ce67fba7627ce197_25149.png.png,0,test_external_seen_family,community-forensics-eval,real:FFHQ,test,test_external_seen_family,FFHQ,Hourglass,,PixDiff,not_applicable,5d4b4b39506f035890be101c4022ec69a3372f0a7a4f8268c113be97a23c6517,d28c4b2eeb2d46cc,20260828,7d4a74a88d2cac93b513c0853bf92c260eaceea0,data/CompEval-00106-of-00413.parquet,3,13,1024,1024,PNG,1247314
cf_test_external_seen_family_real_ce9e46f8584d1130,test_external_seen_family/real/cf_test_external_seen_family_real_ce9e46f8584d1130_000000567381.jpg.jpg,0,test_external_seen_family,community-forensics-eval,real:COCO,test,test_external_seen_family,COCO,DFGAN,,GAN,not_applicable,7dfe64381c20ac900f0826482dc7bcf6568d438af601f655f2c17ea59a9aeb08,d313c6ce1e95cc0b,20260828,7d4a74a88d2cac93b513c0853bf92c260eaceea0,data/CompEval-00355-of-00413.parquet,2,10,428,640,JPEG,49481
cf_test_external_seen_family_real_cef0619ca964436a,test_external_seen_family/real/cf_test_external_seen_family_real_cef0619ca964436a_00050225.jpeg.jpg,0,test_external_seen_family,community-forensics-eval,real:LAION,test,test_external_seen_family,LAION,MidjourneyV5_2,,Commercial,not_applicable,5b68f5a63ec7dcaf96d5fd7c60dccf386d9817434d1186a0c6eadfc0a876f91e,dd0b35ec09337ac4,20260828,7d4a74a88d2cac93b513c0853bf92c260eaceea0,data/CompEval-00291-of-00413.parquet,0,13,260,325,JPEG,17506
cf_test_external_seen_family_real_cf3667cd640b33ed,test_external_seen_family/real/cf_test_external_seen_family_real_cf3667cd640b33ed_000000216833.jpg.jpg,0,test_external_seen_family,community-forensics-eval,real:COCO,test,test_external_seen_family,COCO,DFGAN,,GAN,not_applicable,10bf450def61f197d2b8d1a4e2691692aa10ff6d748c041634d1025793c6f04c,80e30f70b34ffc91,20260828,7d4a74a88d2cac93b513c0853bf92c260eaceea0,data/CompEval-00355-of-00413.parquet,0,1,500,333,JPEG,28901
cf_test_external_seen_family_real_cf7b94d727f2bba2,test_external_seen_family/real/cf_test_external_seen_family_real_cf7b94d727f2bba2_000000300293.jpg.jpg,0,test_external_seen_family,community-forensics-eval,real:COCO,test,test_external_seen_family,COCO,DFGAN,,GAN,not_applicable,8a1d030f2509f08131da54ede58bf1b304549d3bd980ee880635f2fafe927ac4,e59be4265b24da13,20260828,7d4a74a88d2cac93b513c0853bf92c260eaceea0,data/CompEval-00350-of-00413.parquet,0,23,640,426,JPEG,68173
cf_test_external_seen_family_real_cf7fe78a568065ff,test_external_seen_family/real/cf_test_external_seen_family_real_cf7fe78a568065ff_000000073441.jpg.jpg,0,test_external_seen_family,community-forensics-eval,real:COCO,test,test_external_seen_family,COCO,DFGAN,,GAN,not_applicable,40d2efa9cf0fd3a5233ada2594347a7d8deb3491ecd8b1d5d9f82d8cfb8394f3,ddb146ccd02e8f62,20260828,7d4a74a88d2cac93b513c0853bf92c260eaceea0,data/CompEval-00356-of-00413.parquet,2,4,640,480,JPEG,41442
cf_test_external_seen_family_real_cf86c03696cffe3a,test_external_seen_family/real/cf_test_external_seen_family_real_cf86c03696cffe3a_000000367868.jpg.jpg,0,test_external_seen_family,community-forensics-eval,real:COCO,test,test_external_seen_family,COCO,DFGAN,,GAN,not_applicable,b0fa0bc9d504e998c85453fa4b332d6bea5fd8235ba7b6c64bc0c191e4ab8fd2,996675b52573249c,20260828,7d4a74a88d2cac93b513c0853bf92c260eaceea0,data/CompEval-00354-of-00413.parquet,2,15,640,480,JPEG,31655
cf_test_external_seen_family_real_cfc5e6eb3332c0d8,test_external_seen_family/real/cf_test_external_seen_family_real_cfc5e6eb3332c0d8_36534.png.png,0,test_external_seen_family,community-forensics-eval,real:FFHQ,test,test_external_seen_family,FFHQ,Hourglass,,PixDiff,not_applicable,7e7484bbd29d4a00e87e0a5332a9932585f512c53e3c697c93305bdb45671cc9,8fa03896f3dcca8c,20260828,7d4a74a88d2cac93b513c0853bf92c260eaceea0,data/CompEval-00277-of-00413.parquet,3,5,1024,1024,PNG,1618822
cf_test_external_seen_family_real_d00efec50ab97c8c,test_external_seen_family/real/cf_test_external_seen_family_real_d00efec50ab97c8c_000005958.tiff.tiff,0,test_external_seen_family,community-forensics-eval,real:RAISE,test,test_external_seen_family,RAISE,DeciDiffusionV2,,LatDiff,not_applicable,3c94e53945006be34c47b51b329a552ecc6a9dca0e510fd2cad34f83c49f5c41,fdc50327cc4ca6a6,20260828,7d4a74a88d2cac93b513c0853bf92c260eaceea0,data/CompEval-00325-of-00413.parquet,2,17,3264,4928,TIFF,34167088
cf_test_external_seen_family_real_d04974503ea8ba68,test_external_seen_family/real/cf_test_external_seen_family_real_d04974503ea8ba68_000008037.tiff.tiff,0,test_external_seen_family,community-forensics-eval,real:RAISE,test,test_external_seen_family,RAISE,LCM_lora_ssd1b,,LatDiff,not_applicable,45da0c50e15b42e0ce095530e0f86eeda524855fe46a341f87badfb0efa4771c,c4d9b60625db5a96,20260828,7d4a74a88d2cac93b513c0853bf92c260eaceea0,data/CompEval-00198-of-00413.parquet,4,13,4928,3264,TIFF,21383270
cf_test_external_seen_family_real_d05f101ce68eb9e5,test_external_seen_family/real/cf_test_external_seen_family_real_d05f101ce68eb9e5_56225.png.png,0,test_external_seen_family,community-forensics-eval,real:FFHQ,test,test_external_seen_family,FFHQ,Hourglass,,PixDiff,not_applicable,1a3a92c172117f5a2f7c9bafa5cea3b5822223092288bd8c1b3e178f9ebe0c4f,cb303893139f9f1c,20260828,7d4a74a88d2cac93b513c0853bf92c260eaceea0,data/CompEval-00105-of-00413.parquet,3,0,1024,1024,PNG,1185258
cf_test_external_seen_family_real_d0b3ac635bbc46ae,test_external_seen_family/real/cf_test_external_seen_family_real_d0b3ac635bbc46ae_54990.png.png,0,test_external_seen_family,community-forensics-eval,real:FFHQ,test,test_external_seen_family,FFHQ,Hourglass,,PixDiff,not_applicable,da5d254ab3c3f250812dbb265c5fdd905a5c054de8cc1d18623d255f535543ea,8e64b9d0b75b8ec0,20260828,7d4a74a88d2cac93b513c0853bf92c260eaceea0,data/CompEval-00107-of-00413.parquet,1,21,1024,1024,PNG,1531137
cf_test_external_seen_family_real_d0b3cf7771917a99,test_external_seen_family/real/cf_test_external_seen_family_real_d0b3cf7771917a99_000003171.tiff.tiff,0,test_external_seen_family,community-forensics-eval,real:RAISE,test,test_external_seen_family,RAISE,LCM_lora_ssd1b,,LatDiff,not_applicable,1badc9c406fdf3a320c5db28638fa4fd2d378a15814fa29e995a7f17218c841a,85171e222ed77e85,20260828,7d4a74a88d2cac93b513c0853bf92c260eaceea0,data/CompEval-00398-of-00413.parquet,3,3,4288,2848,TIFF,23136822
cf_test_external_seen_family_real_d0e2da4401c5a435,test_external_seen_family/real/cf_test_external_seen_family_real_d0e2da4401c5a435_32403.png.png,0,test_external_seen_family,community-forensics-eval,real:FFHQ,test,test_external_seen_family,FFHQ,Hourglass,,PixDiff,not_applicable,51176dfea179e4dfc5c2fd7d5f46499fd76536a6589ba00668135141f0d60cbe,b4f64ab3f0d0858b,20260828,7d4a74a88d2cac93b513c0853bf92c260eaceea0,data/CompEval-00278-of-00413.parquet,0,4,1024,1024,PNG,1427452
cf_test_external_seen_family_real_d1000fab7bc64138,test_external_seen_family/real/cf_test_external_seen_family_real_d1000fab7bc64138_000000019583.jpg.jpg,0,test_external_seen_family,community-forensics-eval,real:COCO,test,test_external_seen_family,COCO,DFGAN,,GAN,not_applicable,904252c6d27b92588a18d064014852077ac2c6c6339bdefc9b3d93abb7401622,abc7b0cf4426b14b,20260828,7d4a74a88d2cac93b513c0853bf92c260eaceea0,data/CompEval-00352-of-00413.parquet,2,24,640,426,JPEG,34050
cf_test_external_seen_family_real_d175b73b65786d8b,test_external_seen_family/real/cf_test_external_seen_family_real_d175b73b65786d8b_000000536470.jpg.jpg,0,test_external_seen_family,community-forensics-eval,real:COCO,test,test_external_seen_family,COCO,DFGAN,,GAN,not_applicable,528d8ae2cf14d978509b2e6e1965f28384404a7db965c0fbf2875dbf45cbbce7,c3c61cdce1c11de9,20260828,7d4a74a88d2cac93b513c0853bf92c260eaceea0,data/CompEval-00353-of-00413.parquet,5,0,640,429,JPEG,44041
cf_test_external_seen_family_real_d192faf083da8a10,test_external_seen_family/real/cf_test_external_seen_family_real_d192faf083da8a10_000000308428.jpg.jpg,0,test_external_seen_family,community-forensics-eval,real:COCO,test,test_external_seen_family,COCO,DFGAN,,GAN,not_applicable,61a9d509041d109ef37e05e5d14666596c893812370554369180ee6820b49f60,c8c63d0d9732947b,20260828,7d4a74a88d2cac93b513c0853bf92c260eaceea0,data/CompEval-00352-of-00413.parquet,0,9,640,427,JPEG,46552
cf_test_external_seen_family_real_d223c39437cf6029,test_external_seen_family/real/cf_test_external_seen_family_real_d223c39437cf6029_67901.png.png,0,test_external_seen_family,community-forensics-eval,real:FFHQ,test,test_external_seen_family,FFHQ,Hourglass,,PixDiff,not_applicable,ea414fc23a63144131c4be4faefd77b7588179e66d975d6fd92fed24431af5f3,8bb070f26078d3db,20260828,7d4a74a88d2cac93b513c0853bf92c260eaceea0,data/CompEval-00109-of-00413.parquet,4,17,1024,1024,PNG,1422322
cf_test_external_seen_family_real_d25d9eae9f8ac064,test_external_seen_family/real/cf_test_external_seen_family_real_d25d9eae9f8ac064_000002247.tiff.tiff,0,test_external_seen_family,community-forensics-eval,real:RAISE,test,test_external_seen_family,RAISE,DeciDiffusionV2,,LatDiff,not_applicable,4acd4a4ba9d2abe5c7937217d1366a7b7a593ce1f29054fc7555c205637644f1,9c4b46d38dc7da82,20260828,7d4a74a88d2cac93b513c0853bf92c260eaceea0,data/CompEval-00324-of-00413.parquet,3,18,4288,2848,TIFF,25959656
cf_test_external_seen_family_real_d2809c68b11d657f,test_external_seen_family/real/cf_test_external_seen_family_real_d2809c68b11d657f_000007314.tiff.tiff,0,test_external_seen_family,community-forensics-eval,real:RAISE,test,test_external_seen_family,RAISE,LCM_lora_sdxl,,LatDiff,not_applicable,f4fe91181e7347de9b9cc49135fce67788ea4dd24bdc68c39510303840e32eac,b488eb4d536ab9a4,20260828,7d4a74a88d2cac93b513c0853bf92c260eaceea0,data/CompEval-00374-of-00413.parquet,4,17,4928,3264,TIFF,22691710
cf_test_external_seen_family_real_d2ac60ba6c0b01cd,test_external_seen_family/real/cf_test_external_seen_family_real_d2ac60ba6c0b01cd_000000407.tiff.tiff,0,test_external_seen_family,community-forensics-eval,real:RAISE,test,test_external_seen_family,RAISE,LCM_lora_sdxl,,LatDiff,not_applicable,bb42e335deb2c8d3ed07877c64374055a80b17249d3ad82eaf649ba0afafc35e,c7303eeb4593483d,20260828,7d4a74a88d2cac93b513c0853bf92c260eaceea0,data/CompEval-00380-of-00413.parquet,1,6,3264,4928,TIFF,25509166
cf_test_external_seen_family_real_d2cf912caab05370,test_external_seen_family/real/cf_test_external_seen_family_real_d2cf912caab05370_000007073.tiff.tiff,0,test_external_seen_family,community-forensics-eval,real:RAISE,test,test_external_seen_family,RAISE,LCM_lora_sdxl,,LatDiff,not_applicable,abb3c96d7d9de11ab9b7606f379accc643e995fa692a3855c6b1c225fff42793,cdb5822d72c5fe01,20260828,7d4a74a88d2cac93b513c0853bf92c260eaceea0,data/CompEval-00377-of-00413.parquet,2,2,4928,3264,TIFF,21706454
cf_test_external_seen_family_real_d3455a4a0f76df03,test_external_seen_family/real/cf_test_external_seen_family_real_d3455a4a0f76df03_000003211.tiff.tiff,0,test_external_seen_family,community-forensics-eval,real:RAISE,test,test_external_seen_family,RAISE,kvikontent_midjourney_v6,,LatDiff,not_applicable,fa7516489ecc2d602c7b496f65f1a06f21f3e497a3e5da96f97c58bd15ca4179,a5a516f1ad6925a5,20260828,7d4a74a88d2cac93b513c0853bf92c260eaceea0,data/CompEval-00220-of-00413.parquet,4,16,2848,4288,TIFF,21191848
cf_test_external_seen_family_real_d3e6b8e1efe4830d,test_external_seen_family/real/cf_test_external_seen_family_real_d3e6b8e1efe4830d_00004686.jpeg.jpg,0,test_external_seen_family,community-forensics-eval,real:LAION,test,test_external_seen_family,LAION,Firefly_Image3,,Commercial,not_applicable,05090b651157c121305bd0f1d91c145ea313b1c8e78e9c4254bb28fa2451c63d,d8366f61741f9390,20260828,7d4a74a88d2cac93b513c0853bf92c260eaceea0,data/CompEval-00329-of-00413.parquet,4,3,1500,1000,JPEG,167903
cf_test_external_seen_family_real_d3fb6900a57f6e76,test_external_seen_family/real/cf_test_external_seen_family_real_d3fb6900a57f6e76_000000563708.jpg.jpg,0,test_external_seen_family,community-forensics-eval,real:COCO,test,test_external_seen_family,COCO,DFGAN,,GAN,not_applicable,4304b13b213c33baa6cc891e79cd9ba7b4b86ca352a23861b4ec01b1c8cb4151,ddb681ce1cad8358,20260828,7d4a74a88d2cac93b513c0853bf92c260eaceea0,data/CompEval-00351-of-00413.parquet,4,10,640,427,JPEG,28663
cf_test_external_seen_family_real_d409e836b5789b4a,test_external_seen_family/real/cf_test_external_seen_family_real_d409e836b5789b4a_000000526358.jpg.jpg,0,test_external_seen_family,community-forensics-eval,real:COCO,test,test_external_seen_family,COCO,DFGAN,,GAN,not_applicable,0a5b60668ae58652579e018f8b939edbcb574dd6a41c12866794ef9cdb572cf5,c39f3c643492c9d9,20260828,7d4a74a88d2cac93b513c0853bf92c260eaceea0,data/CompEval-00354-of-00413.parquet,2,22,480,640,JPEG,56979
cf_test_external_seen_family_real_d441f18139358a40,test_external_seen_family/real/cf_test_external_seen_family_real_d441f18139358a40_000000469459.jpg.jpg,0,test_external_seen_family,community-forensics-eval,real:COCO,test,test_external_seen_family,COCO,DFGAN,,GAN,not_applicable,e1de35af5b9159302bcfd4ccabffdecba29e462e797209d719eba00e718eeab6,80df8f6d52b0746a,20260828,7d4a74a88d2cac93b513c0853bf92c260eaceea0,data/CompEval-00356-of-00413.parquet,0,0,500,375,JPEG,29918
cf_test_external_seen_family_real_d44261ac09511cf9,test_external_seen_family/real/cf_test_external_seen_family_real_d44261ac09511cf9_000000004336.jpg.jpg,0,test_external_seen_family,community-forensics-eval,real:COCO,test,test_external_seen_family,COCO,DFGAN,,GAN,not_applicable,c775204e436f98b3058ff087b96cec12c7a9ddcd0a875e6bbc501444f207b2b1,d0e3cf1d11762639,20260828,7d4a74a88d2cac93b513c0853bf92c260eaceea0,data/CompEval-00353-of-00413.parquet,1,22,640,425,JPEG,51809
cf_test_external_seen_family_real_d46fd4420647e4a8,test_external_seen_family/real/cf_test_external_seen_family_real_d46fd4420647e4a8_00034484.jpeg.jpg,0,test_external_seen_family,community-forensics-eval,real:LAION,test,test_external_seen_family,LAION,Dalle3,,Commercial,not_applicable,feee75e4c39ff7f6bf91489c49a8bb54432b9747ea74acfd07e1255a8cdbccbf,adc16483e593963e,20260828,7d4a74a88d2cac93b513c0853bf92c260eaceea0,data/CompEval-00103-of-00413.parquet,1,7,343,480,JPEG,40649
cf_test_external_seen_family_real_d4dcb112d71b3a8e,test_external_seen_family/real/cf_test_external_seen_family_real_d4dcb112d71b3a8e_000001145.tiff.tiff,0,test_external_seen_family,community-forensics-eval,real:RAISE,test,test_external_seen_family,RAISE,DeciDiffusionV2,,LatDiff,not_applicable,d691679f8c528a20dbb06348bca1c54935bb1096235cb682ebe670391b91e5c4,d537065a0c747a6b,20260828,7d4a74a88d2cac93b513c0853bf92c260eaceea0,data/CompEval-00315-of-00413.parquet,2,13,4928,3264,TIFF,28803540
cf_test_external_seen_family_real_d53d395a24b4370f,test_external_seen_family/real/cf_test_external_seen_family_real_d53d395a24b4370f_00037316.jpeg.jpg,0,test_external_seen_family,community-forensics-eval,real:LAION,test,test_external_seen_family,LAION,IdeogramV1,,Commercial,not_applicable,167c0406dc2d65ba66cd7d3bb601cc87fd7b847a088ff067ab0508db871b1360,efc468b19bba2017,20260828,7d4a74a88d2cac93b513c0853bf92c260eaceea0,data/CompEval-00383-of-00413.parquet,1,9,320,320,JPEG,26160
cf_test_external_seen_family_real_d5931c45cdadb25c,test_external_seen_family/real/cf_test_external_seen_family_real_d5931c45cdadb25c_00011904.jpeg.jpg,0,test_external_seen_family,community-forensics-eval,real:LAION,test,test_external_seen_family,LAION,Imagen3,,Commercial,not_applicable,812001aa693d84508d2b9f7b3c37b450ac4479d3f2958e8dab78d1a66e48b03b,bac9c1321fc97097,20260828,7d4a74a88d2cac93b513c0853bf92c260eaceea0,data/CompEval-00173-of-00413.parquet,2,22,384,480,JPEG,17273
cf_test_external_seen_family_real_d5986dc657e7780b,test_external_seen_family/real/cf_test_external_seen_family_real_d5986dc657e7780b_000007589.tiff.tiff,0,test_external_seen_family,community-forensics-eval,real:RAISE,test,test_external_seen_family,RAISE,kvikontent_midjourney_v6,,LatDiff,not_applicable,c8c35189afbd21dffcc8576c2b8853b610e06c232125f69696c79c01e539c5ed,949c9a4fc5c5e2e2,20260828,7d4a74a88d2cac93b513c0853bf92c260eaceea0,data/CompEval-00088-of-00413.parquet,0,10,4928,3264,TIFF,11497718
cf_test_external_seen_family_real_d5b2eabada2afc7e,test_external_seen_family/real/cf_test_external_seen_family_real_d5b2eabada2afc7e_000004779.tiff.tiff,0,test_external_seen_family,community-forensics-eval,real:RAISE,test,test_external_seen_family,RAISE,LCM_lora_sdv15,,LatDiff,not_applicable,618458fc491ea529d4534b94af7669d73ae3a9f742d446c68443ce2aa15fd1a6,fc6e30329b69cd81,20260828,7d4a74a88d2cac93b513c0853bf92c260eaceea0,data/CompEval-00119-of-00413.parquet,1,1,4928,3264,TIFF,29140282
cf_test_external_seen_family_real_d5dc3f75c605b454,test_external_seen_family/real/cf_test_external_seen_family_real_d5dc3f75c605b454_00016113.png.png,0,test_external_seen_family,community-forensics-eval,real:LAION,test,test_external_seen_family,LAION,Dalle3,,Commercial,not_applicable,e3249114b942dd39b42c483f858396983c1a7ed4ff13ee71f077573d97c7edec,856a1b72e4b5c18f,20260828,7d4a74a88d2cac93b513c0853bf92c260eaceea0,data/CompEval-00101-of-00413.parquet,1,9,590,300,PNG,103206
cf_test_external_seen_family_real_d65d1d3bab06243a,test_external_seen_family/real/cf_test_external_seen_family_real_d65d1d3bab06243a_000003638.tiff.tiff,0,test_external_seen_family,community-forensics-eval,real:RAISE,test,test_external_seen_family,RAISE,kandinsky_2_2,,LatDiff,not_applicable,28e74b7258127272f8d41df5f20cb34a602a259e621ff9bff0499876915eb3ec,a3cd20725c9b3ce3,20260828,7d4a74a88d2cac93b513c0853bf92c260eaceea0,data/CompEval-00161-of-00413.parquet,2,2,4288,2848,TIFF,16738662
cf_test_external_seen_family_real_d6d06dcc7f266924,test_external_seen_family/real/cf_test_external_seen_family_real_d6d06dcc7f266924_000000383166.jpg.jpg,0,test_external_seen_family,community-forensics-eval,real:COCO,test,test_external_seen_family,COCO,DFGAN,,GAN,not_applicable,c0d7bb83456c49a753609f8d7534bbf8fd736025cab2392f29d8e43535b6ba59,f7879e08a4525e63,20260828,7d4a74a88d2cac93b513c0853bf92c260eaceea0,data/CompEval-00353-of-00413.parquet,1,1,640,427,JPEG,45013
cf_test_external_seen_family_real_d70b15e99b4b0391,test_external_seen_family/real/cf_test_external_seen_family_real_d70b15e99b4b0391_00009481.jpeg.jpg,0,test_external_seen_family,community-forensics-eval,real:LAION,test,test_external_seen_family,LAION,FLUX-schnell,,Commercial,not_applicable,e4f0da74f0c8cbee1aee049fe34bb8f0f4c47c013f8b3c56b82fa9a95bcf800e,949870c8c74eefb1,20260828,7d4a74a88d2cac93b513c0853bf92c260eaceea0,data/CompEval-00188-of-00413.parquet,1,16,475,316,JPEG,22721
cf_test_external_seen_family_real_d72cf63eef25b8b6,test_external_seen_family/real/cf_test_external_seen_family_real_d72cf63eef25b8b6_00046828.jpeg.jpg,0,test_external_seen_family,community-forensics-eval,real:LAION,test,test_external_seen_family,LAION,IdeogramV2,,Commercial,not_applicable,4aff689044ce8fa4312ced4bdf22b65a6b6df9a502b1efbad8386a0c8f493a49,e6308ece9bcc98cc,20260828,7d4a74a88d2cac93b513c0853bf92c260eaceea0,data/CompEval-00232-of-00413.parquet,0,19,300,300,JPEG,5448
cf_test_external_seen_family_real_d74bcd9d5b147330,test_external_seen_family/real/cf_test_external_seen_family_real_d74bcd9d5b147330_000004069.tiff.tiff,0,test_external_seen_family,community-forensics-eval,real:RAISE,test,test_external_seen_family,RAISE,stable_cascade,,Other,not_applicable,fd4e022f55a871f771fad9bf0efb3030d5610ba05980601f9e49911633907d5d,c7d9f80607b074cd,20260828,7d4a74a88d2cac93b513c0853bf92c260eaceea0,data/CompEval-00261-of-00413.parquet,2,11,4928,3264,TIFF,22349086
cf_test_external_seen_family_real_d76e6d4ad98b1bb9,test_external_seen_family/real/cf_test_external_seen_family_real_d76e6d4ad98b1bb9_61100.png.png,0,test_external_seen_family,community-forensics-eval,real:FFHQ,test,test_external_seen_family,FFHQ,Hourglass,,PixDiff,not_applicable,b619b5e6b8369ec4967c8695d8c819e0ef0b4e6cb4158f959ac312616b16b736,95ca526a64dc92dd,20260828,7d4a74a88d2cac93b513c0853bf92c260eaceea0,data/CompEval-00270-of-00413.parquet,4,0,1024,1024,PNG,1536145
cf_test_external_seen_family_real_d78ad5b743dc09fc,test_external_seen_family/real/cf_test_external_seen_family_real_d78ad5b743dc09fc_00016018.jpeg.jpg,0,test_external_seen_family,community-forensics-eval,real:LAION,test,test_external_seen_family,LAION,FLUX-schnell,,Commercial,not_applicable,226d223d6df471acdb0470ff7c4297dec2a00360df283f070502e65cff882a64,b319890e8c33c7e7,20260828,7d4a74a88d2cac93b513c0853bf92c260eaceea0,data/CompEval-00189-of-00413.parquet,0,23,570,760,JPEG,21000
cf_test_external_seen_family_real_d83cafbc71a909fb,test_external_seen_family/real/cf_test_external_seen_family_real_d83cafbc71a909fb_00031943.jpeg.jpg,0,test_external_seen_family,community-forensics-eval,real:LAION,test,test_external_seen_family,LAION,MidjourneyV6_1,,Commercial,not_applicable,6cf32342316324f12c86f4ff79e0e84b5a3e10ad7fe53a6a02c7ea8d5393079b,94d8eb6194c83ed9,20260828,7d4a74a88d2cac93b513c0853bf92c260eaceea0,data/CompEval-00281-of-00413.parquet,3,15,620,349,JPEG,25734
cf_test_external_seen_family_real_d842623cb8bda096,test_external_seen_family/real/cf_test_external_seen_family_real_d842623cb8bda096_26531.png.png,0,test_external_seen_family,community-forensics-eval,real:FFHQ,test,test_external_seen_family,FFHQ,Hourglass,,PixDiff,not_applicable,c59bf9249278b437d2b051dd0055fbabef6ad2d9a9b0323ce504647901c9d60c,de18ea252b719f82,20260828,7d4a74a88d2cac93b513c0853bf92c260eaceea0,data/CompEval-00106-of-00413.parquet,4,0,1024,1024,PNG,1063583
cf_test_external_seen_family_real_d8644be267aa0cc0,test_external_seen_family/real/cf_test_external_seen_family_real_d8644be267aa0cc0_000000448550.jpg.jpg,0,test_external_seen_family,community-forensics-eval,real:COCO,test,test_external_seen_family,COCO,DFGAN,,GAN,not_applicable,525e24ce0088e15562b7502113159e8cae2de21c8518bfb271e27d4b2f048c4d,d296af6b8a682b38,20260828,7d4a74a88d2cac93b513c0853bf92c260eaceea0,data/CompEval-00356-of-00413.parquet,4,17,375,500,JPEG,33424
cf_test_external_seen_family_real_d8c971eed4979133,test_external_seen_family/real/cf_test_external_seen_family_real_d8c971eed4979133_000008011.tiff.tiff,0,test_external_seen_family,community-forensics-eval,real:RAISE,test,test_external_seen_family,RAISE,LCM_lora_ssd1b,,LatDiff,not_applicable,4873b7131cc1d9c0953c24436500f52220d950598f17edaeb7b66b770a73533b,958a4e47c1ba5c6d,20260828,7d4a74a88d2cac93b513c0853bf92c260eaceea0,data/CompEval-00400-of-00413.parquet,3,13,4928,3264,TIFF,21090336
cf_test_external_seen_family_real_d8fbf87a23760a7c,test_external_seen_family/real/cf_test_external_seen_family_real_d8fbf87a23760a7c_00049701.jpeg.jpg,0,test_external_seen_family,community-forensics-eval,real:LAION,test,test_external_seen_family,LAION,MidjourneyV6_1,,Commercial,not_applicable,69377526bb94cc23014395574a7edd60c7231957714be57a47d2f4c4daeda20c,f993876f78243192,20260828,7d4a74a88d2cac93b513c0853bf92c260eaceea0,data/CompEval-00013-of-00413.parquet,4,16,450,357,JPEG,23600
cf_test_external_seen_family_real_d957b4b8a2eeba62,test_external_seen_family/real/cf_test_external_seen_family_real_d957b4b8a2eeba62_02052.png.png,0,test_external_seen_family,community-forensics-eval,real:FFHQ,test,test_external_seen_family,FFHQ,Hourglass,,PixDiff,not_applicable,82b83b5ea797c04c0b7031576dc25960df00dcac425033e7d98f7951864bb2b8,da3c69212569db96,20260828,7d4a74a88d2cac93b513c0853bf92c260eaceea0,data/CompEval-00278-of-00413.parquet,0,22,1024,1024,PNG,1189380
cf_test_external_seen_family_real_d968eb96f7e0774f,test_external_seen_family/real/cf_test_external_seen_family_real_d968eb96f7e0774f_000000069769.jpg.jpg,0,test_external_seen_family,community-forensics-eval,real:COCO,test,test_external_seen_family,COCO,DFGAN,,GAN,not_applicable,bd69635aa603b2b758a77d139043ba66173510eef5311219aa51e09f0f622083,ebe38c51e818c1be,20260828,7d4a74a88d2cac93b513c0853bf92c260eaceea0,data/CompEval-00352-of-00413.parquet,0,15,640,480,JPEG,58218
cf_test_external_seen_family_real_d96aaebbc2d48330,test_external_seen_family/real/cf_test_external_seen_family_real_d96aaebbc2d48330_000000206810.jpg.jpg,0,test_external_seen_family,community-forensics-eval,real:COCO,test,test_external_seen_family,COCO,DFGAN,,GAN,not_applicable,d55ba1c57ef70f6f1aebefe755daf6041f1253e3ab9ac7f8259f997e6aa9e567,fc1c8e613896e5a5,20260828,7d4a74a88d2cac93b513c0853bf92c260eaceea0,data/CompEval-00353-of-00413.parquet,4,20,640,480,JPEG,34142
cf_test_external_seen_family_real_d97996ee9840c14f,test_external_seen_family/real/cf_test_external_seen_family_real_d97996ee9840c14f_00033165.jpeg.jpg,0,test_external_seen_family,community-forensics-eval,real:LAION,test,test_external_seen_family,LAION,MidjourneyV5_2,,Commercial,not_applicable,64045d21b657483b3fa6bd00b9dedff4721d6a5e7c9a606353a370f3800ec18b,ed4be0a587348f94,20260828,7d4a74a88d2cac93b513c0853bf92c260eaceea0,data/CompEval-00366-of-00413.parquet,2,6,1200,1200,JPEG,97854
cf_test_external_seen_family_real_d9c9e1479f5cba12,test_external_seen_family/real/cf_test_external_seen_family_real_d9c9e1479f5cba12_000001267.tiff.tiff,0,test_external_seen_family,community-forensics-eval,real:RAISE,test,test_external_seen_family,RAISE,LCM_lora_ssd1b,,LatDiff,not_applicable,c4e1b4c68fcb2336726ec258a750ffcda96dede10089921cce3dadc8d2dae3be,c72766652ecc0d69,20260828,7d4a74a88d2cac93b513c0853bf92c260eaceea0,data/CompEval-00401-of-00413.parquet,1,7,4928,3264,TIFF,24639886
cf_test_external_seen_family_real_d9d26304cabc6160,test_external_seen_family/real/cf_test_external_seen_family_real_d9d26304cabc6160_00003167.jpeg.jpg,0,test_external_seen_family,community-forensics-eval,real:LAION,test,test_external_seen_family,LAION,Dalle3,,Commercial,not_applicable,1c56475d3a6c122ec327e065f822e72f7edd3a8ba92164e3477d34675f02ea2d,afc7709ed892074a,20260828,7d4a74a88d2cac93b513c0853bf92c260eaceea0,data/CompEval-00226-of-00413.parquet,0,7,863,1222,JPEG,101390
cf_test_external_seen_family_real_da0d8855af022629,test_external_seen_family/real/cf_test_external_seen_family_real_da0d8855af022629_50797.png.png,0,test_external_seen_family,community-forensics-eval,real:FFHQ,test,test_external_seen_family,FFHQ,Hourglass,,PixDiff,not_applicable,515a36d059afd99a5bfe722c9978092ae94e023f23acf5a7619404d85886634f,8d7ca0756020fabf,20260828,7d4a74a88d2cac93b513c0853bf92c260eaceea0,data/CompEval-00105-of-00413.parquet,2,20,1024,1024,PNG,1197086
cf_test_external_seen_family_real_da2ccb1b350409be,test_external_seen_family/real/cf_test_external_seen_family_real_da2ccb1b350409be_25127.png.png,0,test_external_seen_family,community-forensics-eval,real:FFHQ,test,test_external_seen_family,FFHQ,Hourglass,,PixDiff,not_applicable,16d9284a11204e91aa4b40c86c0e68192b58d7ac9326c645c78a2075b4d33a1e,b84ee1e121e59787,20260828,7d4a74a88d2cac93b513c0853bf92c260eaceea0,data/CompEval-00108-of-00413.parquet,0,7,1024,1024,PNG,1190194
cf_test_external_seen_family_real_da6ab4b28dad0f1a,test_external_seen_family/real/cf_test_external_seen_family_real_da6ab4b28dad0f1a_00028806.jpeg.jpg,0,test_external_seen_family,community-forensics-eval,real:LAION,test,test_external_seen_family,LAION,IdeogramV2,,Commercial,not_applicable,20f8b7ca0f3bd852cd7c29b39cd8c45d0654f138db88391d4d743aab21f531ca,d28e6d7192616d9a,20260828,7d4a74a88d2cac93b513c0853bf92c260eaceea0,data/CompEval-00233-of-00413.parquet,4,2,647,474,JPEG,35296
cf_test_external_seen_family_real_da6f4f9c90a0384d,test_external_seen_family/real/cf_test_external_seen_family_real_da6f4f9c90a0384d_00049394.jpeg.jpg,0,test_external_seen_family,community-forensics-eval,real:LAION,test,test_external_seen_family,LAION,Firefly_Image3,,Commercial,not_applicable,ced8ff8aefdbd11dd0caf974a10e936606cd2733a47a2682f229ff4a22432ee1,ea5295adca246b5a,20260828,7d4a74a88d2cac93b513c0853bf92c260eaceea0,data/CompEval-00337-of-00413.parquet,2,16,750,750,JPEG,62826
cf_test_external_seen_family_real_dab8f744dc7db92a,test_external_seen_family/real/cf_test_external_seen_family_real_dab8f744dc7db92a_17861.png.png,0,test_external_seen_family,community-forensics-eval,real:FFHQ,test,test_external_seen_family,FFHQ,Hourglass,,PixDiff,not_applicable,923c7928d105ffe18bcf555f31a6e97cba5853501c71fddb41a28cb0f3c425f3,9c626d8f8e85a38e,20260828,7d4a74a88d2cac93b513c0853bf92c260eaceea0,data/CompEval-00271-of-00413.parquet,3,3,1024,1024,PNG,1360342
cf_test_external_seen_family_real_db0ae470d278df36,test_external_seen_family/real/cf_test_external_seen_family_real_db0ae470d278df36_000000019171.jpg.jpg,0,test_external_seen_family,community-forensics-eval,real:COCO,test,test_external_seen_family,COCO,DFGAN,,GAN,not_applicable,e12f8530e8c775e9553003e6f931d08159df13a1ca56c3bcca13e78a2058cec9,996c6d36ca08f54b,20260828,7d4a74a88d2cac93b513c0853bf92c260eaceea0,data/CompEval-00354-of-00413.parquet,1,14,640,427,JPEG,58924
cf_test_external_seen_family_real_db2459c50f42fefc,test_external_seen_family/real/cf_test_external_seen_family_real_db2459c50f42fefc_000006707.tiff.tiff,0,test_external_seen_family,community-forensics-eval,real:RAISE,test,test_external_seen_family,RAISE,stable_cascade,,Other,not_applicable,b338502bf629121042800699b013bd19e8ff5b97d06290a79e923f8f6823946f,9c9820d63f77a235,20260828,7d4a74a88d2cac93b513c0853bf92c260eaceea0,data/CompEval-00256-of-00413.parquet,3,16,4928,3264,TIFF,27610866
cf_test_external_seen_family_real_db281fffe6ce2e6c,test_external_seen_family/real/cf_test_external_seen_family_real_db281fffe6ce2e6c_00050477.jpeg.jpg,0,test_external_seen_family,community-forensics-eval,real:LAION,test,test_external_seen_family,LAION,MidjourneyV5_2,,Commercial,not_applicable,01ff127e63ee4318917a1e563fe5964039a53e4b147f1139c9931a47b0e9b19f,cb963da1b47ac01d,20260828,7d4a74a88d2cac93b513c0853bf92c260eaceea0,data/CompEval-00291-of-00413.parquet,1,14,640,480,JPEG,29893
cf_test_external_seen_family_real_dba165fcce4fb234,test_external_seen_family/real/cf_test_external_seen_family_real_dba165fcce4fb234_000006206.tiff.tiff,0,test_external_seen_family,community-forensics-eval,real:RAISE,test,test_external_seen_family,RAISE,DeciDiffusionV2,,LatDiff,not_applicable,56a301c6901ea403e4fcb2900cf939630405fdf5ad33dae522467e8cc339abb0,cd5732099f8ac4d9,20260828,7d4a74a88d2cac93b513c0853bf92c260eaceea0,data/CompEval-00316-of-00413.parquet,0,4,4928,3264,TIFF,36774982
cf_test_external_seen_family_real_dbc4eaf2384ff87a,test_external_seen_family/real/cf_test_external_seen_family_real_dbc4eaf2384ff87a_50414.png.png,0,test_external_seen_family,community-forensics-eval,real:FFHQ,test,test_external_seen_family,FFHQ,Hourglass,,PixDiff,not_applicable,8227a1525746a8f3983ac416f05ab259d236f15898497214127d00c717a6812e,a04b3fbc3874a7c2,20260828,7d4a74a88d2cac93b513c0853bf92c260eaceea0,data/CompEval-00271-of-00413.parquet,3,7,1024,1024,PNG,1517101
cf_test_external_seen_family_real_dc066d1ddce874ac,test_external_seen_family/real/cf_test_external_seen_family_real_dc066d1ddce874ac_00028945.png.png,0,test_external_seen_family,community-forensics-eval,real:LAION,test,test_external_seen_family,LAION,IdeogramV2,,Commercial,not_applicable,52cdb0fb9cf0490b8a05ca459784e9869ae84c595cec73536fcda49d7d935337,f3c03d0fe02be895,20260828,7d4a74a88d2cac93b513c0853bf92c260eaceea0,data/CompEval-00233-of-00413.parquet,1,9,1920,1411,PNG,1960964
cf_test_external_seen_family_real_dc56073a5bca9234,test_external_seen_family/real/cf_test_external_seen_family_real_dc56073a5bca9234_000001223.tiff.tiff,0,test_external_seen_family,community-forensics-eval,real:RAISE,test,test_external_seen_family,RAISE,LCM_lora_sdv15,,LatDiff,not_applicable,6c40c8eeee4dd95247e898118caea6300feb631eb18801247fa0cb91343f6e79,d69031e69cf90778,20260828,7d4a74a88d2cac93b513c0853bf92c260eaceea0,data/CompEval-00112-of-00413.parquet,0,15,4928,3264,TIFF,19364336
cf_test_external_seen_family_real_dc61a7835d16ba77,test_external_seen_family/real/cf_test_external_seen_family_real_dc61a7835d16ba77_00011732.jpeg.jpg,0,test_external_seen_family,community-forensics-eval,real:LAION,test,test_external_seen_family,LAION,Imagen3,,Commercial,not_applicable,372826d29d42f2c86ece05523e6148f6653b7fc11d66af9fea8a8ae1fa5ddef7,a805ccf9933c61f3,20260828,7d4a74a88d2cac93b513c0853bf92c260eaceea0,data/CompEval-00172-of-00413.parquet,4,16,270,270,JPEG,17912
cf_test_external_seen_family_real_dcbbc98771746774,test_external_seen_family/real/cf_test_external_seen_family_real_dcbbc98771746774_000000469162.jpg.jpg,0,test_external_seen_family,community-forensics-eval,real:COCO,test,test_external_seen_family,COCO,DFGAN,,GAN,not_applicable,e955e00efdc6091f17a092979731ac717b6559b11d4f86e742388e1bdb040af7,d3950cdac98cb4ec,20260828,7d4a74a88d2cac93b513c0853bf92c260eaceea0,data/CompEval-00357-of-00413.parquet,1,13,640,411,JPEG,66778
cf_test_external_seen_family_real_dd1c1b9d5cc58791,test_external_seen_family/real/cf_test_external_seen_family_real_dd1c1b9d5cc58791_000000153603.jpg.jpg,0,test_external_seen_family,community-forensics-eval,real:COCO,test,test_external_seen_family,COCO,DFGAN,,GAN,not_applicable,65e4d8dc41edcc5f10b08baa3ec083c2a68800a7f3be6a171296fd9cb1542b66,8760fc8787c5b878,20260828,7d4a74a88d2cac93b513c0853bf92c260eaceea0,data/CompEval-00352-of-00413.parquet,3,8,640,479,JPEG,63416
cf_test_external_seen_family_real_dd7b4eb6e98baf55,test_external_seen_family/real/cf_test_external_seen_family_real_dd7b4eb6e98baf55_000001915.tiff.tiff,0,test_external_seen_family,community-forensics-eval,real:RAISE,test,test_external_seen_family,RAISE,DeciDiffusionV2,,LatDiff,not_applicable,f671a17740593d7bef29629327ed07d1210e5b0868170975127ed04a16e60874,f3840c7314f724bd,20260828,7d4a74a88d2cac93b513c0853bf92c260eaceea0,data/CompEval-00322-of-00413.parquet,4,12,2848,4288,TIFF,19139566
cf_test_external_seen_family_real_ddc0c56a5c659d9e,test_external_seen_family/real/cf_test_external_seen_family_real_ddc0c56a5c659d9e_000000037146.jpg.jpg,0,test_external_seen_family,community-forensics-eval,real:COCO,test,test_external_seen_family,COCO,DFGAN,,GAN,not_applicable,40270bf9424888cda9f51bc8afdddaf6fb76cba19cc33bc6be22c2e0d33655c5,9f98e14678313ace,20260828,7d4a74a88d2cac93b513c0853bf92c260eaceea0,data/CompEval-00352-of-00413.parquet,1,16,640,480,JPEG,40983
cf_test_external_seen_family_real_de12c6ace534531b,test_external_seen_family/real/cf_test_external_seen_family_real_de12c6ace534531b_000000258229.jpg.jpg,0,test_external_seen_family,community-forensics-eval,real:COCO,test,test_external_seen_family,COCO,DFGAN,,GAN,not_applicable,fdaddc5032623fb8e46009eb8bc6af4076cf07b429f86ea38853020a079d2aad,eb181636c9f6a459,20260828,7d4a74a88d2cac93b513c0853bf92c260eaceea0,data/CompEval-00353-of-00413.parquet,1,11,500,333,JPEG,25785
cf_test_external_seen_family_real_de485c3ce07b3187,test_external_seen_family/real/cf_test_external_seen_family_real_de485c3ce07b3187_00003843.jpeg.jpg,0,test_external_seen_family,community-forensics-eval,real:LAION,test,test_external_seen_family,LAION,IdeogramV2,,Commercial,not_applicable,595ced651664e4f9e1381b92deac418faff006289fc3daff1dc896a3cb3baa5d,e627d899d937620c,20260828,7d4a74a88d2cac93b513c0853bf92c260eaceea0,data/CompEval-00231-of-00413.parquet,3,6,760,1140,JPEG,50325
cf_test_external_seen_family_real_de839b9dfadbc415,test_external_seen_family/real/cf_test_external_seen_family_real_de839b9dfadbc415_000000207870.jpg.jpg,0,test_external_seen_family,community-forensics-eval,real:COCO,test,test_external_seen_family,COCO,DFGAN,,GAN,not_applicable,4490fe3f1e38c194b5110ceebba8e82338d6248a6a19c31010f50f76d1bbefad,a60ce75348f34b66,20260828,7d4a74a88d2cac93b513c0853bf92c260eaceea0,data/CompEval-00352-of-00413.parquet,3,3,640,628,JPEG,79983
cf_test_external_seen_family_real_debeead2ed3d6879,test_external_seen_family/real/cf_test_external_seen_family_real_debeead2ed3d6879_00011554.jpeg.jpg,0,test_external_seen_family,community-forensics-eval,real:LAION,test,test_external_seen_family,LAION,Imagen3,,Commercial,not_applicable,a31bfc192aea460652d8b5f2e4b206d1751b55f72563e113fb67542b659ca6d7,e7cbca85191c13e5,20260828,7d4a74a88d2cac93b513c0853bf92c260eaceea0,data/CompEval-00309-of-00413.parquet,0,9,300,450,JPEG,22434
cf_test_external_seen_family_real_df5d388403478cab,test_external_seen_family/real/cf_test_external_seen_family_real_df5d388403478cab_00031529.jpeg.jpg,0,test_external_seen_family,community-forensics-eval,real:LAION,test,test_external_seen_family,LAION,MidjourneyV5_2,,Commercial,not_applicable,56e63d5df5fbabc1dc42ea903e65f8296558358e73a25f4f686ee6dd7c7e3ec3,e4c59b76cc99321c,20260828,7d4a74a88d2cac93b513c0853bf92c260eaceea0,data/CompEval-00371-of-00413.parquet,1,3,416,416,JPEG,18293
cf_test_external_seen_family_real_dfc2218b5acd5e48,test_external_seen_family/real/cf_test_external_seen_family_real_dfc2218b5acd5e48_00016235.jpeg.jpg,0,test_external_seen_family,community-forensics-eval,real:LAION,test,test_external_seen_family,LAION,Firefly_Image3,,Commercial,not_applicable,d6f3ab37d0f5f64f1e682495c63847fc04233d75de453da2581e52b95a99b18e,b8c94f706726071f,20260828,7d4a74a88d2cac93b513c0853bf92c260eaceea0,data/CompEval-00204-of-00413.parquet,0,13,480,360,JPEG,35298
cf_test_external_seen_family_real_dfd893f5475f529e,test_external_seen_family/real/cf_test_external_seen_family_real_dfd893f5475f529e_000001752.tiff.tiff,0,test_external_seen_family,community-forensics-eval,real:RAISE,test,test_external_seen_family,RAISE,LCM_lora_sdv15,,LatDiff,not_applicable,95aba2690fd1055dc34cf92a7371897eaf5de021dc46d11b15b13fad8489eaed,a9248fb5ac3fa03a,20260828,7d4a74a88d2cac93b513c0853bf92c260eaceea0,data/CompEval-00118-of-00413.parquet,4,12,4928,3264,TIFF,26087892
cf_test_external_seen_family_real_dfefe5f9a60ee385,test_external_seen_family/real/cf_test_external_seen_family_real_dfefe5f9a60ee385_000000210038.jpg.jpg,0,test_external_seen_family,community-forensics-eval,real:COCO,test,test_external_seen_family,COCO,DFGAN,,GAN,not_applicable,8491139390e51f602fc04b21f7c19d08bf28627ad66395ee5156592a5aee63af,e649d9e68e2318b3,20260828,7d4a74a88d2cac93b513c0853bf92c260eaceea0,data/CompEval-00352-of-00413.parquet,4,10,480,640,JPEG,57713
cf_test_external_seen_family_real_e07cceea88eb0596,test_external_seen_family/real/cf_test_external_seen_family_real_e07cceea88eb0596_000000467871.jpg.jpg,0,test_external_seen_family,community-forensics-eval,real:COCO,test,test_external_seen_family,COCO,DFGAN,,GAN,not_applicable,4316fe43425b25ebcffc608f44357aa967b1d005d4e84e3f07d3968139d4162c,ca3dad6282c8ea97,20260828,7d4a74a88d2cac93b513c0853bf92c260eaceea0,data/CompEval-00349-of-00413.parquet,3,15,640,427,JPEG,67428
cf_test_external_seen_family_real_e08c2d8066e16e8e,test_external_seen_family/real/cf_test_external_seen_family_real_e08c2d8066e16e8e_000000286399.jpg.jpg,0,test_external_seen_family,community-forensics-eval,real:COCO,test,test_external_seen_family,COCO,DFGAN,,GAN,not_applicable,e12dd58be209b0339e899dbd0fdb8c6dc2b19e826e3ce183092ec924ab6408f2,d6a199b799624959,20260828,7d4a74a88d2cac93b513c0853bf92c260eaceea0,data/CompEval-00351-of-00413.parquet,1,2,640,425,JPEG,52451
cf_test_external_seen_family_real_e107e459ef8373c7,test_external_seen_family/real/cf_test_external_seen_family_real_e107e459ef8373c7_000005307.tiff.tiff,0,test_external_seen_family,community-forensics-eval,real:RAISE,test,test_external_seen_family,RAISE,DeciDiffusionV2,,LatDiff,not_applicable,540be6202b261946ac970bf135e8ebf30d1df54a36f98df552470d73cc41ae40,9772847d508fb863,20260828,7d4a74a88d2cac93b513c0853bf92c260eaceea0,data/CompEval-00324-of-00413.parquet,4,14,4928,3264,TIFF,21327114
cf_test_external_seen_family_real_e166feeabf36c3cc,test_external_seen_family/real/cf_test_external_seen_family_real_e166feeabf36c3cc_000000061359.jpg.jpg,0,test_external_seen_family,community-forensics-eval,real:COCO,test,test_external_seen_family,COCO,DFGAN,,GAN,not_applicable,dae024ca0d28a582c9d9f953c37c997b762395185b594daefd6d791c2b8282f1,c478a8e137ee4267,20260828,7d4a74a88d2cac93b513c0853bf92c260eaceea0,data/CompEval-00353-of-00413.parquet,3,22,640,427,JPEG,67521
cf_test_external_seen_family_real_e1a648f4cd82572c,test_external_seen_family/real/cf_test_external_seen_family_real_e1a648f4cd82572c_000004275.tiff.tiff,0,test_external_seen_family,community-forensics-eval,real:RAISE,test,test_external_seen_family,RAISE,LCM_lora_ssd1b,,LatDiff,not_applicable,86a3b361a54d3fc433b8005fe96a9ae58688544db0ca23abe6846e63272107f4,e764eb810c7cd0f4,20260828,7d4a74a88d2cac93b513c0853bf92c260eaceea0,data/CompEval-00403-of-00413.parquet,2,22,3264,4928,TIFF,25834500
cf_test_external_seen_family_real_e1c1f7ff21d22595,test_external_seen_family/real/cf_test_external_seen_family_real_e1c1f7ff21d22595_00022846.jpeg.jpg,0,test_external_seen_family,community-forensics-eval,real:LAION,test,test_external_seen_family,LAION,Firefly_Image2,,Commercial,not_applicable,2c87a0a12869abe67850f932a8b9f2c3774ccb6fc46da8879b2dfe772ba4888e,aaf505361ae94dc5,20260828,7d4a74a88d2cac93b513c0853bf92c260eaceea0,data/CompEval-00034-of-00413.parquet,3,20,420,492,JPEG,25366
cf_test_external_seen_family_real_e2140c4c7daecac5,test_external_seen_family/real/cf_test_external_seen_family_real_e2140c4c7daecac5_40066.png.png,0,test_external_seen_family,community-forensics-eval,real:FFHQ,test,test_external_seen_family,FFHQ,Hourglass,,PixDiff,not_applicable,ee8b0dd49cb70bc01dfd03493b49fd48605e8858c8937e8b6f32cc198244fe73,852d3d66e9558e98,20260828,7d4a74a88d2cac93b513c0853bf92c260eaceea0,data/CompEval-00108-of-00413.parquet,2,12,1024,1024,PNG,1306094
cf_test_external_seen_family_real_e289ae7e04cc969f,test_external_seen_family/real/cf_test_external_seen_family_real_e289ae7e04cc969f_000000699.tiff.tiff,0,test_external_seen_family,community-forensics-eval,real:RAISE,test,test_external_seen_family,RAISE,GALIP,,GAN,not_applicable,b7c635c1227521e6c574a4b255d1ffb9c3522f9c57840990c494322b99e92479,a10ec6a7b6d865d8,20260828,7d4a74a88d2cac93b513c0853bf92c260eaceea0,data/CompEval-00045-of-00413.parquet,2,0,3264,4928,TIFF,18812264
cf_test_external_seen_family_real_e39e63f1f2ba25d1,test_external_seen_family/real/cf_test_external_seen_family_real_e39e63f1f2ba25d1_29745.png.png,0,test_external_seen_family,community-forensics-eval,real:FFHQ,test,test_external_seen_family,FFHQ,Hourglass,,PixDiff,not_applicable,f03cda38eec7ba61c2c029aae621a53d5a346ec2526ad9e2c4967b0477a193ea,90e73f5aa10517dc,20260828,7d4a74a88d2cac93b513c0853bf92c260eaceea0,data/CompEval-00110-of-00413.parquet,0,23,1024,1024,PNG,1333599
cf_test_external_seen_family_real_e3c75f1bf4717ee5,test_external_seen_family/real/cf_test_external_seen_family_real_e3c75f1bf4717ee5_000008133.tiff.tiff,0,test_external_seen_family,community-forensics-eval,real:RAISE,test,test_external_seen_family,RAISE,LCM_lora_sdxl,,LatDiff,not_applicable,0341a50fa7fda1ff206a6fcd1ca347ae913fe05e6fce806a67d2e423de683d0d,f5ee06c3401bd939,20260828,7d4a74a88d2cac93b513c0853bf92c260eaceea0,data/CompEval-00374-of-00413.parquet,2,15,4928,3264,TIFF,33920998
cf_test_external_seen_family_real_e3d07685dae582b4,test_external_seen_family/real/cf_test_external_seen_family_real_e3d07685dae582b4_000000449785.jpg.jpg,0,test_external_seen_family,community-forensics-eval,real:COCO,test,test_external_seen_family,COCO,DFGAN,,GAN,not_applicable,6843344bd78c46345a16e8983aef49057e1f30d2c4885f253b1e16e3c5affecf,f497c30df8360768,20260828,7d4a74a88d2cac93b513c0853bf92c260eaceea0,data/CompEval-00352-of-00413.parquet,3,19,640,426,JPEG,52013
cf_test_external_seen_family_real_e3e25250353bf5f4,test_external_seen_family/real/cf_test_external_seen_family_real_e3e25250353bf5f4_28691.png.png,0,test_external_seen_family,community-forensics-eval,real:FFHQ,test,test_external_seen_family,FFHQ,Hourglass,,PixDiff,not_applicable,091481e7dd24614a0da8243f392c671fdd489d67ee0dab08760cb5c9f25feaee,9a716114872dce7b,20260828,7d4a74a88d2cac93b513c0853bf92c260eaceea0,data/CompEval-00271-of-00413.parquet,2,5,1024,1024,PNG,1707310
cf_test_external_seen_family_real_e40e152f6e68c6d2,test_external_seen_family/real/cf_test_external_seen_family_real_e40e152f6e68c6d2_42482.png.png,0,test_external_seen_family,community-forensics-eval,real:FFHQ,test,test_external_seen_family,FFHQ,Hourglass,,PixDiff,not_applicable,d5cdad3fb11cbe7e9af897e2bc2e062c3081e26c3ec2be3acc87e454a748f980,aff4c093a19b838b,20260828,7d4a74a88d2cac93b513c0853bf92c260eaceea0,data/CompEval-00109-of-00413.parquet,0,11,1024,1024,PNG,1421393
cf_test_external_seen_family_real_e4a6ede3984d8d0e,test_external_seen_family/real/cf_test_external_seen_family_real_e4a6ede3984d8d0e_000000419451.jpg.jpg,0,test_external_seen_family,community-forensics-eval,real:COCO,test,test_external_seen_family,COCO,DFGAN,,GAN,not_applicable,aae66008a860590a525fbc346bf7c83c6d6d3d8914d3a08ef1e4b584e3d53917,fc9fc8c4e131988d,20260828,7d4a74a88d2cac93b513c0853bf92c260eaceea0,data/CompEval-00349-of-00413.parquet,3,13,640,478,JPEG,34409
cf_test_external_seen_family_real_e4aac8b7cff4c327,test_external_seen_family/real/cf_test_external_seen_family_real_e4aac8b7cff4c327_000005682.tiff.tiff,0,test_external_seen_family,community-forensics-eval,real:RAISE,test,test_external_seen_family,RAISE,kvikontent_midjourney_v6,,LatDiff,not_applicable,a229c4f7f582879013cf41f4b0a491b8584480775435366d49ae14aa60bec3db,c1fe80b28ba784af,20260828,7d4a74a88d2cac93b513c0853bf92c260eaceea0,data/CompEval-00089-of-00413.parquet,0,2,4928,3264,TIFF,21383850
cf_test_external_seen_family_real_e4cde3218e99434e,test_external_seen_family/real/cf_test_external_seen_family_real_e4cde3218e99434e_000000486916.jpg.jpg,0,test_external_seen_family,community-forensics-eval,real:COCO,test,test_external_seen_family,COCO,DFGAN,,GAN,not_applicable,952f6872e8e47a3685cd099028c7d9caa0bfbe9a22b237b8feb8e8bdf1b4c73a,b9b564cf84c11f8c,20260828,7d4a74a88d2cac93b513c0853bf92c260eaceea0,data/CompEval-00350-of-00413.parquet,3,15,421,640,JPEG,56899
cf_test_external_seen_family_real_e56814f19de93dd3,test_external_seen_family/real/cf_test_external_seen_family_real_e56814f19de93dd3_000003563.tiff.tiff,0,test_external_seen_family,community-forensics-eval,real:RAISE,test,test_external_seen_family,RAISE,LCM_lora_ssd1b,,LatDiff,not_applicable,43347084482270cfa4cad84863e8a0865ca4194f8c9313f545b419010e559c7f,8d9950a57656753a,20260828,7d4a74a88d2cac93b513c0853bf92c260eaceea0,data/CompEval-00403-of-00413.parquet,4,8,4288,2848,TIFF,20749770
cf_test_external_seen_family_real_e5a9e6c936c29721,test_external_seen_family/real/cf_test_external_seen_family_real_e5a9e6c936c29721_000003398.tiff.tiff,0,test_external_seen_family,community-forensics-eval,real:RAISE,test,test_external_seen_family,RAISE,DeciDiffusionV2,,LatDiff,not_applicable,e9fd595b60e3c494abb474a9d0b40db4294ab07e97f64bce832bc9b0d5de4065,b3c0daa6d9bd0c32,20260828,7d4a74a88d2cac93b513c0853bf92c260eaceea0,data/CompEval-00324-of-00413.parquet,1,5,2848,4288,TIFF,23595186
cf_test_external_seen_family_real_e6116b788dffccd2,test_external_seen_family/real/cf_test_external_seen_family_real_e6116b788dffccd2_00016307.jpeg.jpg,0,test_external_seen_family,community-forensics-eval,real:LAION,test,test_external_seen_family,LAION,Firefly_Image3,,Commercial,not_applicable,c3f27b61603ce89de4e4ebff717d458ac92f58bc89d956d8f92fcb9180e736a6,823e83843f3b9f98,20260828,7d4a74a88d2cac93b513c0853bf92c260eaceea0,data/CompEval-00338-of-00413.parquet,4,13,960,720,JPEG,55210
cf_test_external_seen_family_real_e62ae454793823d1,test_external_seen_family/real/cf_test_external_seen_family_real_e62ae454793823d1_000006119.tiff.tiff,0,test_external_seen_family,community-forensics-eval,real:RAISE,test,test_external_seen_family,RAISE,LCM_lora_sdv15,,LatDiff,not_applicable,0ed927997bb70259ef6a8eef1e4b5c0d9ce4f7926a9eff6cca840a80f125648f,aaf4db058572d18d,20260828,7d4a74a88d2cac93b513c0853bf92c260eaceea0,data/CompEval-00118-of-00413.parquet,3,20,3264,4928,TIFF,20554808
cf_test_external_seen_family_real_e63a36f414c2bbd7,test_external_seen_family/real/cf_test_external_seen_family_real_e63a36f414c2bbd7_18300.png.png,0,test_external_seen_family,community-forensics-eval,real:FFHQ,test,test_external_seen_family,FFHQ,Hourglass,,PixDiff,not_applicable,ba4112465496a03094b2510169a849c4f367f379d99d984cc66620d8601ec425,cb3b3c34343436d6,20260828,7d4a74a88d2cac93b513c0853bf92c260eaceea0,data/CompEval-00106-of-00413.parquet,4,10,1024,1024,PNG,1490578
cf_test_external_seen_family_real_e6ca1bf85222d858,test_external_seen_family/real/cf_test_external_seen_family_real_e6ca1bf85222d858_14938.png.png,0,test_external_seen_family,community-forensics-eval,real:FFHQ,test,test_external_seen_family,FFHQ,Hourglass,,PixDiff,not_applicable,479f910743350cd3cd37c7cbbabbea229dfd5d24e4e636a74a7dd662b10f7158,d8eb21c6b54c83da,20260828,7d4a74a88d2cac93b513c0853bf92c260eaceea0,data/CompEval-00108-of-00413.parquet,2,9,1024,1024,PNG,1256524
cf_test_external_seen_family_real_e70399fdb7a2fe74,test_external_seen_family/real/cf_test_external_seen_family_real_e70399fdb7a2fe74_000007856.tiff.tiff,0,test_external_seen_family,community-forensics-eval,real:RAISE,test,test_external_seen_family,RAISE,kandinsky_2_2,,LatDiff,not_applicable,99afce8ed106a031712e4e61363de922e44edb60c56846f91d2d503b4bf218de,97dce3c8e2e0c866,20260828,7d4a74a88d2cac93b513c0853bf92c260eaceea0,data/CompEval-00165-of-00413.parquet,3,0,4928,3264,TIFF,25981450
cf_test_external_seen_family_real_e7324ba1867b8822,test_external_seen_family/real/cf_test_external_seen_family_real_e7324ba1867b8822_000003285.tiff.tiff,0,test_external_seen_family,community-forensics-eval,real:RAISE,test,test_external_seen_family,RAISE,GALIP,,GAN,not_applicable,406098ff74786b32f74e9987c24c47f5b17728747144d65dec3e8f3810c15631,cfd22dd04f502dd8,20260828,7d4a74a88d2cac93b513c0853bf92c260eaceea0,data/CompEval-00040-of-00413.parquet,4,1,2848,4288,TIFF,24938760
cf_test_external_seen_family_real_e7447c7d2a6b028e,test_external_seen_family/real/cf_test_external_seen_family_real_e7447c7d2a6b028e_42528.png.png,0,test_external_seen_family,community-forensics-eval,real:FFHQ,test,test_external_seen_family,FFHQ,Hourglass,,PixDiff,not_applicable,4bebe749fc3d20c48ec818ab0bab07cc2ffe3b6cd7ffb33f40932f409c5b4aa7,99bc939029717f92,20260828,7d4a74a88d2cac93b513c0853bf92c260eaceea0,data/CompEval-00109-of-00413.parquet,1,5,1024,1024,PNG,1508583
cf_test_external_seen_family_real_e75fdb41238cad4e,test_external_seen_family/real/cf_test_external_seen_family_real_e75fdb41238cad4e_00021609.jpeg.jpg,0,test_external_seen_family,community-forensics-eval,real:LAION,test,test_external_seen_family,LAION,MidjourneyV5_2,,Commercial,not_applicable,55ff1d802a166e9aaa670918d0ad0e649d082f6a164c83767c68e9222871c85e,ec93c96d13e43239,20260828,7d4a74a88d2cac93b513c0853bf92c260eaceea0,data/CompEval-00031-of-00413.parquet,1,2,267,400,JPEG,20782
cf_test_external_seen_family_real_e76c283263c6f0ca,test_external_seen_family/real/cf_test_external_seen_family_real_e76c283263c6f0ca_000000215329.jpg.jpg,0,test_external_seen_family,community-forensics-eval,real:COCO,test,test_external_seen_family,COCO,DFGAN,,GAN,not_applicable,8c8feb4691ee0c6692f6e91492577e67b865102ffbd09c3c1b314cf69a860278,af89d0ce8c712735,20260828,7d4a74a88d2cac93b513c0853bf92c260eaceea0,data/CompEval-00352-of-00413.parquet,1,12,600,298,JPEG,32046
cf_test_external_seen_family_real_e7aded1ea1bab712,test_external_seen_family/real/cf_test_external_seen_family_real_e7aded1ea1bab712_000007081.tiff.tiff,0,test_external_seen_family,community-forensics-eval,real:RAISE,test,test_external_seen_family,RAISE,LCM_lora_ssd1b,,LatDiff,not_applicable,41a4167a4b26a2cb7f5af1d1583ac7e649f34b7e90cad73122324ab287cef73b,d587580f3cd42a6d,20260828,7d4a74a88d2cac93b513c0853bf92c260eaceea0,data/CompEval-00397-of-00413.parquet,4,6,4928,3264,TIFF,19333444
cf_test_external_seen_family_real_e83424590254f3f9,test_external_seen_family/real/cf_test_external_seen_family_real_e83424590254f3f9_00033710.jpeg.jpg,0,test_external_seen_family,community-forensics-eval,real:LAION,test,test_external_seen_family,LAION,MidjourneyV5_2,,Commercial,not_applicable,6f776cb5b1a062f0b559e5d9ef903f63aeb5253e8c8fb715607b7d63bda514dc,b6c3c32c3cc3c33c,20260828,7d4a74a88d2cac93b513c0853bf92c260eaceea0,data/CompEval-00366-of-00413.parquet,4,14,440,570,JPEG,14487
cf_test_external_seen_family_real_e8474a83bdf2bff4,test_external_seen_family/real/cf_test_external_seen_family_real_e8474a83bdf2bff4_000006069.tiff.tiff,0,test_external_seen_family,community-forensics-eval,real:RAISE,test,test_external_seen_family,RAISE,kvikontent_midjourney_v6,,LatDiff,not_applicable,2f3cf8ffffe4ed5c4d7a2b7e6c67a73e05e84390b2ab39e883c99ed3095589fb,bfe59462c91a68d1,20260828,7d4a74a88d2cac93b513c0853bf92c260eaceea0,data/CompEval-00222-of-00413.parquet,1,16,4928,3264,TIFF,21668956
cf_test_external_seen_family_real_e88463152adc84d3,test_external_seen_family/real/cf_test_external_seen_family_real_e88463152adc84d3_000000214940.jpg.jpg,0,test_external_seen_family,community-forensics-eval,real:COCO,test,test_external_seen_family,COCO,DFGAN,,GAN,not_applicable,fdc47bf7623fa4939eda4ef154523bca1576ac5d27276d5cdc0b810fb476b24d,b5342584687c5d5f,20260828,7d4a74a88d2cac93b513c0853bf92c260eaceea0,data/CompEval-00351-of-00413.parquet,4,9,640,640,JPEG,102215
cf_test_external_seen_family_real_e8b07f220570a910,test_external_seen_family/real/cf_test_external_seen_family_real_e8b07f220570a910_000000532281.jpg.jpg,0,test_external_seen_family,community-forensics-eval,real:COCO,test,test_external_seen_family,COCO,DFGAN,,GAN,not_applicable,ab7a89aacdd97ab7686a223826cdc0099ff9e3a0e248e25ab958fc49d73d2323,f8077f91f08e310e,20260828,7d4a74a88d2cac93b513c0853bf92c260eaceea0,data/CompEval-00353-of-00413.parquet,0,13,640,563,JPEG,42178
cf_test_external_seen_family_real_e9307b69260df276,test_external_seen_family/real/cf_test_external_seen_family_real_e9307b69260df276_000000463586.jpg.jpg,0,test_external_seen_family,community-forensics-eval,real:COCO,test,test_external_seen_family,COCO,DFGAN,,GAN,not_applicable,98a14c6e7275a6d0419bb3f4ead856e043a6c54097df7fc4060cd635b151f83a,f4e405b74487675c,20260828,7d4a74a88d2cac93b513c0853bf92c260eaceea0,data/CompEval-00349-of-00413.parquet,3,19,426,640,JPEG,87869
cf_test_external_seen_family_real_e975d8209a26486e,test_external_seen_family/real/cf_test_external_seen_family_real_e975d8209a26486e_36092.png.png,0,test_external_seen_family,community-forensics-eval,real:FFHQ,test,test_external_seen_family,FFHQ,Hourglass,,PixDiff,not_applicable,8278b38ce918ac0b4ca2aff0ff49d02f1750ed451a1961573431458ae12daae6,98af69d4253907da,20260828,7d4a74a88d2cac93b513c0853bf92c260eaceea0,data/CompEval-00107-of-00413.parquet,3,24,1024,1024,PNG,1507896
cf_test_external_seen_family_real_e992ac792aa62322,test_external_seen_family/real/cf_test_external_seen_family_real_e992ac792aa62322_00022137.jpeg.jpg,0,test_external_seen_family,community-forensics-eval,real:LAION,test,test_external_seen_family,LAION,Firefly_Image2,,Commercial,not_applicable,303e18a55774dfa59aa83b4b3173e86701adb86bf9481e449d800b2755a5fe09,f9a3ce8dcc12a50d,20260828,7d4a74a88d2cac93b513c0853bf92c260eaceea0,data/CompEval-00034-of-00413.parquet,1,14,337,450,JPEG,32616
cf_test_external_seen_family_real_e99fb70564f72db7,test_external_seen_family/real/cf_test_external_seen_family_real_e99fb70564f72db7_69386.png.png,0,test_external_seen_family,community-forensics-eval,real:FFHQ,test,test_external_seen_family,FFHQ,Hourglass,,PixDiff,not_applicable,cb0e030e77937f5c70d7ea25e2b23090e088c514a34178913ec5191274f944fa,fd9bc034ca34c4ea,20260828,7d4a74a88d2cac93b513c0853bf92c260eaceea0,data/CompEval-00106-of-00413.parquet,2,21,1024,1024,PNG,1345119
cf_test_external_seen_family_real_e9e07d30b4d7a3b3,test_external_seen_family/real/cf_test_external_seen_family_real_e9e07d30b4d7a3b3_00016624.jpeg.jpg,0,test_external_seen_family,community-forensics-eval,real:LAION,test,test_external_seen_family,LAION,Firefly_Image3,,Commercial,not_applicable,399de4a7ccf099767f65c55678fb4042c4fa5e3e990a13024cc3a2e4cf648c9e,d2a4a3b4a1838e7f,20260828,7d4a74a88d2cac93b513c0853bf92c260eaceea0,data/CompEval-00203-of-00413.parquet,3,20,345,378,JPEG,34872
cf_test_external_seen_family_real_ea2b00b5f22b640b,test_external_seen_family/real/cf_test_external_seen_family_real_ea2b00b5f22b640b_06494.png.png,0,test_external_seen_family,community-forensics-eval,real:FFHQ,test,test_external_seen_family,FFHQ,Hourglass,,PixDiff,not_applicable,eeb655bfa0f5bf2e393de63db3437b879978aab38dba8f4a11d26dc2eaad506e,e1e5eea4ae8016dc,20260828,7d4a74a88d2cac93b513c0853bf92c260eaceea0,data/CompEval-00106-of-00413.parquet,2,13,1024,1024,PNG,1330530
cf_test_external_seen_family_real_ea30414031df09e8,test_external_seen_family/real/cf_test_external_seen_family_real_ea30414031df09e8_00030770.jpeg.jpg,0,test_external_seen_family,community-forensics-eval,real:LAION,test,test_external_seen_family,LAION,MidjourneyV6_1,,Commercial,not_applicable,c0d05afaff056ef98195273e0a7f2205cf680deefe5cd85e60f693a79f626f6d,9913e74de406e46d,20260828,7d4a74a88d2cac93b513c0853bf92c260eaceea0,data/CompEval-00013-of-00413.parquet,4,1,450,380,JPEG,15296
cf_test_external_seen_family_real_ea84683520801364,test_external_seen_family/real/cf_test_external_seen_family_real_ea84683520801364_53959.png.png,0,test_external_seen_family,community-forensics-eval,real:FFHQ,test,test_external_seen_family,FFHQ,Hourglass,,PixDiff,not_applicable,4b11defcafd63491b1894027617ea776a0d1ec0645bf8553f953a86978f2c1af,fcad70b290ca8eca,20260828,7d4a74a88d2cac93b513c0853bf92c260eaceea0,data/CompEval-00108-of-00413.parquet,0,16,1024,1024,PNG,1480313
cf_test_external_seen_family_real_eab875a2bd55d6ad,test_external_seen_family/real/cf_test_external_seen_family_real_eab875a2bd55d6ad_07771.png.png,0,test_external_seen_family,community-forensics-eval,real:FFHQ,test,test_external_seen_family,FFHQ,Hourglass,,PixDiff,not_applicable,413e1bdfcaa0e55c20237d9ebdbb0ef3654553fe804ecd3493909de5b465ff3a,d4753c4be1688796,20260828,7d4a74a88d2cac93b513c0853bf92c260eaceea0,data/CompEval-00277-of-00413.parquet,0,19,1024,1024,PNG,1189327
cf_test_external_seen_family_real_eb03d1edd8f74e18,test_external_seen_family/real/cf_test_external_seen_family_real_eb03d1edd8f74e18_51766.png.png,0,test_external_seen_family,community-forensics-eval,real:FFHQ,test,test_external_seen_family,FFHQ,Hourglass,,PixDiff,not_applicable,b416b09e7642ab09272ce4583affe1c6399f902a1d93dff35c7bd6ea1344f009,98077925d471dacb,20260828,7d4a74a88d2cac93b513c0853bf92c260eaceea0,data/CompEval-00271-of-00413.parquet,0,18,1024,1024,PNG,1457298
cf_test_external_seen_family_real_eb2fafb5d92db653,test_external_seen_family/real/cf_test_external_seen_family_real_eb2fafb5d92db653_51307.png.png,0,test_external_seen_family,community-forensics-eval,real:FFHQ,test,test_external_seen_family,FFHQ,Hourglass,,PixDiff,not_applicable,45c594fd8fb9549d13d8d100d7ad6095d705a4094663c2c9a19f26e2e4ef898f,95686bb5841e9c9d,20260828,7d4a74a88d2cac93b513c0853bf92c260eaceea0,data/CompEval-00105-of-00413.parquet,2,14,1024,1024,PNG,1231034
cf_test_external_seen_family_real_eb557f9e89de5f90,test_external_seen_family/real/cf_test_external_seen_family_real_eb557f9e89de5f90_000000449495.jpg.jpg,0,test_external_seen_family,community-forensics-eval,real:COCO,test,test_external_seen_family,COCO,DFGAN,,GAN,not_applicable,36ba9c625ead830f19331729679039060536ceb4ed7cf6f221d2c32ee0d31a5e,bec1c3407f3fd048,20260828,7d4a74a88d2cac93b513c0853bf92c260eaceea0,data/CompEval-00351-of-00413.parquet,2,5,640,480,JPEG,39844
cf_test_external_seen_family_real_eb81fce17a29f53e,test_external_seen_family/real/cf_test_external_seen_family_real_eb81fce17a29f53e_00050743.jpeg.jpg,0,test_external_seen_family,community-forensics-eval,real:LAION,test,test_external_seen_family,LAION,MidjourneyV5_2,,Commercial,not_applicable,d26a8d732de7e68a2ddef094b555d14c6fe186e86201efe7ac96113151b1f547,b5d542282a3e6bf2,20260828,7d4a74a88d2cac93b513c0853bf92c260eaceea0,data/CompEval-00290-of-00413.parquet,1,3,480,360,JPEG,21827
cf_test_external_seen_family_real_eb82f0e7e7c1f4f9,test_external_seen_family/real/cf_test_external_seen_family_real_eb82f0e7e7c1f4f9_000002856.tiff.tiff,0,test_external_seen_family,community-forensics-eval,real:RAISE,test,test_external_seen_family,RAISE,LCM_lora_sdv15,,LatDiff,not_applicable,90273158912af35bf0a845372fb0c26e87ab565e47df7eb77ae041d3267c2780,8b716eadc43388cb,20260828,7d4a74a88d2cac93b513c0853bf92c260eaceea0,data/CompEval-00114-of-00413.parquet,4,2,4288,2848,TIFF,22143786
cf_test_external_seen_family_real_eb8f1e0746148538,test_external_seen_family/real/cf_test_external_seen_family_real_eb8f1e0746148538_00049181.jpeg.jpg,0,test_external_seen_family,community-forensics-eval,real:LAION,test,test_external_seen_family,LAION,Dalle2,,Commercial,not_applicable,0d63cf1508392f25fa44d8b559f761706fd65dd09a25caa5b8bd8d8bd5d85bcc,ead2242de22d9de1,20260828,7d4a74a88d2cac93b513c0853bf92c260eaceea0,data/CompEval-00342-of-00413.parquet,0,8,358,400,JPEG,14811
cf_test_external_seen_family_real_ebdf804c918a8f89,test_external_seen_family/real/cf_test_external_seen_family_real_ebdf804c918a8f89_00024941.jpeg.jpg,0,test_external_seen_family,community-forensics-eval,real:LAION,test,test_external_seen_family,LAION,Firefly_Image2,,Commercial,not_applicable,4bea8d25158399a8e073ebcaa69b52a23fe61242f8c1a0451cf8e7af60380722,af1ac195d8e8cc65,20260828,7d4a74a88d2cac93b513c0853bf92c260eaceea0,data/CompEval-00037-of-00413.parquet,2,23,2000,2000,JPEG,254037
cf_test_external_seen_family_real_ebe3051526d07744,test_external_seen_family/real/cf_test_external_seen_family_real_ebe3051526d07744_000000083694.jpg.jpg,0,test_external_seen_family,community-forensics-eval,real:COCO,test,test_external_seen_family,COCO,DFGAN,,GAN,not_applicable,3224612001cdf2580bd2d65f556aa2ecbc93de16f8dea772ead903f3682b8e45,8387854f7a32b6d1,20260828,7d4a74a88d2cac93b513c0853bf92c260eaceea0,data/CompEval-00350-of-00413.parquet,1,1,640,469,JPEG,65914
cf_test_external_seen_family_real_ec20f6ba905f95ec,test_external_seen_family/real/cf_test_external_seen_family_real_ec20f6ba905f95ec_13680.png.png,0,test_external_seen_family,community-forensics-eval,real:FFHQ,test,test_external_seen_family,FFHQ,Hourglass,,PixDiff,not_applicable,1f3432147f0914b1b6f44ae2b75616dd6cdc5ce240c88bee8352a3480034a063,9a40712f633cd39d,20260828,7d4a74a88d2cac93b513c0853bf92c260eaceea0,data/CompEval-00277-of-00413.parquet,0,24,1024,1024,PNG,1363394
cf_test_external_seen_family_real_ec3fe8dbcc48b720,test_external_seen_family/real/cf_test_external_seen_family_real_ec3fe8dbcc48b720_38082.png.png,0,test_external_seen_family,community-forensics-eval,real:FFHQ,test,test_external_seen_family,FFHQ,Hourglass,,PixDiff,not_applicable,ac618b688895598962e88e8d3fda6e3fefd8341ca9ea1e10e2bcdda57cf00bf3,edb4b4c29f890ccc,20260828,7d4a74a88d2cac93b513c0853bf92c260eaceea0,data/CompEval-00107-of-00413.parquet,4,11,1024,1024,PNG,1220379
cf_test_external_seen_family_real_ec612904736b2498,test_external_seen_family/real/cf_test_external_seen_family_real_ec612904736b2498_000000370668.jpg.jpg,0,test_external_seen_family,community-forensics-eval,real:COCO,test,test_external_seen_family,COCO,DFGAN,,GAN,not_applicable,d842b4b85f547d8f670a5be2708004b9947ca9e827e1e2d354d28c43cf331286,a2d20f0f7d3c3872,20260828,7d4a74a88d2cac93b513c0853bf92c260eaceea0,data/CompEval-00355-of-00413.parquet,4,11,500,375,JPEG,27993
cf_test_external_seen_family_real_ec7842918620406a,test_external_seen_family/real/cf_test_external_seen_family_real_ec7842918620406a_000004198.tiff.tiff,0,test_external_seen_family,community-forensics-eval,real:RAISE,test,test_external_seen_family,RAISE,DeciDiffusionV2,,LatDiff,not_applicable,bac712f0c86876f74441eaefda296da73dd7a22a04870644610d86f27f6a431a,96958d0747e3ab29,20260828,7d4a74a88d2cac93b513c0853bf92c260eaceea0,data/CompEval-00325-of-00413.parquet,1,11,4928,3264,TIFF,23336214
cf_test_external_seen_family_real_ec82259d92bb1a30,test_external_seen_family/real/cf_test_external_seen_family_real_ec82259d92bb1a30_00026748.jpeg.jpg,0,test_external_seen_family,community-forensics-eval,real:LAION,test,test_external_seen_family,LAION,Dalle3,,Commercial,not_applicable,264e25ba25c6e00a027cf99bd7e8f8dac63235ac59e8ac7176435953cc6ffde6,c1eac2acfc748327,20260828,7d4a74a88d2cac93b513c0853bf92c260eaceea0,data/CompEval-00102-of-00413.parquet,4,2,420,280,JPEG,23399
cf_test_external_seen_family_real_ec9b09bd19d8e2b7,test_external_seen_family/real/cf_test_external_seen_family_real_ec9b09bd19d8e2b7_02039.png.png,0,test_external_seen_family,community-forensics-eval,real:FFHQ,test,test_external_seen_family,FFHQ,Hourglass,,PixDiff,not_applicable,dc59258ecc8bbdb91c7eea21645976defd414bd3b9a937635fccac5393b39ba5,a50db632b232db8b,20260828,7d4a74a88d2cac93b513c0853bf92c260eaceea0,data/CompEval-00106-of-00413.parquet,4,2,1024,1024,PNG,1315749
cf_test_external_seen_family_real_ed0deba70ffa8a64,test_external_seen_family/real/cf_test_external_seen_family_real_ed0deba70ffa8a64_57348.png.png,0,test_external_seen_family,community-forensics-eval,real:FFHQ,test,test_external_seen_family,FFHQ,Hourglass,,PixDiff,not_applicable,dba7dd78c5724fa2bc8319683b01ee7b0f82ea4f1a369122286e625a30a9eb07,98e186e7754e9398,20260828,7d4a74a88d2cac93b513c0853bf92c260eaceea0,data/CompEval-00105-of-00413.parquet,2,6,1024,1024,PNG,1459426
cf_test_external_seen_family_real_ed427b14381d0ca2,test_external_seen_family/real/cf_test_external_seen_family_real_ed427b14381d0ca2_00026579.jpeg.jpg,0,test_external_seen_family,community-forensics-eval,real:LAION,test,test_external_seen_family,LAION,FLUX-schnell,,Commercial,not_applicable,d98e181526561d2293bf6d4859dfeaaf34bc8fcb06ee875f18407d31b37b366b,b131c6cccd339c93,20260828,7d4a74a88d2cac93b513c0853bf92c260eaceea0,data/CompEval-00187-of-00413.parquet,3,14,340,270,JPEG,8388
cf_test_external_seen_family_real_ed95b5c7bbb4aef3,test_external_seen_family/real/cf_test_external_seen_family_real_ed95b5c7bbb4aef3_12563.png.png,0,test_external_seen_family,community-forensics-eval,real:FFHQ,test,test_external_seen_family,FFHQ,Hourglass,,PixDiff,not_applicable,7a18b1317e7544edbfd778e5128d55d7893535ae7582c65500874b3f835e3cc3,c3880ff7345cca9a,20260828,7d4a74a88d2cac93b513c0853bf92c260eaceea0,data/CompEval-00106-of-00413.parquet,0,23,1024,1024,PNG,1234100
cf_test_external_seen_family_real_ed9cd96ee7825e86,test_external_seen_family/real/cf_test_external_seen_family_real_ed9cd96ee7825e86_000000250220.jpg.jpg,0,test_external_seen_family,community-forensics-eval,real:COCO,test,test_external_seen_family,COCO,DFGAN,,GAN,not_applicable,867c1e25c21577a51db9b9145e6d7a55e71baa1232ad859d13937fd18eea761d,d06fcf98621e39c1,20260828,7d4a74a88d2cac93b513c0853bf92c260eaceea0,data/CompEval-00350-of-00413.parquet,4,8,500,345,JPEG,27890
cf_test_external_seen_family_real_edbef5159515c5fd,test_external_seen_family/real/cf_test_external_seen_family_real_edbef5159515c5fd_52724.png.png,0,test_external_seen_family,community-forensics-eval,real:FFHQ,test,test_external_seen_family,FFHQ,Hourglass,,PixDiff,not_applicable,662cbdd137e16256342b6f2ae41a46fcba108cfedcf0006a65fc073804c7d080,eaab3575302097d5,20260828,7d4a74a88d2cac93b513c0853bf92c260eaceea0,data/CompEval-00107-of-00413.parquet,1,14,1024,1024,PNG,1291695
cf_test_external_seen_family_real_edf998eaf4e9bb82,test_external_seen_family/real/cf_test_external_seen_family_real_edf998eaf4e9bb82_000000285525.jpg.jpg,0,test_external_seen_family,community-forensics-eval,real:COCO,test,test_external_seen_family,COCO,DFGAN,,GAN,not_applicable,a4b8532567a6b4600b2ddd24461a19d3fd1a2ac8531e06c2cd49ef4da3b7a97a,dac2cfc0f05ea135,20260828,7d4a74a88d2cac93b513c0853bf92c260eaceea0,data/CompEval-00350-of-00413.parquet,0,24,612,612,JPEG,84454
cf_test_external_seen_family_real_ee2872fd28f44e7b,test_external_seen_family/real/cf_test_external_seen_family_real_ee2872fd28f44e7b_000005390.tiff.tiff,0,test_external_seen_family,community-forensics-eval,real:RAISE,test,test_external_seen_family,RAISE,GALIP,,GAN,not_applicable,a472fe654a3a0e6d26ec1d131fdbbe78948bf3c55f734f606ba4a075ce79c9f6,f5c608f136e8a59a,20260828,7d4a74a88d2cac93b513c0853bf92c260eaceea0,data/CompEval-00041-of-00413.parquet,1,0,4928,3264,TIFF,23819488
cf_test_external_seen_family_real_ee7caa203762a063,test_external_seen_family/real/cf_test_external_seen_family_real_ee7caa203762a063_06655.png.png,0,test_external_seen_family,community-forensics-eval,real:FFHQ,test,test_external_seen_family,FFHQ,Hourglass,,PixDiff,not_applicable,d5768113484883ad911483a1a8d9df2eced035c2d8dbdc463a8962118165e9ea,96757a26a58e869c,20260828,7d4a74a88d2cac93b513c0853bf92c260eaceea0,data/CompEval-00108-of-00413.parquet,1,22,1024,1024,PNG,1202503
cf_test_external_seen_family_real_eeba7d7db2b4a128,test_external_seen_family/real/cf_test_external_seen_family_real_eeba7d7db2b4a128_000002518.tiff.tiff,0,test_external_seen_family,community-forensics-eval,real:RAISE,test,test_external_seen_family,RAISE,LCM_lora_ssd1b,,LatDiff,not_applicable,bf44ebb38b28f27661a333190ae2c28267803170bd106eb978b4a2967e11562d,a1545a7b6dc7862a,20260828,7d4a74a88d2cac93b513c0853bf92c260eaceea0,data/CompEval-00404-of-00413.parquet,0,18,4288,2848,TIFF,20650024
cf_test_external_seen_family_real_eeca7d89a6427b45,test_external_seen_family/real/cf_test_external_seen_family_real_eeca7d89a6427b45_000005892.tiff.tiff,0,test_external_seen_family,community-forensics-eval,real:RAISE,test,test_external_seen_family,RAISE,GALIP,,GAN,not_applicable,b75150cd4e2484866cb68b1ae60b3cd3e693a04ffdff68f7d1e5b79b0dd3653d,e4fa8b0075ff32c0,20260828,7d4a74a88d2cac93b513c0853bf92c260eaceea0,data/CompEval-00045-of-00413.parquet,1,19,4928,3264,TIFF,24360774
cf_test_external_seen_family_real_eed42f6823826f46,test_external_seen_family/real/cf_test_external_seen_family_real_eed42f6823826f46_00021323.jpeg.jpg,0,test_external_seen_family,community-forensics-eval,real:LAION,test,test_external_seen_family,LAION,MidjourneyV6_1,,Commercial,not_applicable,ba8c8f43a16083c2f24c23b49f170b8c05d851997cc164a28c281b0b72795b1c,af07852fd0f0f078,20260828,7d4a74a88d2cac93b513c0853bf92c260eaceea0,data/CompEval-00013-of-00413.parquet,2,17,960,720,JPEG,64352
cf_test_external_seen_family_real_ef2b4239b3bb9d72,test_external_seen_family/real/cf_test_external_seen_family_real_ef2b4239b3bb9d72_38511.png.png,0,test_external_seen_family,community-forensics-eval,real:FFHQ,test,test_external_seen_family,FFHQ,Hourglass,,PixDiff,not_applicable,a154ef198fbd7eed09c27273124fcae2f6539868a423b4eb68f45700a0f8d7e4,dea275f2a5989688,20260828,7d4a74a88d2cac93b513c0853bf92c260eaceea0,data/CompEval-00106-of-00413.parquet,4,20,1024,1024,PNG,1601761
cf_test_external_seen_family_real_ef480e0bd749d7ec,test_external_seen_family/real/cf_test_external_seen_family_real_ef480e0bd749d7ec_000000080574.jpg.jpg,0,test_external_seen_family,community-forensics-eval,real:COCO,test,test_external_seen_family,COCO,DFGAN,,GAN,not_applicable,7fee1062f0f7da2d1d84729f195a5a14329a1bf499cf62392165d48643737773,9f96aa605078dcf8,20260828,7d4a74a88d2cac93b513c0853bf92c260eaceea0,data/CompEval-00351-of-00413.parquet,3,4,480,640,JPEG,69245
cf_test_external_seen_family_real_ef6716a5945c443d,test_external_seen_family/real/cf_test_external_seen_family_real_ef6716a5945c443d_55824.png.png,0,test_external_seen_family,community-forensics-eval,real:FFHQ,test,test_external_seen_family,FFHQ,Hourglass,,PixDiff,not_applicable,eece63a5e184e79084ebca16948e80b8cfc4c05cf1dc92d8540389eefe6e8d66,9e6468373538da93,20260828,7d4a74a88d2cac93b513c0853bf92c260eaceea0,data/CompEval-00105-of-00413.parquet,3,3,1024,1024,PNG,1069268
cf_test_external_seen_family_real_ef76ed9382dcbba7,test_external_seen_family/real/cf_test_external_seen_family_real_ef76ed9382dcbba7_000000074669.jpg.jpg,0,test_external_seen_family,community-forensics-eval,real:COCO,test,test_external_seen_family,COCO,DFGAN,,GAN,not_applicable,acf10b286e977e75c205c22310a777bda9a7aa42cc0b567894686cd25439c2ff,ebeaea1265669286,20260828,7d4a74a88d2cac93b513c0853bf92c260eaceea0,data/CompEval-00357-of-00413.parquet,1,9,640,480,JPEG,54045
cf_test_external_seen_family_real_efb9d478ebb13ea2,test_external_seen_family/real/cf_test_external_seen_family_real_efb9d478ebb13ea2_000003108.tiff.tiff,0,test_external_seen_family,community-forensics-eval,real:RAISE,test,test_external_seen_family,RAISE,kvikontent_midjourney_v6,,LatDiff,not_applicable,2d322f1f76f7a5614ca69132ad3d18d0290e27f36547b97f9f9c506c9cd67d9c,970a0978e16e4fda,20260828,7d4a74a88d2cac93b513c0853bf92c260eaceea0,data/CompEval-00094-of-00413.parquet,1,17,2848,4288,TIFF,24426478
cf_test_external_seen_family_real_f038b400f458a2cb,test_external_seen_family/real/cf_test_external_seen_family_real_f038b400f458a2cb_00032166.jpeg.jpg,0,test_external_seen_family,community-forensics-eval,real:LAION,test,test_external_seen_family,LAION,Dalle2,,Commercial,not_applicable,1643d91c6f97043d6109a6ca12847239c4adb83e4cea680baa60db52766df6b7,ed499b62ca33a598,20260828,7d4a74a88d2cac93b513c0853bf92c260eaceea0,data/CompEval-00343-of-00413.parquet,3,14,380,380,JPEG,9745
cf_test_external_seen_family_real_f04ae65b77babbfa,test_external_seen_family/real/cf_test_external_seen_family_real_f04ae65b77babbfa_000000380.tiff.tiff,0,test_external_seen_family,community-forensics-eval,real:RAISE,test,test_external_seen_family,RAISE,LCM_lora_sdxl,,LatDiff,not_applicable,1cf81c6ed04835a581f5d9f706d52fc8eab5b55cd0fcf5b95dc27083f9122494,d5ad52366915ea92,20260828,7d4a74a88d2cac93b513c0853bf92c260eaceea0,data/CompEval-00380-of-00413.parquet,2,12,4928,3264,TIFF,17843286
cf_test_external_seen_family_real_f0a96dcf9dc6cdd2,test_external_seen_family/real/cf_test_external_seen_family_real_f0a96dcf9dc6cdd2_00016464.jpeg.jpg,0,test_external_seen_family,community-forensics-eval,real:LAION,test,test_external_seen_family,LAION,Firefly_Image3,,Commercial,not_applicable,755bb75f91b836ebda22e36c801c40d2abaea01817f59a77634a5240093c372b,b98b4aad843bb163,20260828,7d4a74a88d2cac93b513c0853bf92c260eaceea0,data/CompEval-00339-of-00413.parquet,2,11,318,445,JPEG,24634
cf_test_external_seen_family_real_f0dcec1be8d5c905,test_external_seen_family/real/cf_test_external_seen_family_real_f0dcec1be8d5c905_00011538.jpeg.jpg,0,test_external_seen_family,community-forensics-eval,real:LAION,test,test_external_seen_family,LAION,Imagen3,,Commercial,not_applicable,10cf144a49380b7ac317d44a9ba91b4dc000a0821f702c3dafd656cd72eff526,9a76e11a9e819e27,20260828,7d4a74a88d2cac93b513c0853bf92c260eaceea0,data/CompEval-00172-of-00413.parquet,3,15,380,380,JPEG,18108
cf_test_external_seen_family_real_f173b40263ecfd5b,test_external_seen_family/real/cf_test_external_seen_family_real_f173b40263ecfd5b_00022717.jpeg.jpg,0,test_external_seen_family,community-forensics-eval,real:LAION,test,test_external_seen_family,LAION,Firefly_Image3,,Commercial,not_applicable,d249288c8135e84f5f29b13c5bf1cbda19483facbe74d55fee42952ea3b6e8ab,f6c7c938e6c68823,20260828,7d4a74a88d2cac93b513c0853bf92c260eaceea0,data/CompEval-00202-of-00413.parquet,1,1,300,300,JPEG,7627
cf_test_external_seen_family_real_f198e08a70dabc56,test_external_seen_family/real/cf_test_external_seen_family_real_f198e08a70dabc56_03407.png.png,0,test_external_seen_family,community-forensics-eval,real:FFHQ,test,test_external_seen_family,FFHQ,Hourglass,,PixDiff,not_applicable,809b42ab5ec177c35348d53aaa20d28b0cd217ff09fc544a5edbd68bdd61ef86,dae99945352b81f4,20260828,7d4a74a88d2cac93b513c0853bf92c260eaceea0,data/CompEval-00105-of-00413.parquet,2,5,1024,1024,PNG,1417097
cf_test_external_seen_family_real_f19ac719b652288f,test_external_seen_family/real/cf_test_external_seen_family_real_f19ac719b652288f_00033062.jpeg.jpg,0,test_external_seen_family,community-forensics-eval,real:LAION,test,test_external_seen_family,LAION,MidjourneyV5_2,,Commercial,not_applicable,e9838bbc2fd455d2e80e3a5637fab60d262745fc2a5999a4c36f987f8a6b6ce3,e79a9e6699253162,20260828,7d4a74a88d2cac93b513c0853bf92c260eaceea0,data/CompEval-00368-of-00413.parquet,1,8,613,660,JPEG,32817
cf_test_external_seen_family_real_f1ac428f08b30f89,test_external_seen_family/real/cf_test_external_seen_family_real_f1ac428f08b30f89_000000387046.jpg.jpg,0,test_external_seen_family,community-forensics-eval,real:COCO,test,test_external_seen_family,COCO,DFGAN,,GAN,not_applicable,b36a9356b0c2a8cc1a25e5cbcbbbd680230e5d582eb79c3dbf0f95d47b60e76d,d722c4e8f9b3c60c,20260828,7d4a74a88d2cac93b513c0853bf92c260eaceea0,data/CompEval-00352-of-00413.parquet,0,14,640,457,JPEG,45508
cf_test_external_seen_family_real_f1af95ae1d1c308e,test_external_seen_family/real/cf_test_external_seen_family_real_f1af95ae1d1c308e_03152.png.png,0,test_external_seen_family,community-forensics-eval,real:FFHQ,test,test_external_seen_family,FFHQ,Hourglass,,PixDiff,not_applicable,b3cd5363f5167eaae82354a3055e1a2d4dc1b5caa685c8f1d055f4dc077e7532,96256247a56b8ec7,20260828,7d4a74a88d2cac93b513c0853bf92c260eaceea0,data/CompEval-00271-of-00413.parquet,3,5,1024,1024,PNG,1476876
cf_test_external_seen_family_real_f1d5ec6bed072872,test_external_seen_family/real/cf_test_external_seen_family_real_f1d5ec6bed072872_000000435899.jpg.jpg,0,test_external_seen_family,community-forensics-eval,real:COCO,test,test_external_seen_family,COCO,DFGAN,,GAN,not_applicable,6f511d3c9326aa208828bc562c6087780f4ef6f235fd2fb2d3303fb8cf5d2194,eaea385436d62457,20260828,7d4a74a88d2cac93b513c0853bf92c260eaceea0,data/CompEval-00355-of-00413.parquet,3,18,640,480,JPEG,39033
cf_test_external_seen_family_real_f1f8ddc9bd1ccc56,test_external_seen_family/real/cf_test_external_seen_family_real_f1f8ddc9bd1ccc56_000000095492.jpg.jpg,0,test_external_seen_family,community-forensics-eval,real:COCO,test,test_external_seen_family,COCO,DFGAN,,GAN,not_applicable,f5d55d4f62650452ae000c4e245f6510f0c2a89f92e9ba0f50fc217e4c331e68,932f66688d91ba4e,20260828,7d4a74a88d2cac93b513c0853bf92c260eaceea0,data/CompEval-00356-of-00413.parquet,1,11,640,360,JPEG,61094
cf_test_external_seen_family_real_f2539a3bb84ece5e,test_external_seen_family/real/cf_test_external_seen_family_real_f2539a3bb84ece5e_000004225.tiff.tiff,0,test_external_seen_family,community-forensics-eval,real:RAISE,test,test_external_seen_family,RAISE,kandinsky_2_2,,LatDiff,not_applicable,1e72a8b3f8dbe062bc4833fe5a958f6801f1b8f148232d92268a47b179081f20,a19f15d9974a891d,20260828,7d4a74a88d2cac93b513c0853bf92c260eaceea0,data/CompEval-00163-of-00413.parquet,3,10,4928,3264,TIFF,23691418
cf_test_external_seen_family_real_f2573c32a8edf7fa,test_external_seen_family/real/cf_test_external_seen_family_real_f2573c32a8edf7fa_62237.png.png,0,test_external_seen_family,community-forensics-eval,real:FFHQ,test,test_external_seen_family,FFHQ,Hourglass,,PixDiff,not_applicable,4d642ed3869c53f208e5dad7ae0d754640f1eae44a37d756f9a54cd731accc81,d8ec63e4276886ce,20260828,7d4a74a88d2cac93b513c0853bf92c260eaceea0,data/CompEval-00107-of-00413.parquet,4,21,1024,1024,PNG,1481050
cf_test_external_seen_family_real_f26e91257e22dae3,test_external_seen_family/real/cf_test_external_seen_family_real_f26e91257e22dae3_000003864.tiff.tiff,0,test_external_seen_family,community-forensics-eval,real:RAISE,test,test_external_seen_family,RAISE,LCM_lora_sdxl,,LatDiff,not_applicable,561999cfe3c554dd2fad578f841b5a06dc48aba3fce843cf9d4becfc8a75aba7,ca8e0a7b2dc6d591,20260828,7d4a74a88d2cac93b513c0853bf92c260eaceea0,data/CompEval-00374-of-00413.parquet,0,8,4288,2848,TIFF,27041284
cf_test_external_seen_family_real_f2a7fce529ce6ecf,test_external_seen_family/real/cf_test_external_seen_family_real_f2a7fce529ce6ecf_000001369.tiff.tiff,0,test_external_seen_family,community-forensics-eval,real:RAISE,test,test_external_seen_family,RAISE,LCM_lora_sdv15,,LatDiff,not_applicable,81b42b73bdf15db0a7fb24ad054785d551fa64570beeb56f1c12285292cdedad,b8b647a33a3e3198,20260828,7d4a74a88d2cac93b513c0853bf92c260eaceea0,data/CompEval-00112-of-00413.parquet,3,12,3264,4928,TIFF,23549866
cf_test_external_seen_family_real_f2f78c1a3e6ecd52,test_external_seen_family/real/cf_test_external_seen_family_real_f2f78c1a3e6ecd52_57446.png.png,0,test_external_seen_family,community-forensics-eval,real:FFHQ,test,test_external_seen_family,FFHQ,Hourglass,,PixDiff,not_applicable,cf42bb809d72c03d72af8ea75b9b78d62a04beecfd42aea89cd376aa02a8273a,be5a0144ac6b7e93,20260828,7d4a74a88d2cac93b513c0853bf92c260eaceea0,data/CompEval-00104-of-00413.parquet,0,0,1024,1024,PNG,1577253
cf_test_external_seen_family_real_f30a7571cf1de3b6,test_external_seen_family/real/cf_test_external_seen_family_real_f30a7571cf1de3b6_000003400.tiff.tiff,0,test_external_seen_family,community-forensics-eval,real:RAISE,test,test_external_seen_family,RAISE,LCM_lora_sdv15,,LatDiff,not_applicable,e02e4af3f5c83b8bca617edc688d20c7b9fb2d94436bd79a6c3e90f0087a54bc,d6c0d92916887ddb,20260828,7d4a74a88d2cac93b513c0853bf92c260eaceea0,data/CompEval-00112-of-00413.parquet,3,20,4288,2848,TIFF,20177950
cf_test_external_seen_family_real_f3491cca3e9630f5,test_external_seen_family/real/cf_test_external_seen_family_real_f3491cca3e9630f5_000000394530.jpg.jpg,0,test_external_seen_family,community-forensics-eval,real:COCO,test,test_external_seen_family,COCO,DFGAN,,GAN,not_applicable,272185e1eaf543c794ebb2eff96f56ade080ceb3e31b61b4305dd9572c7d72db,8cb36366339c4d4e,20260828,7d4a74a88d2cac93b513c0853bf92c260eaceea0,data/CompEval-00353-of-00413.parquet,2,15,640,426,JPEG,31154
cf_test_external_seen_family_real_f3d62fe40e37f5aa,test_external_seen_family/real/cf_test_external_seen_family_real_f3d62fe40e37f5aa_000000056031.jpg.jpg,0,test_external_seen_family,community-forensics-eval,real:COCO,test,test_external_seen_family,COCO,DFGAN,,GAN,not_applicable,f62e233b93de64b4984dce54b370c790bae26942134f92d8ac723fa079ea34cc,d12b0c5eb3590ce7,20260828,7d4a74a88d2cac93b513c0853bf92c260eaceea0,data/CompEval-00351-of-00413.parquet,1,18,387,500,JPEG,29727
cf_test_external_seen_family_real_f44ca06cf96a4de3,test_external_seen_family/real/cf_test_external_seen_family_real_f44ca06cf96a4de3_17691.png.png,0,test_external_seen_family,community-forensics-eval,real:FFHQ,test,test_external_seen_family,FFHQ,Hourglass,,PixDiff,not_applicable,586d9c0d40a49f6abc0c7e547a1c62516e550043f54ff556a18e3aed51662888,defe212727280787,20260828,7d4a74a88d2cac93b513c0853bf92c260eaceea0,data/CompEval-00106-of-00413.parquet,3,4,1024,1024,PNG,1355064
cf_test_external_seen_family_real_f45d68b7eb5b7cbf,test_external_seen_family/real/cf_test_external_seen_family_real_f45d68b7eb5b7cbf_28771.png.png,0,test_external_seen_family,community-forensics-eval,real:FFHQ,test,test_external_seen_family,FFHQ,Hourglass,,PixDiff,not_applicable,8a0438c4a967122b8fddbe5c5ef0c02a13eddaf14cfd74b00ddbc2f0ec1b5885,bdbd5080f75a03d2,20260828,7d4a74a88d2cac93b513c0853bf92c260eaceea0,data/CompEval-00109-of-00413.parquet,2,6,1024,1024,PNG,1505860
cf_test_external_seen_family_real_f488ea7d23c95e0a,test_external_seen_family/real/cf_test_external_seen_family_real_f488ea7d23c95e0a_000000085664.jpg.jpg,0,test_external_seen_family,community-forensics-eval,real:COCO,test,test_external_seen_family,COCO,DFGAN,,GAN,not_applicable,e2ee8db04a8e40b201eac74c2d79d092962dfc993e887549b12802914866c87e,8810b74fb6a36fc8,20260828,7d4a74a88d2cac93b513c0853bf92c260eaceea0,data/CompEval-00350-of-00413.parquet,1,24,402,500,JPEG,46231
cf_test_external_seen_family_real_f49ad40a567d8c4f,test_external_seen_family/real/cf_test_external_seen_family_real_f49ad40a567d8c4f_00053812.jpeg.jpg,0,test_external_seen_family,community-forensics-eval,real:LAION,test,test_external_seen_family,LAION,Dalle3,,Commercial,not_applicable,920e9180043138b4844e1c0ea375c6124a28e807c1edd1a2925c776177ef59e1,aa913b30fb8c7546,20260828,7d4a74a88d2cac93b513c0853bf92c260eaceea0,data/CompEval-00097-of-00413.parquet,2,15,490,735,JPEG,106094
cf_test_external_seen_family_real_f49dd852294425fe,test_external_seen_family/real/cf_test_external_seen_family_real_f49dd852294425fe_000000540305.jpg.jpg,0,test_external_seen_family,community-forensics-eval,real:COCO,test,test_external_seen_family,COCO,DFGAN,,GAN,not_applicable,b7daa89a4f52407e3a95e3fa9f60f856f641c9684ea21cc1ad6d14ccc305e93b,9994a444e7deda1a,20260828,7d4a74a88d2cac93b513c0853bf92c260eaceea0,data/CompEval-00357-of-00413.parquet,1,3,378,500,JPEG,37173
cf_test_external_seen_family_real_f50cab7ae47a8b43,test_external_seen_family/real/cf_test_external_seen_family_real_f50cab7ae47a8b43_00024464.jpeg.jpg,0,test_external_seen_family,community-forensics-eval,real:LAION,test,test_external_seen_family,LAION,Firefly_Image2,,Commercial,not_applicable,f86934c10b3e44b16e54365253c632f35fd99c5c0388c4bc178e9598709d56ed,9fe7e03c81621ec6,20260828,7d4a74a88d2cac93b513c0853bf92c260eaceea0,data/CompEval-00037-of-00413.parquet,3,21,520,270,JPEG,12317
cf_test_external_seen_family_real_f599ca9832c5e468,test_external_seen_family/real/cf_test_external_seen_family_real_f599ca9832c5e468_68194.png.png,0,test_external_seen_family,community-forensics-eval,real:FFHQ,test,test_external_seen_family,FFHQ,Hourglass,,PixDiff,not_applicable,36b8482f23fdc7634d3d857f1a994477eb16aeeea3ae71b5cc2fdbb3a51740c9,8d587a6bb5592692,20260828,7d4a74a88d2cac93b513c0853bf92c260eaceea0,data/CompEval-00277-of-00413.parquet,3,2,1024,1024,PNG,1120775
cf_test_external_seen_family_real_f5cbce0439534529,test_external_seen_family/real/cf_test_external_seen_family_real_f5cbce0439534529_000001021.tiff.tiff,0,test_external_seen_family,community-forensics-eval,real:RAISE,test,test_external_seen_family,RAISE,LCM_lora_sdxl,,LatDiff,not_applicable,aeee763aa014bede88c4926d78246906cee099604ba226c2b602d7c9459c33b9,9bc1f6225969a6a3,20260828,7d4a74a88d2cac93b513c0853bf92c260eaceea0,data/CompEval-00376-of-00413.parquet,4,16,4928,3264,TIFF,24722482
cf_test_external_seen_family_real_f5cbdcdbd775621c,test_external_seen_family/real/cf_test_external_seen_family_real_f5cbdcdbd775621c_00044708.jpeg.jpg,0,test_external_seen_family,community-forensics-eval,real:LAION,test,test_external_seen_family,LAION,FLUX-schnell,,Commercial,not_applicable,11a444734900ba703b88f4476c1aa82e6d44f29787006807b6009d2e1d49aed2,8f10f04bd13e9575,20260828,7d4a74a88d2cac93b513c0853bf92c260eaceea0,data/CompEval-00136-of-00413.parquet,2,1,750,1000,JPEG,87948
cf_test_external_seen_family_real_f5eae8949f5232a1,test_external_seen_family/real/cf_test_external_seen_family_real_f5eae8949f5232a1_000000150030.jpg.jpg,0,test_external_seen_family,community-forensics-eval,real:COCO,test,test_external_seen_family,COCO,DFGAN,,GAN,not_applicable,ece2a470617267a459391f5f22d42c7eeb7eb9f3160cedc80813fc956edb0319,961bed6d12e493c2,20260828,7d4a74a88d2cac93b513c0853bf92c260eaceea0,data/CompEval-00353-of-00413.parquet,0,18,640,426,JPEG,58776
cf_test_external_seen_family_real_f60f4524925dace5,test_external_seen_family/real/cf_test_external_seen_family_real_f60f4524925dace5_000000044078.jpg.jpg,0,test_external_seen_family,community-forensics-eval,real:COCO,test,test_external_seen_family,COCO,DFGAN,,GAN,not_applicable,a158132141857c6ee179efa5b16f671f5fb6ef09facd39fcf5d9f740f19ff37e,c047c362b333a3f3,20260828,7d4a74a88d2cac93b513c0853bf92c260eaceea0,data/CompEval-00353-of-00413.parquet,0,9,640,427,JPEG,91586
cf_test_external_seen_family_real_f68b79e8ec7cc0fd,test_external_seen_family/real/cf_test_external_seen_family_real_f68b79e8ec7cc0fd_57849.png.png,0,test_external_seen_family,community-forensics-eval,real:FFHQ,test,test_external_seen_family,FFHQ,Hourglass,,PixDiff,not_applicable,a41ba6d0bb8cad85db5a56df280451a7609c582053ce7db5edb2d0cac7766ad6,efb4d0d21113c3cd,20260828,7d4a74a88d2cac93b513c0853bf92c260eaceea0,data/CompEval-00105-of-00413.parquet,4,18,1024,1024,PNG,1264758
cf_test_external_seen_family_real_f68f6e1545aeffb0,test_external_seen_family/real/cf_test_external_seen_family_real_f68f6e1545aeffb0_64611.png.png,0,test_external_seen_family,community-forensics-eval,real:FFHQ,test,test_external_seen_family,FFHQ,Hourglass,,PixDiff,not_applicable,59fa3350606ea1a0c77017ebfa2508cbc76f8a62f12f433405c0e10648e52356,cf3c6835703ef2c0,20260828,7d4a74a88d2cac93b513c0853bf92c260eaceea0,data/CompEval-00109-of-00413.parquet,3,12,1024,1024,PNG,1264972
cf_test_external_seen_family_real_f6e663d76c1b8796,test_external_seen_family/real/cf_test_external_seen_family_real_f6e663d76c1b8796_000000449737.jpg.jpg,0,test_external_seen_family,community-forensics-eval,real:COCO,test,test_external_seen_family,COCO,DFGAN,,GAN,not_applicable,c5b3f217f22a8177d0c09ab46db155ccc728bfe506b7625373bd3838ddd63057,f10f8e38d1e38c9c,20260828,7d4a74a88d2cac93b513c0853bf92c260eaceea0,data/CompEval-00350-of-00413.parquet,2,14,640,427,JPEG,72795
cf_test_external_seen_family_real_f7493a9cfacc5c50,test_external_seen_family/real/cf_test_external_seen_family_real_f7493a9cfacc5c50_000000177848.jpg.jpg,0,test_external_seen_family,community-forensics-eval,real:COCO,test,test_external_seen_family,COCO,DFGAN,,GAN,not_applicable,8fe2fc2e01d839c14e8111fa1989b6e7867d6a33806a15695e1dc013787ed031,b47f4f3002239f87,20260828,7d4a74a88d2cac93b513c0853bf92c260eaceea0,data/CompEval-00355-of-00413.parquet,2,14,640,493,JPEG,101787
cf_test_external_seen_family_real_f785b35ff1f99766,test_external_seen_family/real/cf_test_external_seen_family_real_f785b35ff1f99766_000000064669.jpg.jpg,0,test_external_seen_family,community-forensics-eval,real:COCO,test,test_external_seen_family,COCO,DFGAN,,GAN,not_applicable,0cfa04c8072c3ba37a1e48c4d8bd3a766f6ed9e49bc7091412bac51d9ebb10f7,ea99d378646ce813,20260828,7d4a74a88d2cac93b513c0853bf92c260eaceea0,data/CompEval-00352-of-00413.parquet,0,19,603,640,JPEG,90819
cf_test_external_seen_family_real_f7abf742f6853651,test_external_seen_family/real/cf_test_external_seen_family_real_f7abf742f6853651_000000050866.jpg.jpg,0,test_external_seen_family,community-forensics-eval,real:COCO,test,test_external_seen_family,COCO,DFGAN,,GAN,not_applicable,ca2e41027b42cc78f1b61c65efb9a04241c8c939ac39307ca3403b1097feaab2,be91c002b7b6f9c4,20260828,7d4a74a88d2cac93b513c0853bf92c260eaceea0,data/CompEval-00350-of-00413.parquet,3,4,640,426,JPEG,49913
cf_test_external_seen_family_real_f7ba2ee22af5b0bf,test_external_seen_family/real/cf_test_external_seen_family_real_f7ba2ee22af5b0bf_00011670.jpeg.jpg,0,test_external_seen_family,community-forensics-eval,real:LAION,test,test_external_seen_family,LAION,FLUX-dev,,Commercial,not_applicable,030fc63d2353fa499c1b0bbad84b4042145b36fdc1d19c661fdb8e7d5849b399,fa87c5f091461e0f,20260828,7d4a74a88d2cac93b513c0853bf92c260eaceea0,data/CompEval-00135-of-00413.parquet,2,6,498,280,JPEG,17492
cf_test_external_seen_family_real_f7cc013d8f001114,test_external_seen_family/real/cf_test_external_seen_family_real_f7cc013d8f001114_31976.png.png,0,test_external_seen_family,community-forensics-eval,real:FFHQ,test,test_external_seen_family,FFHQ,Hourglass,,PixDiff,not_applicable,153a75957689d0c0ced80db627151cbe1b0d57ab6fa3ba3118d0e598a5118821,88e025e560ef27cf,20260828,7d4a74a88d2cac93b513c0853bf92c260eaceea0,data/CompEval-00109-of-00413.parquet,0,7,1024,1024,PNG,1412262
cf_test_external_seen_family_real_f881ca1ac1c894ae,test_external_seen_family/real/cf_test_external_seen_family_real_f881ca1ac1c894ae_000000250340.jpg.jpg,0,test_external_seen_family,community-forensics-eval,real:COCO,test,test_external_seen_family,COCO,DFGAN,,GAN,not_applicable,46cc48c726858d7f861d6a2bca5086d7cb9a689ca05376b9a9ddc6b164bacd90,b6916fcd1d3b04e0,20260828,7d4a74a88d2cac93b513c0853bf92c260eaceea0,data/CompEval-00357-of-00413.parquet,1,16,640,480,JPEG,42302
cf_test_external_seen_family_real_f97a3301422cdd11,test_external_seen_family/real/cf_test_external_seen_family_real_f97a3301422cdd11_000004598.tiff.tiff,0,test_external_seen_family,community-forensics-eval,real:RAISE,test,test_external_seen_family,RAISE,LCM_lora_ssd1b,,LatDiff,not_applicable,f2228bd514892e09840fbe01024491ae07aa8e65471b37f371e8689fef97077f,efd264d4178e9093,20260828,7d4a74a88d2cac93b513c0853bf92c260eaceea0,data/CompEval-00399-of-00413.parquet,3,14,4928,3264,TIFF,24481052
cf_test_external_seen_family_real_f986bfe7453a974b,test_external_seen_family/real/cf_test_external_seen_family_real_f986bfe7453a974b_000000513928.jpg.jpg,0,test_external_seen_family,community-forensics-eval,real:COCO,test,test_external_seen_family,COCO,DFGAN,,GAN,not_applicable,aa4f107e9f914fb7aa95cf6e03f67fd8bd46fb1cf7746f5c75431ea2a2b8007c,d56c289ae691b966,20260828,7d4a74a88d2cac93b513c0853bf92c260eaceea0,data/CompEval-00352-of-00413.parquet,0,12,640,427,JPEG,65351
cf_test_external_seen_family_real_f989720fa2b7f83b,test_external_seen_family/real/cf_test_external_seen_family_real_f989720fa2b7f83b_19956.png.png,0,test_external_seen_family,community-forensics-eval,real:FFHQ,test,test_external_seen_family,FFHQ,Hourglass,,PixDiff,not_applicable,1aaba6deaf6b969b34b288f3d997d188514263e4bddde4992ede7789d01c33c8,c9da24e6322476cf,20260828,7d4a74a88d2cac93b513c0853bf92c260eaceea0,data/CompEval-00108-of-00413.parquet,4,14,1024,1024,PNG,1458205
cf_test_external_seen_family_real_f9af6a2560b8c160,test_external_seen_family/real/cf_test_external_seen_family_real_f9af6a2560b8c160_000007520.tiff.tiff,0,test_external_seen_family,community-forensics-eval,real:RAISE,test,test_external_seen_family,RAISE,DeciDiffusionV2,,LatDiff,not_applicable,e0948741c82bf64cc6bfe02b12fda2f7cfe9cd16ac1cb7d9f2704dd83c76501c,db33e0cd72554589,20260828,7d4a74a88d2cac93b513c0853bf92c260eaceea0,data/CompEval-00324-of-00413.parquet,4,15,4928,3264,TIFF,35293314
cf_test_external_seen_family_real_fa1a02c5f32fecb0,test_external_seen_family/real/cf_test_external_seen_family_real_fa1a02c5f32fecb0_000001304.tiff.tiff,0,test_external_seen_family,community-forensics-eval,real:RAISE,test,test_external_seen_family,RAISE,kandinsky_2_2,,LatDiff,not_applicable,135e0fcab2b59a4db9e33d0a6d249a45fd56f49c27cc4fed99256c51cced7d55,ded0832df8805b67,20260828,7d4a74a88d2cac93b513c0853bf92c260eaceea0,data/CompEval-00161-of-00413.parquet,4,23,4928,3264,TIFF,18997998
cf_test_external_seen_family_real_fa59845309a6e392,test_external_seen_family/real/cf_test_external_seen_family_real_fa59845309a6e392_000000191537.jpg.jpg,0,test_external_seen_family,community-forensics-eval,real:COCO,test,test_external_seen_family,COCO,DFGAN,,GAN,not_applicable,446bb7502b790228ccb483bdfcb710470abcd3190183a24cc33cf0377367507b,ccf317cdc1c1c338,20260828,7d4a74a88d2cac93b513c0853bf92c260eaceea0,data/CompEval-00351-of-00413.parquet,2,17,500,375,JPEG,30043
cf_test_external_seen_family_real_fad82ba1a08b41ab,test_external_seen_family/real/cf_test_external_seen_family_real_fad82ba1a08b41ab_000004602.tiff.tiff,0,test_external_seen_family,community-forensics-eval,real:RAISE,test,test_external_seen_family,RAISE,stable_cascade,,Other,not_applicable,04556b3cbe3726b3415ae74316416227cfd28003b5af5f00b2ea2cf51f39bd0e,b02f631e94d3d2b1,20260828,7d4a74a88d2cac93b513c0853bf92c260eaceea0,data/CompEval-00257-of-00413.parquet,1,1,4928,3264,TIFF,25290438
cf_test_external_seen_family_real_fb420238b17d0481,test_external_seen_family/real/cf_test_external_seen_family_real_fb420238b17d0481_000000002815.jpg.jpg,0,test_external_seen_family,community-forensics-eval,real:COCO,test,test_external_seen_family,COCO,DFGAN,,GAN,not_applicable,492ad3c6dd6e372a386073a8ded2b7a60213fab30faab7ca7dcdb322b50e8ec8,97e22994d68bf464,20260828,7d4a74a88d2cac93b513c0853bf92c260eaceea0,data/CompEval-00353-of-00413.parquet,2,1,360,640,JPEG,31424
cf_test_external_seen_family_real_fc53930e78b4dc61,test_external_seen_family/real/cf_test_external_seen_family_real_fc53930e78b4dc61_52949.png.png,0,test_external_seen_family,community-forensics-eval,real:FFHQ,test,test_external_seen_family,FFHQ,Hourglass,,PixDiff,not_applicable,0f5dcb129fb8938c48d320035bf8db660923114c5a5e3f1088c163cd2e9f70be,f8d0d797878c8d88,20260828,7d4a74a88d2cac93b513c0853bf92c260eaceea0,data/CompEval-00271-of-00413.parquet,3,8,1024,1024,PNG,1121020
cf_test_external_seen_family_real_fc9fd00805fca8bf,test_external_seen_family/real/cf_test_external_seen_family_real_fc9fd00805fca8bf_000000396991.jpg.jpg,0,test_external_seen_family,community-forensics-eval,real:COCO,test,test_external_seen_family,COCO,DFGAN,,GAN,not_applicable,a0188bbecd82352799d560f26200565ccdb35203eae6ec8678c5f13872c5bf53,b146acbb46788dc3,20260828,7d4a74a88d2cac93b513c0853bf92c260eaceea0,data/CompEval-00356-of-00413.parquet,3,14,640,426,JPEG,41630
cf_test_external_seen_family_real_fcd4c18cf66da72b,test_external_seen_family/real/cf_test_external_seen_family_real_fcd4c18cf66da72b_33922.png.png,0,test_external_seen_family,community-forensics-eval,real:FFHQ,test,test_external_seen_family,FFHQ,Hourglass,,PixDiff,not_applicable,fff75f8d8967817444ec6c2731a81c5beb9f5480460cf613a6f59d0929a36e3f,cb3c2d63309bd2c9,20260828,7d4a74a88d2cac93b513c0853bf92c260eaceea0,data/CompEval-00106-of-00413.parquet,4,11,1024,1024,PNG,1212179
cf_test_external_seen_family_real_fd29699e3c5fd423,test_external_seen_family/real/cf_test_external_seen_family_real_fd29699e3c5fd423_000006064.tiff.tiff,0,test_external_seen_family,community-forensics-eval,real:RAISE,test,test_external_seen_family,RAISE,LCM_lora_sdxl,,LatDiff,not_applicable,50d2121c2a82e4ee404ac0ccd0c83efb654002c615096c73cade2e5f6bb38376,80f07f3f80c03f9d,20260828,7d4a74a88d2cac93b513c0853bf92c260eaceea0,data/CompEval-00376-of-00413.parquet,0,13,3264,4928,TIFF,17614922
cf_test_external_seen_family_real_fdd5e4b3f32aa739,test_external_seen_family/real/cf_test_external_seen_family_real_fdd5e4b3f32aa739_000004558.tiff.tiff,0,test_external_seen_family,community-forensics-eval,real:RAISE,test,test_external_seen_family,RAISE,LCM_lora_sdv15,,LatDiff,not_applicable,ea9125737d9c36ccc6cb8569f675d771a8707d8e5d1effe32e63b24d15e85523,d0ee2f10e42b36d5,20260828,7d4a74a88d2cac93b513c0853bf92c260eaceea0,data/CompEval-00113-of-00413.parquet,0,5,4928,3264,TIFF,24271232
cf_test_external_seen_family_real_fe1b18fb9e18f3b8,test_external_seen_family/real/cf_test_external_seen_family_real_fe1b18fb9e18f3b8_000000853.tiff.tiff,0,test_external_seen_family,community-forensics-eval,real:RAISE,test,test_external_seen_family,RAISE,kandinsky_2_2,,LatDiff,not_applicable,bd247817af218fbc3b1723edfd6eef02558cf7e63c88d9c83b53e1977ff62e43,c09cef6b8b208e37,20260828,7d4a74a88d2cac93b513c0853bf92c260eaceea0,data/CompEval-00160-of-00413.parquet,3,21,4928,3264,TIFF,22332004
cf_test_external_seen_family_real_fe3f6dc1d373e692,test_external_seen_family/real/cf_test_external_seen_family_real_fe3f6dc1d373e692_57445.png.png,0,test_external_seen_family,community-forensics-eval,real:FFHQ,test,test_external_seen_family,FFHQ,Hourglass,,PixDiff,not_applicable,9b9b330b79214422f6720629a85d627d80f6ee8291de4c49ed67de744706d79e,9eb2c1d6850bc99b,20260828,7d4a74a88d2cac93b513c0853bf92c260eaceea0,data/CompEval-00105-of-00413.parquet,2,16,1024,1024,PNG,1479811
cf_test_external_seen_family_real_fe5d01d0fd56066e,test_external_seen_family/real/cf_test_external_seen_family_real_fe5d01d0fd56066e_000000287499.jpg.jpg,0,test_external_seen_family,community-forensics-eval,real:COCO,test,test_external_seen_family,COCO,DFGAN,,GAN,not_applicable,0361adc97da915782162c68e178d055ffe22c23a76ee2fa2ee88e422a7b2da4e,e6d69911eede0131,20260828,7d4a74a88d2cac93b513c0853bf92c260eaceea0,data/CompEval-00353-of-00413.parquet,2,22,426,640,JPEG,49352
cf_test_external_seen_family_real_fe673c9210da45ff,test_external_seen_family/real/cf_test_external_seen_family_real_fe673c9210da45ff_00020626.jpeg.jpg,0,test_external_seen_family,community-forensics-eval,real:LAION,test,test_external_seen_family,LAION,Firefly_Image3,,Commercial,not_applicable,01f7ad18b4fd56d543d46d1479efb4813a4824729281703f061b8e0787962927,e1d2d8c79458dea4,20260828,7d4a74a88d2cac93b513c0853bf92c260eaceea0,data/CompEval-00329-of-00413.parquet,0,21,2500,1875,JPEG,569005
cf_test_external_seen_family_real_ff424b4a8639c939,test_external_seen_family/real/cf_test_external_seen_family_real_ff424b4a8639c939_00049860.jpeg.jpg,0,test_external_seen_family,community-forensics-eval,real:LAION,test,test_external_seen_family,LAION,Imagen3,,Commercial,not_applicable,5f0766ec2b7b0af28a25bc1d6090c7873da47f845fc196202ed6b13fff3395f7,fe6ea06885a196b6,20260828,7d4a74a88d2cac93b513c0853bf92c260eaceea0,data/CompEval-00167-of-00413.parquet,1,24,834,560,JPEG,55520
cf_test_external_seen_family_real_ff7eb2e8449e3916,test_external_seen_family/real/cf_test_external_seen_family_real_ff7eb2e8449e3916_12986.png.png,0,test_external_seen_family,community-forensics-eval,real:FFHQ,test,test_external_seen_family,FFHQ,Hourglass,,PixDiff,not_applicable,dd5b1832a98dc4625d5e29881cff3a597fa34eec74fdca9c477c37771ede2255,eae161a7e780de88,20260828,7d4a74a88d2cac93b513c0853bf92c260eaceea0,data/CompEval-00106-of-00413.parquet,3,17,1024,1024,PNG,1389321
cf_test_external_seen_family_real_ffd6e6171fa7a2d2,test_external_seen_family/real/cf_test_external_seen_family_real_ffd6e6171fa7a2d2_000000273692.jpg.jpg,0,test_external_seen_family,community-forensics-eval,real:COCO,test,test_external_seen_family,COCO,DFGAN,,GAN,not_applicable,09d281b78b3545dc9d479210df9aaa38553d8047b5f0ef731556a4ba65f50e31,945741c16ebbd54c,20260828,7d4a74a88d2cac93b513c0853bf92c260eaceea0,data/CompEval-00352-of-00413.parquet,2,22,640,346,JPEG,53134
cf_test_external_seen_family_real_ffe4afafba959e5f,test_external_seen_family/real/cf_test_external_seen_family_real_ffe4afafba959e5f_00033979.jpeg.jpg,0,test_external_seen_family,community-forensics-eval,real:LAION,test,test_external_seen_family,LAION,MidjourneyV5_2,,Commercial,not_applicable,ab7f3e6a48c4bd001f127bf4d42e68375add5f1e7ca3590f44913c56dace8d7b,faa54e60859e899e,20260828,7d4a74a88d2cac93b513c0853bf92c260eaceea0,data/CompEval-00368-of-00413.parquet,3,20,500,600,JPEG,41918
cf_test_external_seen_family_real_ffffab70560a4df5,test_external_seen_family/real/cf_test_external_seen_family_real_ffffab70560a4df5_00031644.jpeg.jpg,0,test_external_seen_family,community-forensics-eval,real:LAION,test,test_external_seen_family,LAION,MidjourneyV6_1,,Commercial,not_applicable,7d4247f69aa1b91de8cb0bc2d18074f3b5afb1217fd84c89759120ddd29978ff,a7b32424db286abb,20260828,7d4a74a88d2cac93b513c0853bf92c260eaceea0,data/CompEval-00281-of-00413.parquet,4,3,889,500,JPEG,57912
